37641
18628
2432
38537
9775
41375
28935
15141
8185
57588
15210
67416
73687
58550
81346
56333
55514
51089
77997
42319
71572
25532
55848
11288
18060
19779
2951
61936
59732
5988
34446
25535
64573
12745
78411
29897
26240
52053
9376
57308
69613
69371
69284
6574
34664
70249
47952
23068
12455
45808
27191
64466
44286
21987
46639
24596
81181
72330
13988
23623
78324
51840
60418
61287
10191
75227
31240
24013
46191
42795
15165
36900
47981
53691
70145
78960
82527
24458
1195
26962
49359
58144
70779
24789
6358
29157
16952
16157
6038
41144
63175
24069
45768
36125
39727
66522
23895
47661
22693
38418
23762
58850
76195
34280
65060
22008
26429
76222
46213
22670
63890
60890
45585
29466
8619
36617
78048
56617
24117
71243
78208
30910
64957
37144
33979
42310
66273
57980
41808
81846
16478
30276
30970
65871
72908
73791
3879
14023
53166
59820
28827
63419
1529
51344
645
71718
48220
51155
54610
20614
76534
62047
13087
16504
69171
41095
58532
40107
35033
66152
183
28089
65351
77939
24198
42123
43882
49209
42910
20029
49484
81277
23212
12976
62656
9846
22269
7705
71205
76043
65024
33892
40437
30570
68781
27323
4563
80398
78180
1993
57432
82257
68431
17409
76239
25273
44100
11372
82338
32052
52461
36851
35705
16263
51786
71318
11956
64587
79866
5356
55028
20653
52986
71891
12259
55781
73571
47100
11268
23817
55059
82461
44555
34835
42273
78137
56316
48968
75718
2861
13321
18096
3428
66138
70926
19267
27275
50187
53042
53998
14737
40004
65712
13050
61700
69507
6911
3158
42028
7767
49250
4073
57427
1084
80915
28795
51878
19569
22025
28641
19561
336
54739
51449
39883
37817
70470
77199
76230
17425
50791
61919
77124
8129
78568
67144
68867
70375
48868
16897
46632
66645
51748
41582
82452
6692
24820
43977
17428
18577
67191
36729
46941
35719
71306
37952
42953
70692
43139
41920
82095
49954
3035
50988
17896
22565
22802
76671
21064
57960
40294
38738
59653
42550
58766
64346
26730
81702
14598
21669
68085
59026
65618
56918
68325
57359
79828
49501
10825
903
78871
77073
42985
20916
21355
33774
77869
65211
29006
61730
17031
3020
44242
34580
43020
64265
63005
71100
30187
73345
74194
58183
35537
62273
2823
66470
37137
57831
15908
47704
74216
38554
7908
32761
64773
65612
76576
9936
25648
37964
56604
70425
79082
17626
33802
32769
30376
54408
23233
13442
50753
9573
79053
73672
13088
34383
13466
31088
29778
6706
10228
40186
55620
10168
41405
72636
63711
81304
20864
7304
16891
80362
1018
53463
69062
9919
67532
38086
22959
43568
58663
10458
6890
59214
33920
5823
28586
45497
63555
64959
59856
13537
78780
75384
8235
80570
7272
82088
74857
48958
19601
62624
2011
79039
53782
52000
40485
62812
49747
40435
36353
70003
22353
76853
65317
75770
61639
70295
13554
44935
27854
8595
50190
32635
22252
36199
2497
11532
11567
68368
70167
81838
3353
77392
4564
7404
55180
30554
42237
38541
27795
73353
20515
69669
46827
63263
76959
70210
32314
7689
66198
36411
41779
50983
76525
37895
4587
50940
6821
22512
2967
48366
80537
35688
15721
41696
44163
56203
78201
28902
26250
35528
73121
28013
73465
52900
68817
9267
51758
6759
76439
54688
71898
39953
27913
78254
62677
30009
40818
49304
37182
47925
7956
52802
13522
45820
37045
82392
64530
34645
52749
5657
62946
34999
42870
41674
44109
1810
61027
51149
24213
21104
48712
82406
38850
15539
14752
54152
33189
9839
50555
79815
82509
12826
45173
33944
81528
16939
67653
19467
36460
67940
81934
5867
58109
76490
26571
82382
6035
2021
62860
78491
20133
45536
61
75010
12992
78125
47814
78617
40962
17444
40170
60228
72150
49052
47653
31137
55142
69689
71425
38186
76092
69010
79083
10931
42918
35398
62412
4676
53370
63827
28443
65304
80342
55679
70887
64805
55911
74184
77811
10379
44939
68481
42207
34716
14840
41797
81390
39298
4124
61197
23953
36054
12146
6981
57626
18930
25504
70567
32719
48012
27836
59076
81032
10873
20815
11928
8754
33642
40981
9285
25721
74891
24947
32209
51018
2316
69910
72022
14104
58589
23253
58619
36535
63421
23277
12222
63776
44187
14550
10365
48647
29797
2334
71013
80508
47804
39020
897
81507
76137
3336
20180
74541
5453
73273
48587
69356
24703
21592
8646
8850
72003
23368
82057
42653
70457
65933
17493
29870
15564
60906
55212
77245
76583
2149
45117
31765
34910
10780
66688
72945
332
12151
55799
58435
54888
47601
60560
77227
35946
51693
52404
41923
17017
9372
15021
72436
74562
79969
17846
23240
32527
9234
82443
11678
43376
7785
46021
80037
69546
74952
28342
11092
34735
35396
75132
49940
51509
15188
61260
12143
661
56951
36673
60981
39088
35010
25746
37011
73088
4911
51536
53401
68255
51841
51833
49713
64253
8420
26979
69896
12666
5408
68076
48157
14818
52878
16220
67206
6288
50678
10929
51165
51315
1573
82396
3487
19968
58608
71235
11492
33382
30595
80845
49515
69460
14601
60761
45307
34599
50561
19252
20717
53235
70157
66832
60746
7831
70511
46988
59062
26340
53295
70958
66465
15087
9483
61453
68451
72742
3866
53536
52283
49869
74238
51530
14907
57782
68037
28779
24234
24133
13681
22213
47220
48329
31583
7111
36081
28207
64359
36894
80100
71389
1378
58781
58119
76716
70657
41495
55314
72476
66351
69782
18508
60328
4666
59717
9146
46531
24564
66071
68915
45158
76282
6339
63361
36108
9913
27240
10457
67344
44506
14336
48060
35758
26178
16539
74663
78116
9260
29320
38451
64255
31133
78990
3912
8528
69208
26280
76451
78931
53427
35009
34332
41039
51266
30536
27213
48263
45034
30753
69406
56895
3578
59907
77384
63216
49293
8411
49653
23662
40892
81582
39037
45812
43131
54656
60038
65736
47584
72630
78002
64080
35301
25600
71173
593
57598
46792
1274
61319
7828
25423
68558
31433
42169
15830
7249
2825
36961
55007
58063
4064
64225
33118
37152
77252
77131
25469
41340
79895
66097
36561
80084
59092
36882
62039
38803
57304
63343
31098
6538
19493
69452
78878
54630
44478
32936
3510
41791
43902
58862
57862
15204
11481
43836
48351
53909
43052
78218
51104
54375
25045
9538
33970
32814
76858
75560
61265
81924
9889
81796
18865
50357
73314
12551
13240
19341
19495
47632
38694
70338
40431
61683
29740
4985
7258
77114
31474
8348
3267
76571
15379
64327
13997
79167
1746
67753
14152
39448
54488
18352
29069
44956
77777
21588
55135
46896
64624
13880
8614
48150
76484
72552
59692
55591
56
25247
4381
57579
9134
50804
80355
73296
54309
59250
39732
33597
52485
76673
81733
66675
61250
5947
10675
26433
14587
80329
54986
53351
64914
6366
6600
27827
37770
54808
62514
54032
22033
37199
69312
76248
75862
25082
52719
4889
78978
59765
51719
12591
10588
74409
70197
56103
73032
47946
64610
44147
56812
53186
57419
20800
26894
5617
59660
30625
65862
19593
36368
79297
27081
69339
7909
34494
50735
77031
62674
44873
65469
28911
36240
82020
56464
7903
36710
2416
19204
5029
60216
23288
80112
22480
30339
9287
7852
54355
62256
36034
15236
46297
14331
81269
65624
81923
9402
50442
65774
20314
45665
29600
65038
26734
70384
58289
4434
192
39759
82375
60568
41646
38669
70108
2570
44485
68532
40884
78768
57723
74696
2754
40778
23833
71443
30531
55452
43039
45121
67468
23268
40298
38273
12036
22065
77659
63838
56138
70189
66404
12846
28753
39222
14406
81915
28187
41294
68267
39380
18878
9796
31149
58022
45864
53953
39022
540
37725
920
69053
80138
66144
25027
4771
68245
60247
13002
9492
27712
63049
44042
21221
45778
81744
47762
77214
930
6876
74330
42011
44772
61060
15030
77066
30534
74309
47650
75959
67248
41562
29966
20552
13165
24309
63636
82255
19092
36635
4578
13621
81805
55952
49994
24370
68607
81183
14212
57251
36122
82016
48987
82550
42720
28287
75800
4462
82083
28459
21646
61583
38691
24405
30659
28856
76776
71012
81738
13354
74531
55486
69577
5315
26095
57918
74775
57575
74314
56063
1658
32826
29011
66925
4553
68881
7504
74360
21677
80108
80610
68982
44289
28233
73986
72473
17415
38528
46255
25016
58255
49705
23815
74063
22408
27008
36559
52078
59138
69120
24259
40865
59901
39195
65012
46733
31757
61241
19326
40420
37392
10304
6903
28446
12912
56262
32082
51823
55501
9191
47592
66696
77900
71218
54207
46924
1538
37032
79186
36173
81697
68256
81872
11743
64280
54137
49837
66164
29448
4049
55097
14463
8209
36228
708
28961
79069
52381
56213
55495
62730
67021
53563
56234
3469
41061
1564
5298
56040
18360
1256
3705
25362
72310
51443
68770
18728
61294
75442
1970
45072
23284
20301
17596
82275
9737
61493
33240
53256
38428
73743
33815
52503
20628
32132
75641
69802
42421
52218
10876
77549
50799
57526
42068
58808
44351
42334
67579
72960
14002
10564
50510
47491
33080
49493
78566
16755
64442
68275
54315
32568
54929
14608
51193
36322
58596
66914
26077
14905
18896
25985
49827
81249
30921
47622
47612
82479
43852
30641
53325
43601
74734
25701
50981
67275
38622
46438
82038
50699
27673
8746
59042
41052
48504
32522
12526
73734
57804
77912
14641
78420
71064
29372
76773
19757
75181
1462
57741
42003
10952
77468
56790
78937
28613
63379
22854
40479
81357
45330
1238
72234
39279
65852
2275
41241
68445
38042
65430
51364
18794
59106
39851
58610
58883
43061
18320
78390
74169
41577
48443
45244
77564
57380
55074
63413
46519
36404
38134
14520
22862
2798
74575
41941
78779
54417
3288
76935
63702
36565
73962
78939
55548
21404
15158
13663
63597
63453
49338
40711
67743
14162
9644
13262
72034
61403
34702
20729
26314
62975
68550
53686
74277
40243
67563
50851
80436
49213
5798
13327
73149
76662
34183
77292
47792
54291
55460
21923
73948
55066
51661
41047
51654
79551
10376
60988
75735
6337
59723
15112
65549
61091
64237
12622
60922
29528
22187
21180
23355
22272
3155
68571
63667
20704
43247
33260
33452
14517
8035
14825
30845
50203
64131
8371
22128
23045
49988
522
79533
81098
47732
78316
7534
47006
15386
74107
82210
34658
72280
75968
41843
34302
61230
42225
29323
57207
5675
34520
21149
41430
37796
76217
74807
10352
38156
1713
82302
3083
23633
56710
39728
1075
24416
32163
65025
42200
68437
75408
46391
79759
22951
18345
32226
51734
7646
77324
3851
75217
68155
37706
5497
40706
15552
57107
38809
28195
57992
63986
23570
69789
31844
23527
29689
11342
24631
34736
50886
19571
63072
55388
55610
63967
71541
73440
62034
1610
66857
26865
11271
17779
1134
17156
50072
16614
6909
81864
38172
27236
64227
52892
71034
37844
58714
82400
30789
31030
76141
66087
80374
1227
58923
31479
20790
70431
78011
46057
40938
25623
58756
54347
63153
19036
57870
69989
18505
35128
38703
80818
77603
79089
19946
14228
8987
76685
67676
45449
49200
29328
3392
68137
62431
11778
1963
67720
77851
62161
52230
68387
15245
35678
21381
55844
70990
52472
78888
63401
71138
33091
28423
26846
40341
43447
52434
53558
79416
73864
42560
27832
65556
45075
11631
50248
71496
2490
79274
76736
1919
30925
36297
48924
52815
49909
5676
40270
48474
1419
54328
27165
30125
28314
72285
56880
57122
62117
56852
80529
57141
79202
5642
20263
38992
65775
73043
69516
68392
74703
18832
51252
80209
45928
56267
3422
55369
38028
78497
29288
16398
33285
31579
11749
81880
80528
77264
71394
11981
37564
20075
32639
27582
69850
14219
42449
10653
6636
25917
14559
47905
59020
61119
53815
14115
24845
69643
11672
32895
436
4444
24765
50415
78717
57151
12693
39152
50575
75756
73402
38104
5727
61849
39050
72320
50885
36211
36140
82491
53237
49740
53741
3754
78033
3024
66379
56302
26773
49096
28612
16103
37455
51623
5324
41865
22258
2517
68667
15879
64911
40397
69144
4125
71462
39915
18407
55716
7348
75334
73835
15677
22938
45623
16097
74060
44983
55652
77867
33759
27262
4610
24598
77279
20775
82251
61969
18404
53223
79586
37574
61443
72089
41898
45994
54593
26402
54162
49443
10585
66348
13722
70553
45551
70349
23219
81131
24729
59530
35901
15133
63291
73859
35329
35839
38705
40098
74920
56991
81168
31454
28199
78641
9568
54569
44253
79390
76031
17014
14529
43628
76299
66128
28020
32332
13586
60367
35872
21835
53873
8995
55338
54403
77718
69129
48704
60861
38009
8953
17052
79155
36164
68205
45742
70419
9094
72424
7541
65596
39937
52117
4681
78832
65159
74423
67661
58976
63098
27422
33530
30450
33854
8149
55838
6372
76344
70964
81279
14088
79052
75263
30808
55964
41600
25726
30767
36362
44014
44774
79970
73152
50291
6407
65604
77520
46817
41163
66810
66839
62521
14580
23251
53177
47575
71142
45025
21288
44392
73098
80077
50211
61350
71943
18444
80656
45899
51890
72622
70095
47344
15493
75044
55125
81931
65244
40422
42318
70676
58287
63274
12536
15917
67217
47013
50821
64845
1247
42059
78158
54699
79501
70040
6589
5127
79882
19615
43016
45546
44210
6254
37074
45933
51737
16620
81094
54009
9270
54543
61475
4424
37
73576
46949
15786
77830
11041
3197
56068
64601
74834
76639
45870
75931
15281
5198
71483
41313
14015
67245
66072
73653
48287
71760
34220
12064
63134
49175
7461
62286
33434
17218
31114
29578
76010
830
79786
17747
57347
19450
67256
6310
46113
8133
32339
23000
58990
52638
56573
23508
29958
10907
46241
23746
21241
9669
76514
21969
61563
80179
82231
63065
52792
49834
2759
12092
41746
81466
35155
15876
39523
62410
7625
59128
44234
38735
26951
22057
37966
64969
67081
52269
29773
65661
25449
21432
9174
54306
50186
11685
62751
60313
62989
22334
19965
13687
66994
65605
47441
75038
73128
48914
48279
25892
79473
64690
5842
26811
73024
60787
31394
15096
40390
40697
28996
34905
3733
32810
42069
37937
12047
35655
72661
49151
28067
72117
25503
51564
50477
24907
72708
51588
57555
39918
30762
80370
41161
17313
57000
61035
53837
58416
44358
74437
41060
13032
17118
67122
38589
15544
64822
9170
6162
4475
26641
73992
44247
15157
73364
31312
82371
41423
4239
79876
57757
27904
41504
77126
59116
73694
48597
15430
75679
74159
52334
50798
32641
1489
12678
68841
291
7837
9355
68859
80753
17307
69902
67527
72653
79521
13706
16002
26338
15335
51285
5636
2550
61202
76009
41759
52956
73247
9965
45731
69329
65476
41481
72752
43362
79581
48193
72492
1895
4133
71366
22309
49399
55251
38090
28091
80624
17872
80730
35738
18446
46140
23965
78147
8072
41157
26873
11724
46938
82485
76828
77296
72393
35365
2349
34765
43195
29131
54069
34860
54427
28401
10493
2667
7884
72600
38842
15317
53864
27871
48112
60365
55857
79633
64321
41383
44038
57880
26692
81240
48273
76766
56858
50300
78984
73305
56667
61511
43633
78744
80035
78892
335
66627
29572
60416
5629
67437
13307
55627
82304
61281
34816
12483
32431
36924
31255
7202
59233
7087
60425
53033
63269
2977
80658
16590
24166
34354
52808
74818
78720
28141
39303
32272
19145
76707
44875
7228
2984
54277
77251
6433
53545
14200
75242
15466
27070
68102
80556
75633
20156
19941
39084
28053
11734
77163
70526
53993
10946
75978
29556
64427
10402
78242
10657
27608
56406
80504
21783
29520
58841
70057
12126
40616
62537
37789
20044
80401
16164
28805
52241
76866
82167
5350
27944
47030
24253
46722
46112
71616
41156
14704
11888
57341
28958
51340
19808
44408
20557
65081
59083
12669
66846
12299
14847
60208
73427
17255
39761
45501
73436
42817
47307
42208
61206
76880
55172
77794
80460
52446
60076
22607
2333
68886
76693
72107
79280
66887
4516
53662
43674
34796
40468
47134
25635
59836
42797
57021
65767
34660
6259
78684
57364
55771
69980
77369
77953
82006
23606
81285
27177
55730
30610
10648
39247
43006
67693
42054
45084
7273
69099
21591
2921
12055
3664
43304
9396
30676
46420
24569
9584
25628
72515
26926
82311
79610
29206
22657
80629
26556
43026
72784
6017
33464
53599
65141
22410
51935
17866
32006
19299
2456
2930
69587
36009
78271
74710
26377
43209
10474
11119
18400
41936
8412
27185
39825
67347
42153
39695
34518
42685
11793
77287
16670
44822
71808
78110
39462
38267
359
79343
12074
32012
39905
60544
41551
75310
12310
51527
65947
71465
51398
73649
53554
35325
26514
11984
41987
38665
71316
82222
33746
33024
71763
49109
64097
31378
7209
68024
66385
23010
49106
3104
46459
9996
46947
41685
64074
68690
50482
12505
80379
20476
79976
55883
76363
26550
63195
58451
1859
62354
80166
72209
23397
52070
75658
62188
66605
46969
62108
14935
23024
64894
46273
59100
5185
31179
39010
55258
35352
48888
75350
2507
29759
9790
38883
42087
78704
27520
51232
21122
78131
53565
6951
27333
69836
37609
57591
38236
19958
4535
6531
23193
52086
36301
22316
24109
57938
13798
70966
3113
10323
242
33205
55891
15659
77178
43880
72698
6626
41008
29302
50401
17902
31700
18708
31806
46838
24143
33800
68972
21147
62880
71535
35208
890
48423
69833
71864
63514
14502
40265
70204
526
71933
77154
37539
57083
40726
53113
31008
69591
37502
55943
69340
51632
44317
41029
41349
71981
2727
26386
56278
14371
65497
26468
70430
52718
12476
80659
74154
2991
7104
20919
70557
66623
2939
57389
37762
27689
49732
5478
21350
59209
30042
34278
54910
13731
28227
78753
35024
30236
37941
65030
75937
58224
11468
75745
73546
4492
19896
73941
47241
25756
80950
20752
40477
10971
58828
46857
46764
8457
37266
73329
74882
65324
70606
80410
6739
12759
52692
27359
66527
58814
60596
14173
17512
37947
5073
28400
42572
30096
61790
46130
38493
72017
21524
22196
41713
50316
17707
51893
71286
37611
23483
3366
37868
2371
15645
74448
18854
26826
76140
79608
45523
5852
33563
80927
38146
33461
25439
43442
6539
9754
10248
50005
19540
33938
78585
23020
11757
68105
23754
15609
78468
79960
34776
75252
15744
21446
18710
63791
68120
68321
52005
55436
27729
40457
48820
15612
46999
78373
51048
81721
9773
36115
76670
79180
28148
58718
63722
50977
71766
867
71916
27215
2290
62759
33783
67052
46848
70369
1199
25545
27353
72140
1657
72971
80592
49046
69358
71106
31822
38504
12953
77732
49648
80743
35549
36831
67820
71621
69398
46846
65112
39483
24594
32092
79625
45349
48075
46385
51874
14453
23855
80071
78252
44762
31443
65880
35282
35220
70982
53816
5737
1112
307
34558
10663
153
52252
49641
22404
77420
76989
4335
37624
11907
49040
10433
16439
10803
28264
77539
66258
70289
108
63938
36400
11694
7022
65256
12854
2988
57172
37120
21974
56029
29181
17335
82247
57528
74964
67488
74550
24750
78509
3523
60007
72230
46019
79021
34588
79461
47179
8224
25734
56327
59935
49895
60121
13550
8056
60148
7796
73167
57904
77634
60626
54269
37218
57460
43952
32846
79193
71814
27536
49668
34241
31892
45231
75953
66744
39688
55885
21545
80018
65454
34458
38283
7188
397
81964
40947
34986
78902
48544
19216
21529
21019
73196
21014
10833
30397
60936
31142
58357
27617
61461
78991
12356
36840
52923
26525
67803
5279
79696
49778
51129
11136
52184
33276
70412
77400
63282
26497
19189
10010
78586
10515
65409
43993
38212
6756
47074
79963
76401
50356
25770
9201
13145
3501
46568
24277
43064
68109
2123
51164
14593
32816
40076
28044
45335
52060
4650
13180
22519
767
21547
78845
40446
30263
65799
81271
74285
32909
68034
13812
5366
2866
44893
74866
24878
56379
49686
48785
40863
71008
75946
65906
34083
6348
48028
79966
32079
10959
56290
1165
25388
43134
31510
77752
76557
66986
23747
36767
14805
53818
39184
71494
36666
17722
24799
18789
7970
70858
25152
74187
48802
41488
34506
6401
80615
35257
70218
68377
18720
24490
24230
73228
32925
14349
44891
145
73207
79515
23569
69048
50757
40918
73775
29137
63311
39316
70155
7680
11402
43839
36438
75951
79255
3253
68868
76463
39544
49506
36461
67329
4385
40896
81555
210
79741
8913
35489
55496
22532
6027
35605
30814
46007
36284
80793
56306
72865
11988
16532
71000
78209
78968
7520
6650
71209
70604
62140
27853
59298
5259
568
79919
72068
23596
66660
63107
58166
19244
57542
29412
21396
63487
1856
48834
54100
7528
17040
61920
51967
74914
70677
73417
74571
2607
80313
54068
16964
32063
67176
19126
14261
30107
64313
31971
42828
26072
27486
58575
12961
23972
79702
80728
13026
58692
52265
65968
21709
11924
54559
39232
34078
62834
40116
59888
77974
59707
72324
71988
74504
75209
61771
63531
60529
65391
10568
66246
73070
24327
54086
66504
30415
52091
48101
58629
70861
46983
76333
8706
10088
72983
78836
45906
54798
10201
56537
63136
22982
71868
76080
48696
50865
37443
259
3223
35633
61231
61476
39841
26346
80762
62648
15563
73551
42808
5034
52196
69489
53139
74598
42440
24927
1946
6020
47049
43975
40634
49661
30987
30000
6940
9950
76508
36023
50824
47562
54639
50725
68334
1505
30443
71568
33605
27844
73516
45401
23683
36394
69522
65677
50530
67304
9667
7892
56066
64175
25047
66906
28971
11324
73951
51779
9947
41436
14073
72590
20798
7669
8844
75148
8259
38915
62209
44179
6012
4691
22754
20246
71525
35393
17773
64067
53002
12249
45439
81225
21609
21993
47334
75326
31415
50608
32506
42963
31352
51381
63099
16805
76096
52094
39452
73297
69764
58334
12781
57940
451
57653
46091
53247
77219
9304
12026
78633
17536
37619
78599
1023
16031
61367
36925
44311
29170
75921
30158
28331
36764
51968
19174
82471
53793
12319
45150
68145
28106
41397
73630
16639
81123
35885
58331
74975
45600
37837
44580
72183
46917
57339
78854
43818
74578
55805
52350
13909
76502
75486
68094
71296
70849
45985
52507
20235
31327
34240
8571
21081
60000
20101
66626
56017
21578
5240
52008
77508
37959
52263
28895
77278
35641
516
30078
34784
73490
52790
14857
62764
27785
72384
40808
24552
21856
467
19012
44520
39721
47478
61311
60492
79630
39547
30271
43263
67038
68565
37923
56787
13134
41676
46043
62506
60673
60796
21259
70905
72534
6547
39120
66807
49463
36541
14197
47524
40338
74040
4255
57948
80063
1988
4948
45283
38462
53919
33424
20051
48995
33791
48082
52144
38295
55039
43610
63506
31508
43966
33682
19864
78161
11844
12598
25230
35562
49938
28570
31151
72037
28304
77106
3764
80282
3382
82229
25236
23358
17340
76521
30919
45042
78592
15147
5709
69135
21308
58920
71337
44653
73357
49135
77188
81672
49933
34184
51597
79811
79372
13193
77707
69309
2910
50152
53583
28261
45241
4921
15706
51683
45839
24203
69684
79057
23578
64061
37274
78855
13174
46067
46377
74421
59160
11977
32107
72939
28987
77247
68191
64534
2642
20137
67312
45860
72609
79662
13372
49904
20871
12101
34161
30198
27616
37202
43177
29239
79248
43521
21293
54118
49456
1427
23809
27
44369
67695
27122
79209
30334
49188
70240
27817
31854
3530
23388
31873
19485
34287
1126
21414
63467
3840
34823
69911
187
13860
77864
51000
75941
75547
52273
77100
72301
22678
13106
66896
27393
41439
12069
28338
28580
1578
78959
32000
20214
63017
61852
19218
45453
2680
36467
33204
16605
942
76678
3686
25796
16143
56983
58441
76905
32421
5887
69867
31089
10569
5592
80488
57768
78809
38507
31161
68345
19578
15886
40661
62240
7131
22902
5577
32509
76946
57356
16306
29177
30509
39168
7128
50954
37227
49482
5426
69231
46107
71506
56187
73591
72871
62453
80413
69111
60120
30895
61248
14177
62824
60770
11606
14561
48231
11791
29663
29394
8907
80274
13741
13837
54553
67302
2082
55426
344
62445
75396
54583
30409
24884
79150
47844
45258
44418
81308
70869
15043
77534
68661
67973
70069
79001
78476
55696
14301
53379
46952
5462
72504
74735
36804
23988
30567
7995
79767
74403
2301
79544
18056
8491
42292
38732
6674
23845
58207
56424
66450
17594
44
53763
36966
36000
16523
3637
79355
58463
53647
18387
31537
34481
17892
4248
52573
24229
59289
8338
14932
71168
39490
79648
10522
13852
56243
42506
73758
64024
14896
33564
74369
50933
4894
17970
42295
65923
60879
16586
3386
24296
21869
8770
47171
1
73828
25576
15410
55242
38614
3630
67130
65412
49615
21909
70474
2505
64765
22285
69478
56901
59827
77051
62087
54818
23401
48437
31168
8874
16429
74226
27478
76285
30859
33487
61308
55926
49979
75893
72902
19662
71672
74974
65651
51254
46967
59580
19725
9066
46450
24535
5388
9327
58490
33075
78092
46847
54533
55518
81803
14343
57076
76376
74251
18372
80361
82518
14694
52565
38903
11997
43736
28330
77335
9869
60095
55379
8780
58058
41652
9206
23759
49000
68627
81606
68994
76133
40268
82433
46900
13970
79231
78626
67864
15813
12850
13928
71934
61295
10682
7072
17227
19920
43300
63397
78175
2166
60836
51492
31517
45545
41872
37828
61547
68955
2835
35081
11431
22572
14131
63813
76446
23228
18904
26196
25396
14633
6504
73749
43035
25781
71840
79217
22344
79746
6226
61468
37549
65421
39109
21255
52714
26037
4781
769
29477
67262
2647
30436
72523
14809
68523
74792
70948
7732
11377
54823
34691
64217
6097
67893
28747
9690
6618
21085
4867
71886
75373
82439
13661
54989
33613
75113
51568
22793
58800
40276
64141
43166
1800
22585
68801
39028
8699
57800
72547
81813
79319
69458
38890
33264
7388
79175
72084
57483
51080
69723
62718
76540
71267
8263
18010
5764
37984
6095
41761
73115
6425
32157
38856
21655
32886
19789
40529
66543
11035
31488
73566
4481
29814
24785
19829
19936
3638
37778
38240
75434
40411
74243
11922
39857
7612
22542
70122
77569
42961
23955
15648
64543
67685
70489
17400
35682
39864
74522
47560
79836
68262
24933
2878
67477
61741
20381
76723
15896
82232
67899
10072
76208
7435
79990
70144
65563
81762
65104
57184
59754
75460
9701
38835
36574
24425
46634
56178
853
74058
6475
41112
80698
67232
31429
49267
3145
48223
11415
77643
53232
4722
52360
32154
67012
28090
66365
58878
1818
15860
77787
5527
75790
11004
35040
37272
22836
60025
47407
38887
22261
51611
62800
39207
21774
68599
11168
46231
31550
7029
5648
30627
17606
73844
63330
19535
14734
42135
486
59411
40656
50103
25429
2132
56842
13771
15538
799
40019
28820
29255
63544
57067
29408
78081
48306
20639
60434
6153
66054
5381
64522
47891
2209
77588
65021
45515
54457
12233
39949
71563
73008
68330
47186
22038
53314
18886
25841
56801
79334
59568
43917
31591
49533
77135
69510
20433
71994
22160
56132
59760
56026
48034
1645
57508
60870
7590
50047
56355
76955
74044
50383
40972
9141
38059
70447
17655
9017
7281
24336
32666
58399
72200
35388
54193
36927
11547
79568
17926
66902
76838
77768
15260
9651
1716
13686
29299
69195
15504
71406
18434
28080
62914
46591
24917
43932
6651
80429
67238
13602
41258
20278
37438
7182
13735
78257
34984
45740
36863
80446
68648
32554
68514
2581
70808
31128
81492
6484
58273
43469
37922
4188
8245
2420
27340
37462
2326
43553
40545
36197
17502
61796
54939
57569
76477
24486
45785
4169
59236
65785
65276
23493
7571
52214
68498
64102
7786
18534
20642
71053
69882
23919
9024
11771
78177
45344
62363
65710
28230
5331
20207
12766
41879
16600
22161
38344
44075
9105
79712
30636
62246
55864
56511
31607
8322
24199
47716
77852
15598
11664
4213
25983
40995
70018
75872
19738
57101
75854
45662
24909
10982
27316
78170
37361
44776
73603
30232
36773
11330
64563
79304
38902
5995
72202
28000
37695
34614
20895
29910
44603
76027
31020
65522
24988
78086
7824
72736
30996
37586
32624
66456
71112
67712
5059
19634
25196
16526
9638
63684
78347
17857
62399
37404
65122
21881
64046
2954
13154
9694
49168
67636
39746
69300
70538
54598
66439
79638
41255
63015
43947
36578
42482
20852
9657
68435
77617
6502
4851
18933
27460
42535
53067
81069
72854
28074
43992
31524
62144
17944
700
16642
46542
7207
43832
8367
49823
68815
47657
21467
30490
47784
501
35625
77122
64963
269
12384
72739
77020
67168
10282
70675
39482
79100
63442
58552
19382
20004
4591
71423
70192
55255
5977
25060
19359
27337
26737
32946
18672
25861
8856
59414
46797
9087
33236
67539
59320
12215
38562
59868
80708
17745
37126
81250
46139
10766
34870
453
40960
42476
17074
41633
66048
7425
11399
26262
69495
39400
59854
3563
25856
2702
24836
47915
36434
53715
41398
18961
43436
30563
60403
14679
18951
45650
48358
29720
73114
24647
78950
73385
8535
49673
76702
57245
29605
47348
56045
8719
66355
69826
24078
231
66814
20059
21068
29933
18826
34443
18620
20600
213
20239
50858
23715
23577
75355
77501
34357
51010
631
49065
38651
75709
16665
56214
46902
80145
73530
36274
59564
64993
6867
40799
62813
59449
73851
78104
7063
48002
70971
19891
33018
37873
18364
78396
76275
78367
81525
41247
61650
5066
38488
32326
67288
52931
3745
62079
33231
58738
17698
73862
81201
28691
33567
7816
13059
68110
24280
62048
19608
6429
72099
3737
49393
45678
22393
17993
48511
9354
5429
43116
45577
46907
3871
62781
28355
37401
28231
73074
66693
10339
49527
75988
43884
46036
45494
50079
29270
29707
15714
57665
41534
46031
32496
46646
78128
36594
62495
29397
73056
22447
20162
53472
26295
8140
30090
28424
20440
30204
45388
52324
82018
54550
67737
63877
58487
48760
10232
9432
78724
46771
73447
38363
29024
10099
78315
14832
68544
50485
6666
53575
5234
70212
81538
43625
8667
16995
45876
55550
37428
73913
65504
9760
74188
41666
15160
5205
78129
1764
64000
80454
76103
21032
66871
75368
17284
64564
41555
13981
17392
20362
68553
1723
17820
11003
39155
75889
57636
72472
31619
32625
69963
52854
82364
29568
82267
63746
64616
72041
31362
66218
131
78975
51052
81105
20190
13963
80476
3403
79141
12366
29668
1349
14431
60614
67297
38245
73642
73616
53267
55662
59807
51645
38646
22933
28017
7168
57927
13453
15155
42230
58088
24354
3593
2469
56252
63750
2671
60085
21061
75757
69746
42387
60509
77654
39441
44820
21736
18758
75096
13961
33027
55234
76406
74084
68656
35975
63485
26119
21114
70077
13364
52697
21836
64043
41465
21273
63884
15072
61812
7464
1232
66343
55149
49126
61084
77805
73618
21874
65363
2126
18735
3811
41997
45695
67283
29368
13540
64513
18241
55765
75708
66288
54841
23520
29687
20899
54338
53490
36703
63859
875
3805
59846
48044
45352
68470
50709
24671
69755
1845
73905
31156
5970
41438
57803
62265
53357
22696
59826
18042
46335
7988
35035
32962
45376
42857
40752
32271
80973
26740
22201
81456
70051
40405
65458
43007
24723
26090
70424
49462
65854
45369
2848
71895
31832
32385
33084
72839
18511
59446
62294
79794
26718
43766
64901
52588
78285
55863
2257
69666
78025
7722
50767
35216
48378
26062
30221
43775
66804
57906
22850
19384
61524
48827
42696
1415
5106
33065
58079
59439
75996
66825
12925
66919
65050
66511
13164
4799
2576
8012
31867
16282
20357
3804
81670
80124
64694
28416
62131
62591
78356
66820
79572
32965
3884
36380
28280
68161
57692
25495
24147
46987
54139
39351
6977
80391
40215
62427
76412
73784
78014
24587
38524
82220
50511
74472
1827
69817
3120
6500
54149
49848
62963
70187
7776
528
80871
3169
20234
72679
72898
3097
26271
58972
8363
77512
18780
15334
40888
23672
17813
11279
71388
71242
74190
74957
74429
49346
28705
43084
20288
16475
35406
47382
40839
38853
74898
3045
40677
5288
31009
21453
73875
58305
20389
43272
49651
23461
76811
10218
44136
33523
15627
10384
81573
65176
40083
47288
14497
9702
31241
59519
32518
11311
68203
78556
69706
74343
1773
73657
63454
35289
52824
66510
45957
63898
73498
9970
11364
12562
34322
22724
71873
36473
46750
10691
17761
28697
41388
13921
77356
30738
75431
5542
55300
60916
30586
22987
73583
18707
74896
14648
24741
34478
73170
46458
59916
49649
45249
77208
78692
31856
40833
74231
65832
44993
17103
28473
69955
43529
54954
47122
19747
82180
5549
29941
77893
61938
1920
76966
34058
2947
62954
62301
37743
75080
47776
25691
12415
34049
44612
59593
75537
14472
37453
15352
5000
36016
14007
34254
34871
41357
27413
37330
29115
46303
65345
25128
41390
17621
49803
49129
56637
24630
74657
10903
11523
37730
42264
31302
70360
72273
47263
1980
31337
49862
22906
28648
2712
74766
53
27494
81256
25566
71058
64186
73818
70158
19205
34223
71928
16859
8424
70616
70166
24682
15788
54215
5161
8739
67077
12817
735
78329
10817
38304
76890
67471
52175
28451
45978
80291
59614
856
21254
10468
13713
42505
67971
70734
29787
1780
67835
79761
7748
57580
13844
15403
48202
74697
54633
34394
67769
18102
8589
40084
67962
26596
18519
20686
65835
39216
50364
8499
9001
22508
37634
75727
52703
58926
29849
67311
20623
30517
34576
79912
66989
50056
963
44512
55830
52112
5252
62762
77083
5507
1189
10193
62571
66395
59511
4099
34368
67197
25169
37787
50857
49689
19767
22552
73091
2599
69807
60716
29427
51949
4873
15439
58185
56388
29187
27600
49369
609
45175
21282
63301
6271
75034
47571
30903
51177
4460
47465
5909
42729
789
79368
58993
34568
70716
44005
31747
28332
62821
54381
73141
13630
58670
9503
7340
81134
71778
72819
14381
13971
58037
59667
30470
61594
12208
77623
73744
9506
81945
11505
21716
32490
27118
71747
18740
29892
9540
9462
74458
48322
27511
24604
55287
40174
63619
72220
49020
69468
68181
59283
52840
15001
33473
64775
27543
68159
26288
4324
9495
9518
48463
76651
33196
68682
27284
66265
30724
41124
81316
48136
62525
1261
13761
12186
61645
5783
57155
25098
60078
16045
14544
68587
1124
71515
51741
4370
39276
20332
74586
46048
64003
7262
42363
50353
31670
4758
7624
25032
9330
72864
52913
59438
755
74054
76351
31461
47449
40013
21889
71628
37679
77858
34122
32372
72585
44341
20002
37019
46685
57814
54181
18941
23528
34845
61723
42139
33965
62321
21034
5559
50311
73646
43488
20939
50424
69018
44219
47432
76823
37685
82238
59641
33718
52333
75402
16316
76015
48484
59191
60340
38825
16844
79665
14150
63564
53592
64459
31104
3061
27446
75449
62444
74062
40572
1487
47161
1928
76455
20399
22488
913
12084
69693
74679
77453
65220
21928
51058
62296
36917
29165
70133
34891
60703
20984
8727
61383
78996
19461
15637
40549
75491
58668
75280
2779
65952
73663
62433
48308
47438
64917
66195
137
32457
31426
47230
48637
66373
29844
5566
9314
44027
10674
36856
33348
286
72919
35320
72020
40755
10269
7225
74745
67729
56791
34137
74098
74604
36052
37720
14364
61437
47150
53795
18228
12800
55633
10035
61055
16349
21672
57558
23931
80104
61823
38106
64647
20992
36844
71119
82294
26986
30526
49086
82073
1294
32432
51141
62650
16136
79427
71447
36378
78865
54053
43821
49993
2010
49186
48740
27256
59405
39760
14639
28093
66868
56738
48384
32547
46863
10598
62091
26619
27872
48365
19984
112
59029
17046
54894
14275
63929
69538
70
25870
35240
66563
20759
44294
66954
54054
42241
36707
80836
51035
691
40638
22785
47711
25477
40082
23114
42858
33453
14287
21038
36100
49531
81766
66485
66577
36950
34697
32713
32862
44719
7382
12552
75789
79567
39472
53440
62773
31857
5418
23356
46119
14019
63162
53613
82177
80595
56872
79131
46962
74294
34397
70938
15292
70231
59676
8700
37172
27170
64789
28607
2541
29716
15671
21549
53982
6544
49974
30098
24060
72351
3136
21441
15364
45507
32099
76926
82013
29053
81121
14450
47888
22085
47250
16959
59430
47229
67441
63648
56750
51920
24812
29197
82284
65191
38911
4990
60824
1649
56019
17066
22942
56532
80443
52373
44903
31622
78009
76005
5511
10105
48653
3232
55019
3609
63593
19394
62057
43664
35416
29878
21922
24537
19193
79164
52042
11423
79077
76228
44352
31811
20469
36304
26895
4412
69081
41903
47266
29068
10025
48179
32729
58646
45948
80788
58371
11596
25684
17128
38980
714
1905
14440
61283
27808
82137
57412
61102
66855
45477
29503
41960
35860
10261
31713
51276
25805
61074
77059
77145
8227
53201
37887
10775
67570
26855
75542
32468
45111
29094
64368
10067
37292
50237
26589
66207
6973
21938
69556
38407
32290
6723
26010
17693
24124
16767
71720
51694
63941
43592
73473
72432
45718
72451
54518
26461
59483
14756
80752
12484
21512
63126
31577
5345
1173
45361
79562
10922
63983
50566
3290
34196
43043
67582
52097
51471
74027
46976
35824
35923
41728
9184
11640
54275
30405
57616
16739
63117
40573
50321
36250
53731
25624
49281
16869
72368
48153
55167
72777
2867
56070
80665
26033
44146
21231
56554
45291
39992
13447
21430
33223
63493
3611
74486
67787
19265
81018
12242
69484
19362
68402
6410
17321
41417
173
13672
54130
61225
58459
57016
60636
23718
41321
4536
47535
23182
7620
14725
74398
33626
73179
21519
34331
67924
10313
68914
71710
54007
43091
53550
68298
5020
59930
80174
81662
72544
56251
66944
47500
49268
57801
81404
76301
80471
38659
20668
25658
22138
8429
34074
58019
21167
56147
71883
67887
18790
34468
37496
68166
20218
64592
7688
12138
43115
7977
35344
33298
66297
68214
20081
69853
54479
75825
59943
5419
30278
77574
50743
52313
22777
26877
53552
43466
59447
36132
64759
14056
72261
64683
14035
57887
70928
43680
48412
9406
89
70269
33583
30152
201
2304
58481
41411
23587
67407
71602
62558
75648
51322
997
68949
37031
78976
32403
64249
44427
56910
72800
30881
81578
75895
13395
68287
65402
28784
58627
64591
20746
55901
74002
39558
7621
22302
12400
80810
6077
47962
12712
33515
50929
52882
72375
2811
8198
48913
41098
62837
6383
63914
32047
25557
62645
54940
65426
6932
30977
3654
46598
2845
59962
25606
81149
28410
35646
11946
78863
10448
3332
36294
4406
80847
56441
48534
53931
82198
16497
77428
62768
7876
72618
39266
6834
73518
48530
75570
33002
65200
9341
71264
78563
6601
59118
76871
64651
70719
58950
20454
61480
19585
4104
30286
40315
14983
82377
54807
48183
56627
81624
41803
20810
73157
71753
65035
75428
64336
38859
7196
6122
45752
43310
35985
57503
29351
49633
18959
27696
18393
59573
76954
27140
18082
70242
26999
69313
80768
77195
36550
31704
69219
25374
72726
75269
71301
61179
67856
65726
44578
31991
49609
37216
81232
42710
55921
60693
65890
15320
70465
7729
12905
71688
25166
33219
8562
13900
79905
78690
35843
47683
15107
77473
55775
28631
3264
61335
57005
23764
22617
40456
63996
62886
63340
76088
48426
39528
64081
39980
3641
65422
61615
47881
30119
51914
60149
72291
50367
25521
22604
28556
81997
24578
35725
53842
31384
39360
32842
52012
35092
64145
40582
5833
78042
54060
26451
45911
32178
47947
28867
36529
43217
14137
46009
54924
18699
42376
66545
72407
67408
21798
58929
3516
78526
57128
58389
29140
14044
7848
67293
18480
2410
17237
73002
77013
41424
2499
5597
65991
46444
8855
52437
70816
19452
63475
369
9561
26607
75879
65628
23904
31653
23548
39939
64165
56111
28223
3861
69928
34177
54437
36655
69046
5747
60578
67826
11250
53129
36508
25415
21933
8449
72859
79781
58094
82420
68012
47204
77042
24649
76757
63639
74212
27679
18955
69552
45222
68583
2233
74540
59602
42164
14248
54261
42255
52595
55382
33980
44116
36448
44700
51913
43402
15368
49435
18112
73990
24086
67644
55319
31969
52480
22884
52976
54859
858
74607
26923
65150
4841
77765
71750
45120
42644
54812
67487
21410
40802
79185
14880
25351
38369
1842
61495
11491
70481
39603
76743
1733
46577
41022
28137
54176
61038
50435
21234
13458
27157
82271
23824
43196
32995
25663
37191
16276
37095
75261
81592
32057
34103
28825
57167
23413
32683
22338
51371
958
741
21917
12362
21129
24810
6014
48105
67951
64517
30877
70851
17245
30079
46266
39416
53726
15605
45396
75049
74074
63217
36978
33998
72295
33138
67054
21190
60713
77563
17458
13269
60661
68240
76421
79863
48691
18801
64395
1104
38203
6182
63523
36338
2963
80192
58540
35569
29312
10640
20447
12377
39418
38349
29124
68315
16329
64282
45881
50591
67109
29548
18664
48734
18176
72719
39634
71960
81900
56080
68784
44689
25075
44844
80324
68527
64090
19132
75667
389
37419
62171
119
3102
20400
32627
35863
37877
22992
46221
77488
66893
17462
45167
76278
42434
45001
27114
5720
31481
69496
22146
49961
46369
48560
45738
22119
71152
60959
46120
75589
19531
36832
57265
61976
64068
27645
44667
41041
17750
24761
17738
27935
29706
54530
79558
72566
38452
16698
71777
73027
64851
70125
65468
46493
48936
34879
9783
51459
52222
54746
26888
23871
38495
44756
20889
41326
12329
16615
26934
17372
68624
80713
46152
69439
59725
51456
23241
73531
4394
72923
38776
79491
30364
970
43802
40488
27036
32906
81101
64221
82260
66766
37068
38654
5685
18642
17830
22525
44004
43795
15525
47420
45967
7445
69918
81193
68353
7049
27567
20198
11282
67375
75086
67667
2107
65472
23057
80663
6548
6169
68237
64117
65016
77260
69632
12391
21188
75191
15582
58351
37104
1003
27091
78449
62877
77683
34245
63406
27204
28273
54442
9468
60891
63088
72244
10364
59123
77340
56657
73104
55978
18774
30015
47677
82049
49820
51903
21791
75155
80350
50093
13952
35815
2740
20580
63760
5444
77652
25761
62924
14458
55253
33270
18357
43256
29030
53017
52871
78791
80010
40610
35583
64108
46784
52231
9214
72501
24764
35994
3699
44124
10354
73392
53451
59362
26092
62579
5241
6032
9004
45827
34859
65664
23889
18818
34925
4453
20843
77248
10425
71411
71077
80640
32353
65377
31496
39093
25053
70626
52034
27035
7352
43495
41188
66446
43520
39318
10532
16520
8691
49853
24006
60521
67364
69225
22080
65240
20183
48588
34433
71277
16385
36219
67930
72690
33108
46760
54081
70453
23279
77610
82133
20934
73028
76109
40647
56008
19557
62747
41855
40536
71195
2561
17564
3094
52173
67616
62817
15179
65440
43486
71788
57377
58421
13008
408
61187
69749
31703
12796
8674
21601
39370
7267
2075
25806
64733
40123
1851
9162
47157
67719
3090
11013
33122
32394
543
31675
8300
32219
4201
29246
25303
63428
24673
4638
37557
20644
2068
73731
59629
613
8039
49813
28721
79065
6283
8440
5314
4592
67503
58900
43012
30133
13243
8208
27743
10761
16774
77283
44861
65684
80155
10974
73336
69435
61742
7660
51422
19286
64670
13198
9340
63351
12120
11653
61103
44909
35591
58559
30410
79224
64580
58638
35853
58742
33615
22660
76980
66186
13116
35030
54033
31720
3552
53746
57321
44415
13075
2682
67316
25161
11559
41346
79783
18120
1348
10538
30306
12465
61155
58934
22437
81853
66008
18206
18142
10567
12204
12874
32616
67755
9904
75832
10064
7106
75693
66968
47104
25240
71414
15523
1380
74464
80801
81825
53524
34264
40515
81786
15448
9065
58198
38001
80671
11958
12782
59552
8196
22921
79818
10843
20014
11983
2591
26213
47880
32474
13656
70221
69322
48158
65546
82500
43350
65642
66728
38281
43476
52642
403
70087
78735
59241
32980
39082
81112
67042
69185
53631
66107
43642
46777
17264
81010
10135
34052
6328
31453
36715
77655
38469
4712
28873
68201
72228
21369
68755
50082
12040
1585
635
8580
36869
57854
66571
57286
65960
11814
24666
79821
45762
62342
21461
8870
16609
39607
38764
7500
33825
6452
68056
65405
2189
34456
63320
29826
53799
8898
74386
81821
61813
54228
6769
59344
77860
43317
28059
13073
5818
27242
79968
30686
7203
52161
15405
33408
13865
46622
67162
43235
46833
27381
78817
72401
43759
20171
70114
35245
41272
45061
63998
55472
18805
50346
52559
61487
52542
8205
60010
23123
47517
18161
67638
12586
68174
11820
37512
19994
22177
81895
9415
28216
1405
16464
41816
21761
56093
79864
23742
39566
30957
59863
55878
22622
17983
7417
73769
72880
7164
26757
9849
58133
1705
52981
34991
32698
41237
61494
69623
8066
81833
20327
2656
13499
15456
54385
34232
55515
36683
5944
239
78380
47330
11398
5774
17543
57851
11073
30110
16878
53413
77927
5964
50773
4351
28202
81421
6979
2428
76359
65487
42275
43892
47538
25525
69716
81630
36343
48166
52136
42568
51466
25552
69795
8279
17327
12695
19304
2750
34214
47960
41906
67932
36986
2802
64238
706
209
52767
2061
46394
39543
79252
22012
69531
69346
11712
32076
49212
31570
14390
67996
15735
63027
17556
82120
63317
37572
43451
8976
25709
62662
80583
52784
59724
30389
26253
17378
58430
23915
23081
26677
34162
355
31955
45411
55448
82410
13158
58813
66064
80229
2369
33770
14910
71157
60272
28125
66601
39296
11627
77558
69718
68576
66980
64598
8671
42660
24693
62473
48752
79738
64723
51726
47456
24034
16892
15301
72272
20428
40245
27966
65999
38629
24641
25405
11134
46547
58969
54708
19194
27025
57091
24514
74416
48722
78068
74758
7756
48094
11700
68792
15730
38573
75417
69381
12993
26957
71349
49923
39258
62378
51421
43753
12922
60134
40195
48895
62014
75761
20881
63586
62147
64925
32031
55560
12710
7341
34340
79422
59785
7854
54860
46473
17505
4240
80200
53462
55815
38270
20182
51898
48977
48122
67181
27221
29632
80526
52774
8956
39520
75183
34373
12649
22595
35429
72321
8979
4373
46206
23697
55443
62608
13799
26342
59308
31230
52101
72052
55325
16203
299
41828
49558
35073
49273
14054
2338
57402
52905
48814
36704
74455
67960
74655
32780
37350
30850
67498
69000
18317
74497
70665
39927
25367
38572
26125
62737
60587
69698
4392
77677
81381
38702
5096
49354
40067
75452
10293
38317
20768
42769
25874
31614
68277
25550
75781
69681
74138
619
66479
13241
26631
30781
33087
34487
22845
72556
43180
11590
37749
77545
65337
49472
7176
11129
35256
16173
49006
21809
48844
72173
73064
63959
12374
70307
74148
746
49147
26803
51813
70396
5262
21571
43989
25584
64704
30546
29882
59052
11941
21937
28153
20935
42877
74263
37998
11051
16431
63795
21984
64431
42439
18440
66397
61046
79349
26331
24558
50832
1479
42947
16112
20143
82117
45328
45708
28711
20415
45191
35932
24847
5043
76846
24440
81377
19407
53194
27349
16244
6006
6249
18460
460
76320
76499
23432
24047
26416
9963
712
61856
74329
44025
31793
3435
14290
61444
57200
63464
58069
49377
29745
21108
42301
68663
56685
70744
54123
26184
51207
15166
55538
32991
71505
24506
30572
10519
6613
72981
31759
15404
46161
28866
55794
67852
75011
7994
18815
27344
27636
1741
30638
58190
38338
68616
18249
19115
52390
28686
26671
49407
28099
68234
2446
13194
2889
35264
26713
54612
32054
80116
24998
28517
65444
24520
29039
43961
69148
19228
76665
11578
79016
69944
39087
76175
61706
30894
37545
31737
70632
77698
3772
49566
40933
62377
69204
34429
40208
45203
63079
3052
53630
10847
55307
10650
71964
67865
32655
42492
8366
50223
39330
15395
29644
41435
330
37842
57718
36310
82523
2313
10718
29883
39962
25927
47819
11831
62466
5169
63653
16650
49011
28395
81445
80
62846
18576
4243
2530
25485
53856
20500
18305
49225
5137
29761
53788
74644
44462
77591
47425
51121
41601
4661
18844
33479
58997
33378
25915
16540
40061
68276
41178
60754
66223
40351
3235
4899
28274
58566
49290
25933
17201
21511
46052
28892
20583
57263
24438
42969
30179
54395
9867
35070
54232
57218
66162
43101
36318
45008
37521
32883
19564
73895
42417
32978
798
62231
1317
17665
24614
44307
81386
12409
67919
68939
18612
18683
25106
64476
64348
4182
79440
74809
45052
4628
56590
36644
29679
66232
23324
40306
73926
31890
81956
32501
38436
37280
70498
78577
49887
6729
26721
33653
6790
69430
14991
20364
32122
72624
62932
42389
41972
19085
37410
54870
23334
69150
62080
13647
38970
7362
2106
29202
65293
36781
32564
68849
57721
64797
69253
27624
37086
67226
23677
44539
57081
66118
25191
73351
18231
74687
54832
80213
36044
80879
34047
38508
37029
20446
77262
57006
14105
34806
15762
77234
12095
79103
81948
42911
50702
55189
60414
2040
12292
65673
81769
43221
5789
5219
22225
39522
27106
18425
7739
14122
11246
64394
13919
43276
68723
16550
47024
48552
31774
33478
44792
61259
45941
49029
37270
77798
79375
66177
15581
25739
2403
55458
60888
47131
32068
73175
5434
77095
7844
29224
14266
30792
79042
20575
41221
46739
66613
29345
4014
70283
71593
23913
15559
35297
55282
71227
27313
11897
38481
37340
71642
64943
64810
31464
55477
18543
45998
4219
2341
50880
60563
73017
41525
38226
72579
40927
35597
60204
27920
35765
68222
52666
68699
14629
65795
27509
47022
10990
50838
10210
52205
32592
12157
44046
26557
2076
6796
24970
26839
13385
4230
14279
44498
70352
42189
59260
72010
15447
72773
29871
16055
4810
69939
60233
9548
980
4353
5397
36361
64558
64632
17744
76235
1179
8014
71472
55368
43163
60457
41926
71940
68820
26620
2815
77128
22273
12809
17142
7252
6355
50457
82190
81640
74669
57525
39834
809
70535
39257
50303
12433
10164
43210
53672
6015
52725
13711
73257
49054
35162
16408
43347
16735
64757
48114
16168
81760
39174
41768
52524
6782
45077
22582
54019
24376
6997
37415
23911
55749
66735
79917
44431
53301
10292
26417
59136
32853
60778
73324
64240
16148
28238
43984
59939
31691
9073
5557
3621
52416
76069
18016
25778
44076
68872
51027
62607
44448
12397
79309
2465
53460
18469
46868
67538
3724
3245
58480
15131
74091
30146
2481
46173
50138
72134
62423
50819
38127
51828
42045
35118
79934
66085
57644
34309
12357
40159
56728
11515
75507
12830
6521
52293
33988
61393
60013
49252
54301
71185
70324
56836
17191
272
19679
2900
6242
40768
14837
78419
15059
79980
81219
2248
40718
79942
52616
11823
52470
49119
5936
37461
60209
14731
64401
44490
52862
6278
13
18856
40685
67796
37156
48569
74116
1516
67389
80853
6994
60335
30243
27749
44197
61537
64621
58388
27292
61873
44288
12006
24463
50514
1693
54755
5584
46680
75200
69444
15468
35193
81403
74781
30707
13014
4599
53172
65361
31964
11344
79564
14399
42525
61577
22980
19431
45298
55642
4857
67131
58871
25071
12097
20565
54995
78825
53803
41268
63188
60344
62983
34610
6646
16876
68425
29085
17354
14579
33333
17260
36866
74358
75088
43410
19954
38792
52467
41948
4237
67862
13828
19701
28043
51671
74617
70936
679
41249
52983
13571
5660
30664
5525
56841
38118
65540
10613
4159
8003
13789
24527
17125
24424
14140
56247
53929
13298
12451
49606
64304
8165
8152
67844
82029
5176
58707
78703
52494
83
32523
77238
57929
55088
21095
32362
33666
12174
14642
45393
56170
16334
58301
38097
36891
2583
39341
20009
8281
56522
58225
47633
78217
43417
10115
18883
82418
27977
5113
74304
5404
8677
39187
31880
18383
32929
13566
4144
945
74872
53949
61320
37667
54499
4579
58341
39784
80936
32159
56034
39847
46666
59698
49870
59553
52341
21107
62226
59248
50949
39873
2164
21526
65210
43656
16512
50995
44618
24590
38723
28677
60386
44180
836
1059
64450
6468
61579
76991
8968
47375
76751
33011
79673
1138
27228
21171
5752
80920
65096
74239
42595
58154
50363
40539
81072
76416
20816
81473
58838
71941
23850
51990
17548
74258
56089
26115
17002
41918
18698
56759
18596
81190
52758
6711
15092
9440
59877
57824
16240
22003
28384
9029
4327
49414
60708
30831
23099
51388
39332
28370
4654
42175
26533
50010
56489
75105
41606
58114
20882
16702
60262
27206
39435
36489
9730
9637
641
69889
67213
6209
29060
17152
6720
14631
32390
19689
12931
35055
75232
7825
8710
36735
46416
53649
49332
42090
11256
73117
12194
63183
52391
47370
81885
23449
32115
15873
47321
70763
34386
41966
68362
2003
1794
16945
4118
45610
31069
51771
56402
8732
79287
45092
66756
5536
38433
37365
74034
36149
51848
37756
68495
41930
16446
32186
14192
16587
70439
26781
7479
20348
4345
62424
19173
62641
4879
28582
60898
39331
25307
11024
54449
80783
40371
40904
70262
36588
77897
46881
33672
1115
44782
23532
57118
39114
19629
16020
17678
19512
52400
30688
3467
4244
31572
41659
30300
76190
22704
6296
53362
63133
72980
19285
68356
15683
77841
11379
2593
29970
57795
21635
65185
77438
39619
51548
12650
60368
24869
38500
69929
47011
27972
44172
73279
15823
64190
28454
61497
68049
24498
8540
78405
29521
36422
50063
15341
11783
36276
52491
58101
62587
11063
23314
53496
11564
68410
43449
1302
16210
50214
10
10393
80546
41657
67072
11405
10614
65267
30743
28951
64417
50545
26023
71789
50107
669
46741
22417
60805
48180
20738
51579
42111
35920
52245
7152
70582
63426
19883
40991
60183
55222
27195
34510
56365
54890
18974
77173
58810
38477
11935
59748
49785
59895
23791
43530
40445
61779
68014
3746
25512
1107
28486
58406
39301
50258
72952
29642
40025
8894
81367
55645
81989
57177
9899
38261
53653
19851
74352
25252
11122
61605
14619
25317
38957
37017
32956
60305
13430
25788
78119
43284
68209
79701
54473
54661
19977
15003
64084
58816
62602
6062
63969
59841
42428
6221
51336
74420
64675
18025
77422
81411
72821
24521
43560
16974
72114
36159
62271
53940
35762
160
35837
17537
9602
22081
81596
4494
41303
33876
66972
53971
5984
33444
26137
21554
70296
12309
38713
18983
26367
36663
8231
22498
37921
9039
43907
20610
51475
81650
25452
40544
16185
60953
52845
55194
23067
59524
26506
7829
60851
48932
47239
60441
20136
52604
45895
2898
16692
59152
35061
33534
53216
26233
8783
1476
20149
816
63554
35768
13532
24051
39917
7631
27762
11173
60030
34064
55983
30793
34971
61432
30864
77410
25141
25751
55961
51501
13611
24279
42329
2761
38163
16102
66526
14163
50784
46227
73863
24980
65088
10506
2375
7696
18486
7657
24747
60664
58314
15328
14444
31413
26272
42778
16156
66568
70561
28811
63209
20374
35954
19644
53676
22977
23173
17851
33124
78236
43293
7012
72508
15264
18551
25962
1343
82146
77313
19276
368
5013
52708
25711
26566
67548
62207
33693
33560
76019
66679
25130
57697
16907
74886
53024
12840
33363
43579
13870
77347
70864
47198
75195
66963
21533
33543
35792
19182
39891
15649
6972
43935
18376
27223
4486
34253
10859
45915
44964
38868
24756
43867
32203
61713
13817
81412
42837
45833
58790
69259
19336
6637
30130
15084
61368
11350
37702
12971
7547
3570
23733
39643
15506
80740
16423
18148
67422
11097
74720
33733
25059
3850
17322
26891
32634
6975
57473
64041
42931
31052
21042
14126
54109
59009
44729
76623
70298
30025
66147
16361
20100
76548
17576
9731
60289
22644
64381
60046
16687
57684
65981
58381
12891
8484
30464
12105
21339
56255
33632
10345
24439
650
15857
74592
39632
41077
60623
67883
51797
70787
16057
67892
29118
69158
29808
65528
40542
80692
44466
34343
79201
16021
79315
37208
5188
36878
10555
63719
17673
43960
3362
44205
8212
23153
15924
22756
51354
17011
5080
50030
25947
10316
59180
63431
28077
14041
26194
20531
66190
32575
79728
18179
74594
64879
56356
19652
37711
24292
80503
57549
57997
34626
67267
28592
33740
37806
20929
69023
15996
37249
27638
76780
65138
34096
26003
13476
76216
22815
16597
59199
25886
51956
36812
50809
7586
22310
29985
35745
43229
33807
32646
46933
11264
23439
71738
41735
24772
58955
59963
38138
62353
74602
44016
16508
40505
43582
27930
74174
47551
15082
16254
44091
24191
62685
45193
71714
44333
15099
23770
3069
41012
23474
21303
681
19499
54672
18225
4978
42822
27159
58932
38074
34962
37993
60474
838
61340
38052
21612
62232
21050
18292
5862
59631
12196
35436
57962
79122
65190
43019
50668
31681
44365
39326
64200
12179
30002
19289
26383
31289
42393
40642
4818
45795
9324
48070
28617
74652
11852
54191
50385
22211
26169
61760
24410
636
42360
26091
22429
10845
7647
64884
45673
15516
14311
58584
75405
66428
42905
66702
25970
8276
47912
15958
26287
24170
34733
62499
5900
66018
11805
49699
69287
7636
70801
54707
8040
59869
70029
7212
74156
79056
63012
13140
54626
59571
50999
40855
52454
66934
81807
19055
3007
17934
76240
35246
55653
72770
65282
28055
44746
68898
50410
11551
66303
43910
67355
33864
9831
72118
30075
16453
74126
75340
38684
47254
14762
53390
56434
19401
26540
59988
64210
18189
24937
2193
64986
71604
44397
22765
4583
9241
52546
67981
58479
23119
39365
16488
39652
11213
38068
59071
41273
62128
4037
2305
55188
58002
61863
671
40286
46320
77008
22912
15676
9632
1688
55687
15872
60322
51673
72031
9705
15818
29512
27048
81819
63236
1582
12754
7554
9513
9739
8831
9581
78439
24381
4136
59983
1356
81428
61883
40184
23879
33498
75262
47297
62436
19655
9041
56971
25803
47511
25094
75021
28130
21808
48099
37977
33035
35483
66686
71255
39673
25640
64219
81978
77769
26683
71246
38948
17108
50873
27583
22474
18197
45667
56471
17530
38865
73847
32521
18265
42467
40214
51621
63137
76967
24496
23113
45280
1146
16076
52164
383
39895
57659
26822
51806
18679
1042
53961
69244
44186
3913
71398
7308
32971
1696
30876
54644
56639
53724
32712
69621
17755
11298
71793
39149
42063
55791
1636
11656
10180
13491
62533
1843
1785
80998
1145
44773
44714
39584
20516
8975
52996
24782
28594
76997
33591
44633
72199
10144
10255
78678
47391
47722
45486
55332
55576
59379
14975
54867
4303
80025
36701
61798
24030
38648
64085
52965
78769
3950
25068
26573
45065
600
45212
50657
69162
35681
62899
3258
23652
67510
19323
64268
67056
34663
52732
1628
21897
31169
52153
71339
67591
2036
37335
55661
4398
26372
58598
3892
42339
6843
21862
77176
81585
79771
76912
4649
62134
21157
75400
21683
81039
4029
43158
10285
44659
71854
30699
37909
60376
13027
16831
14610
23071
13377
49473
51186
23296
68761
18533
77293
67824
49221
55994
14018
69859
41748
2140
24010
52049
23787
61951
48851
37358
59494
45920
30915
62462
8201
53997
71087
14938
82373
61531
63256
56269
75534
5690
35669
34567
48249
46368
53341
6305
26887
4002
33862
11396
80486
25125
36040
22424
36171
68918
74068
12206
15979
39343
64752
37084
5906
74335
64645
33696
3297
14788
9472
17627
49766
18329
73399
55080
39571
12078
51518
58907
58125
81674
48210
21769
29411
22017
23188
10604
52399
97
4154
44947
52394
1522
76802
8513
55968
19224
27897
58511
7939
70259
24670
29014
58269
62635
21642
47399
58053
33879
6133
59395
54257
5931
16121
78765
34037
28561
46608
78141
66840
63174
21753
2863
34525
54201
20509
46811
33344
34086
28835
72993
39541
58857
21249
74512
15855
57332
28134
26153
13253
5335
20593
2744
78734
27150
6927
23304
69154
63030
27003
10349
74997
23542
50144
37854
63169
35138
82546
15869
52353
6186
53353
15475
62566
56956
71433
8256
75098
33071
11348
80277
32182
56416
38791
36955
54218
15479
25800
29736
62723
37161
21726
75006
55022
62588
47309
3184
47026
78051
124
13803
69256
38311
70334
65916
74489
12882
46758
39288
53133
48411
30937
59813
50719
902
63187
50952
60686
23614
34460
63019
22747
41538
43385
57495
5568
78392
2579
33873
80046
27062
62385
49596
14368
74368
7576
12690
46196
44549
30406
55252
47698
65746
4278
62935
14962
70649
18656
56965
79600
33123
11773
22293
76037
24721
76053
50602
46887
63144
31921
1306
75129
27304
35782
61166
20090
36022
3624
69217
69499
7603
59105
26821
69970
42037
8476
28588
65075
72271
5130
77842
15968
9425
13986
13569
11435
35104
71573
49638
46648
59353
19667
531
1277
8659
77667
18647
75672
61747
41401
78614
7231
7801
69101
13228
50062
66313
19260
68473
26054
50774
77542
40119
24989
51326
75362
37256
38895
30224
20964
5847
58916
40003
51194
43627
52754
44439
29501
71043
53157
4836
62923
47850
38326
24323
82359
60964
8184
32249
80161
38974
75869
51064
736
4538
8405
12421
6886
73439
77006
35861
28180
49437
79277
58676
42893
54902
36309
16182
72710
10852
32604
44259
44884
71849
3107
60257
10380
9297
4056
316
4806
4128
37823
17916
33698
15597
31206
16368
48495
75636
72760
24180
14777
66006
19153
41955
26583
79790
37170
49442
64816
32770
50182
14484
37241
71821
46658
17842
24362
252
4288
16725
50001
32141
28673
11811
14513
67214
35909
68927
58693
27688
79688
19077
35697
17080
59534
45364
8267
57385
44090
73181
15011
65475
10274
74596
76098
69073
41513
6114
32990
31600
52611
23642
13783
4414
22648
47470
81482
56888
49738
73539
8843
79529
75470
82203
24183
30663
28035
27386
28251
68967
23843
534
17105
39141
28850
16884
33269
41886
70697
41115
28003
6175
32795
78338
1090
77578
10160
53869
11711
80573
36885
41087
3213
31261
33832
35519
23707
66036
46003
49669
40908
31269
46002
6143
46243
10159
61158
55112
68535
32039
50070
57777
49877
27546
69415
3162
37531
70756
44836
30580
413
21849
60963
15678
845
2158
75140
37061
10374
2691
62174
59740
4529
38756
46016
44282
6758
32811
73289
24748
27373
76626
4317
45884
59492
12700
82228
35893
324
50157
74927
77480
18450
24302
14730
48277
54605
16719
81569
77766
58259
72810
44623
1612
10314
31154
61623
27456
2222
30652
28527
39969
37014
19650
74825
78276
10171
62
78971
32754
16572
44480
6219
63731
52830
17459
59960
7032
21237
53778
66827
71305
50373
51094
21134
11706
36039
30139
4751
42371
31528
71999
23693
35929
76370
35379
77820
3881
5310
25379
70750
21200
36299
61915
31402
31654
47588
2586
42613
4145
38598
54990
1022
28345
47863
5086
40665
45321
77034
28763
38355
44827
37972
28163
46551
43702
4761
14538
24432
66038
11649
48343
20727
32688
10669
24251
56933
22029
24550
8818
539
11781
37594
65692
17588
43608
53422
23029
9531
82352
81336
25973
80170
69774
36604
55350
18336
17278
6172
79507
50117
39819
29847
66286
22171
15970
20270
282
67811
10893
28732
12725
40043
52608
34206
24263
14063
25456
8063
48066
55928
31931
45485
80337
57748
56075
71950
60166
7219
6045
17754
9685
12983
48668
61431
70710
39741
13137
73130
19907
73047
34524
43303
32025
3629
69649
29051
48600
50875
36648
46430
10993
36488
37302
62024
40745
57620
58415
33840
13079
21476
11877
59691
11007
66326
43620
59952
53807
73614
10104
28663
21681
68350
79537
3038
20749
57215
50908
54850
29420
26354
5955
40047
14185
43330
6818
24000
33709
53925
60241
53507
56157
62329
1619
30318
26423
47357
15121
76205
44918
48823
16450
69657
61300
8871
62804
19500
23994
74746
20974
12520
39985
20487
44888
40233
27057
26321
61077
955
21992
80051
38253
40418
55858
38816
69844
50308
70704
11397
43546
25814
54281
40925
41222
54769
50467
75075
2360
24906
68694
29046
11765
72001
36514
62066
77936
60243
14887
73824
53862
44297
75807
64386
35556
9312
24983
36528
51403
13065
63437
66497
34274
78652
75294
61413
56942
15693
24427
14342
74840
74773
49924
16375
17132
62415
81516
24242
27012
52305
2468
2393
75479
30719
10139
47488
11086
68999
24888
56711
10806
14771
59252
21097
62742
67004
63674
65824
7166
48397
65749
56371
57900
74985
17185
23275
9809
47028
54689
8325
22869
26223
32504
26789
44002
2735
39182
22274
63873
40092
74442
26900
20247
3499
49620
14066
13311
59922
53115
68071
13932
21493
55757
11239
51201
12305
47666
66636
4210
72671
34575
66112
36625
81141
25883
15414
9678
66256
50
44476
31257
48610
49241
60557
48724
2265
33663
65013
53306
10347
42541
17246
10095
19547
46583
54657
9892
30457
81204
32484
7818
47968
20946
8215
27403
55951
68806
29075
58839
60263
77689
54263
13238
14939
6196
51789
80111
63152
36618
2633
68170
43074
11146
23467
38922
70841
3557
5876
57857
36238
12425
36821
50241
48883
24855
70184
47667
62616
42125
45236
75607
41278
35526
69456
61218
30005
12681
49027
1295
18496
75029
12363
80989
4692
17635
28984
6955
60108
68096
44456
16812
24315
10626
13890
53281
32041
19838
30026
52105
21844
28816
10619
32602
65166
4111
79458
63831
29211
9614
69423
18946
45568
43366
3028
33417
54681
65493
30773
69124
65581
71692
2201
4046
34790
11219
10004
25306
46560
63775
73669
77757
21093
26702
61897
60017
57650
38584
63167
33371
71345
13205
58274
37448
16630
27272
8092
60491
40131
42639
48575
6104
80261
28490
33250
41753
35567
6962
63057
76047
60731
44818
21377
29479
48019
58938
40736
71662
46185
24042
76582
76276
1483
56346
19518
26195
3929
77092
54722
62307
62795
32832
57311
49722
64373
54247
59033
37041
76062
12771
49944
20168
11170
49683
16325
54136
61510
75902
47058
71977
2994
76151
22876
33158
63905
7041
10045
17960
45019
34620
28404
6813
61178
17206
1666
26080
5263
37658
8884
4760
76161
61986
24371
30981
41626
22200
27138
54366
42990
24387
29980
17344
50231
14240
9148
6990
10075
62468
53758
51455
51416
71457
21450
62905
10794
59390
72316
6233
26824
21803
25206
34424
19002
2300
59359
25030
78196
33051
73721
80942
54561
67518
38838
44916
19019
42844
33648
26765
19101
62336
21792
30651
31783
54359
18913
72914
19027
74391
42622
53374
31913
46532
27828
18291
28364
53059
44843
50848
79592
60037
56647
55725
4085
56323
78799
61750
35659
21026
67149
81237
49269
982
73747
70683
1452
12581
3681
53836
77378
76796
66216
8999
63977
77633
64725
58299
48969
7453
8832
64955
6597
74803
71733
20526
19397
61570
27002
33757
44228
10124
39804
15949
354
58653
78904
25326
23552
50028
16983
26973
10003
55268
64544
53087
69434
22825
63567
53074
21946
33508
47689
58526
31213
25450
26162
28383
75525
64288
1041
51229
26044
653
20551
4086
19507
38466
52654
81214
20541
54330
37522
43824
2698
37299
3796
3694
73461
39056
67327
39391
12748
14668
29467
29399
60359
44784
13070
34654
56720
60195
43683
30948
4905
82129
17435
46718
63630
23378
34235
63247
28121
35424
75289
11380
79952
29931
20832
27986
71635
36503
81003
4974
14531
4744
7296
72006
33685
10652
61112
73371
40035
42126
19025
49901
38249
1744
81324
61211
68541
5697
22100
62118
59284
30615
67141
7915
42671
7762
10250
11580
74943
30159
40264
13947
48521
67646
32737
45644
33331
28552
12018
79329
49431
2174
58010
82239
56752
69959
9200
35109
54318
8102
30191
41642
48800
55391
29651
31196
17243
2425
16655
52681
821
974
11916
17997
4142
19721
10225
78793
73445
57706
11054
63308
40870
62826
50281
2652
15610
32208
49235
80634
49137
31948
17929
31679
39201
78096
28821
81328
71500
26834
13213
55746
28441
36072
1325
65638
17092
2751
76386
18092
68536
25321
1887
7315
34033
24658
4497
16292
60468
25672
47557
54727
36740
9121
3588
20911
23980
16377
36158
15268
47603
39998
4623
11847
49423
10122
52605
5782
52114
24803
82164
26201
31840
33179
49790
39405
72217
34258
52879
60792
35278
34742
30354
49942
36877
35600
31428
49467
36799
81621
28733
31544
36414
80057
12671
30715
71800
43744
10329
77982
39609
6591
76826
3075
22047
14412
21695
78149
70902
67100
37112
27252
30898
57950
1313
37083
35276
57049
6069
31280
57652
2616
3450
52602
49382
32413
2054
21326
33636
42884
46126
29198
58733
496
57453
34699
42700
5713
55042
3306
1470
64737
77038
48726
41441
74783
56479
19874
82325
19716
39549
62200
4741
8604
64033
35476
78789
40767
25353
60631
61004
5943
10787
19075
103
53044
23155
53395
8350
8398
61092
78909
58365
24227
7161
1548
15399
9126
13582
35752
36441
2767
32180
48795
20236
50123
41171
18705
73036
13746
55738
67990
6605
67119
60538
21347
31290
11747
2662
39063
8331
13638
27040
53128
60681
41693
82067
45633
75388
54768
43573
7455
82114
74271
51113
48619
7232
48812
38819
26616
12604
41212
63805
42095
56398
35827
63497
76567
69242
78230
12715
15841
8877
42747
58470
41207
64936
13157
41043
57928
48280
62893
1676
55821
3967
65247
61630
14798
61602
7323
28507
34112
12468
36730
39680
22967
29002
18895
4263
47903
27958
30428
74749
20404
70138
68524
6697
77082
24818
75815
2626
62184
18125
13186
60375
55700
45702
18567
76705
12367
55310
30413
66974
69762
59322
61690
27633
24478
21516
54574
5891
79402
10811
4615
79476
28716
3789
28033
63539
45287
45426
47923
11205
16310
35915
81079
45385
22808
7514
59479
55706
38144
81158
22431
45374
3279
38627
31711
29543
26956
24204
37374
25365
57516
47364
16854
49840
23480
58473
53433
54920
64426
52949
9044
57846
26443
25824
63609
19892
32462
24719
13481
42071
16331
20648
48911
1527
17440
22244
64185
47577
8853
18634
55954
60412
37928
10125
79677
10701
15560
39434
80036
29732
25195
14804
31466
40951
54431
9345
70058
72252
42608
81921
53104
42680
80308
46283
48076
48860
71134
73719
47089
20820
78711
46995
70276
71177
49007
8917
33571
20317
8031
22390
38348
45771
7282
56451
13854
16505
49296
31638
27732
67406
3946
16188
47746
15345
1395
64231
81355
46352
34933
33060
32377
52011
16579
75274
21619
42501
46081
33318
18168
71476
21333
61377
57326
80399
16471
48053
11181
10968
47111
11675
39700
34020
1163
58080
78430
53867
78085
34957
51943
16654
26135
32043
32614
11615
78072
38192
4732
10731
50582
13390
53752
9303
76258
44035
20803
41703
74136
9882
20695
6958
16821
61364
39970
58322
62153
65842
15999
68622
35375
74625
57036
67778
25020
75617
8553
57258
21172
39387
42803
49916
57194
78090
3502
17568
44155
11577
26657
19432
24739
30819
57813
31722
49313
12441
42398
66678
29593
41530
70024
81680
5267
938
54780
50685
33488
37387
76899
21501
64297
68290
68063
16104
55323
65957
37939
77210
4572
64056
30965
55409
3190
17065
25907
13168
24343
56497
1366
68745
65513
37288
64781
52628
30852
47020
9551
44974
20170
27469
17716
58703
34684
80673
71702
20464
77355
40255
46314
723
41721
52825
18920
34850
80566
61013
35311
1558
26265
8468
68469
12193
13404
21434
79807
31189
7006
30369
74478
10368
59822
14474
25153
77491
26913
70879
21899
51559
27432
26168
29492
63045
55051
14354
53403
38262
10082
49160
81676
4707
18759
38078
57647
29615
3975
70614
8359
81753
49549
16273
5779
58230
82346
64906
56600
79006
57463
31465
31294
47210
27585
29573
1450
78266
27664
51377
50652
55511
34942
15845
49153
33328
73218
10546
14992
69501
61668
17318
50275
34978
54649
44709
64152
69027
39101
14948
50917
53852
65068
77448
58046
41057
34847
10752
15120
72792
38257
14720
32815
71583
9257
70575
45552
65034
1280
75687
13594
37901
68991
22471
61359
37464
70974
38924
55874
47929
43624
45126
1047
47896
38115
82293
1435
62101
78816
33956
8656
46325
1287
65396
48686
3729
75483
34470
55264
74937
29837
35341
57010
81542
54729
47057
30269
39444
52940
79999
9877
3463
23390
50896
2253
23370
20109
28988
43427
11281
32914
67420
44864
55247
34017
67573
1689
71352
7372
6128
17117
72074
4956
65533
61026
74036
48025
63220
40999
8301
9480
18284
41545
14156
73886
25086
10517
59264
73194
3989
55086
37625
8629
53501
51925
38593
25461
53148
27561
25902
45561
58605
27862
7240
30217
73629
51864
47280
24396
15340
21276
16806
27537
6393
23939
14745
35979
66884
31444
64349
34711
81177
52672
27890
19049
56490
54240
13126
44080
35087
1091
9005
26644
29758
34603
48260
22453
2256
48174
3346
3540
59421
66816
12312
31248
52516
58028
57675
51138
16912
46579
77152
29624
50083
65416
49323
8658
11755
62708
57601
4469
13636
6046
33389
54663
68180
43515
2473
80564
75243
40646
11388
28174
34586
78022
16556
34594
42815
20848
60138
78363
23909
13695
60512
38300
80745
28844
79719
10061
26936
4192
10938
80965
45431
50271
7754
17210
33599
37166
30836
28294
54283
28468
43953
11186
15778
4273
69366
3205
11229
17107
26212
59382
9732
1726
34312
53713
1170
27288
10710
65367
75552
18034
35620
4478
59674
78913
1506
43842
11057
46465
15228
51251
3821
6203
22110
49588
20540
79682
59170
27880
70181
19543
57852
29433
44398
79804
4526
16712
4403
40604
45592
10174
9975
30693
32228
21051
58245
17298
28488
38710
42984
80386
68947
40797
4697
24965
27772
68889
56974
39860
47911
15482
52367
13685
59434
40198
7289
6354
51428
48744
57550
33695
39510
81044
59318
19215
21699
29802
80521
57712
32042
51761
22796
17022
77328
60741
8393
58752
32229
63647
7675
2232
18005
15766
59979
375
51346
49966
33399
20999
55009
60192
1034
17787
20420
24696
56581
60463
53694
80232
23076
79928
75844
61430
7332
65591
42942
66075
26199
80720
37566
51313
15252
61737
37642
4546
45869
42694
80462
1217
34474
10186
7563
50537
56677
52127
40874
22555
56235
58412
82320
23409
48142
39079
65005
6860
31092
37332
41818
27806
27730
28788
63103
48086
24900
49528
18653
21960
42586
68962
14489
57771
42562
54794
29559
39716
23863
14159
66532
49063
58891
33847
33950
63871
29457
14624
13235
14567
18011
16865
34414
28024
18479
36543
54466
24414
13417
64001
7019
35014
69239
35961
60249
57909
48338
23006
59419
39624
30891
779
35097
57931
60069
35171
36388
42256
32823
43788
56611
36260
33291
54525
15804
53648
74535
5148
55246
68486
39186
58681
5373
32230
9601
40550
44269
70826
24582
5049
17082
21701
8824
71652
61423
54556
21232
54748
44050
28769
38291
36499
28655
66278
14877
67091
63845
11594
5593
22324
66435
15291
34578
73563
60063
8637
5456
76885
24448
60951
18051
65389
51482
23901
54538
22398
79997
74017
42172
30128
34358
60482
77472
13421
70098
69634
7409
81453
69664
9900
1335
38963
29696
12641
164
54957
22736
66173
31053
28924
47642
61016
81398
55202
5616
49786
6683
48492
63398
43748
11167
60440
16297
38018
62211
66027
424
55602
70547
62429
51280
40010
42102
27219
30346
9077
77132
19163
76146
81942
10855
26188
77711
75165
18992
40659
73802
36192
11960
42220
24090
53010
27578
44927
24470
30800
4641
69883
39290
71125
72462
17472
26396
53319
41744
45418
57127
6511
47639
13749
24848
52021
10497
40381
41899
39047
30823
75028
28737
41731
47267
12541
80242
79502
40384
41687
62451
69914
12613
22125
54494
44376
71816
9523
8788
27523
54095
33896
32318
23800
29857
8508
11192
9384
22482
4967
33156
18115
60100
48863
28535
59469
2033
45440
43237
81061
35731
3318
60407
22275
25004
19349
58454
81780
63628
57982
42199
8353
32270
63606
35442
3961
64578
47411
43720
73381
3128
76599
63576
3414
50890
41277
37487
1754
3016
59918
8812
22142
16130
8430
532
39812
52084
11930
43031
62578
77991
5487
47400
48284
1234
38600
10980
7715
60339
68835
61941
66553
78569
27742
38390
52304
61539
44739
51386
63783
44515
14425
553
837
67910
37946
3943
59685
68832
15943
7112
14114
7812
37917
20956
27707
42162
16788
56051
32069
14326
52412
15753
61127
75564
4565
77599
12881
47116
45725
2390
50450
81988
16037
76652
36940
5151
13665
7947
23090
48677
59544
48945
56744
64900
28585
42968
47857
61022
6695
78523
34531
7985
9221
60552
35555
25210
59993
78543
81023
45273
40876
15795
62595
21408
43605
42928
73810
63767
30252
73878
30209
63778
5143
16798
4023
11625
63947
43483
11160
7787
62491
13511
54078
51540
5884
72008
28751
46094
59912
72127
75749
35506
56232
19697
6893
26795
56264
75587
21266
48290
3175
30418
9714
17471
11476
79380
15596
60127
28476
38196
55157
55161
62702
25616
58135
67876
59878
16023
63690
53912
25560
2238
67066
43248
31407
37258
65803
70403
9252
38576
31258
54716
13191
42403
63228
2552
53094
13580
8029
7758
34674
9132
50128
11197
34827
33299
29335
6754
37651
67211
41451
48766
55987
12657
9091
40149
63661
49240
31343
55953
29280
38376
43278
15172
62391
51495
23503
27849
78059
34841
47644
428
24539
26189
50922
36128
73934
73970
9082
41068
37740
53207
46500
18841
70104
66544
3420
39470
38419
37601
52558
61146
75840
46291
13374
5641
53768
37006
73608
77878
3997
41621
51640
20341
37482
53980
32658
17385
80778
13345
30151
74991
62694
41853
67633
23842
15128
48371
73838
61911
67694
16342
9624
40432
44374
36024
58982
62195
67016
23419
31902
37872
22830
12167
3373
8927
2165
39500
6936
50228
49579
59658
5465
58521
21024
71971
23859
52466
61804
7322
8174
22052
33724
6080
54947
12501
64918
67142
80515
25342
56803
8705
50909
2087
51702
56387
31803
52179
13291
15667
24519
69042
60301
22451
2753
23384
60821
1867
49448
54043
47643
8495
60844
48300
76785
10443
46253
30733
8112
50020
33383
54733
67321
80616
75557
19239
56118
11667
52337
42350
11857
81774
20408
9013
16518
9095
37321
70720
25507
36319
52102
26903
78759
42748
46345
2080
5919
42114
68645
59622
54778
70625
5994
34668
73873
3679
64529
80683
73288
61182
50189
43945
13018
20995
74202
19061
59121
48662
11969
1685
27098
57701
71680
57561
48314
81501
80827
19817
15524
31321
52662
20618
25898
20116
24070
9363
20678
75925
80299
42380
16460
35970
1389
16541
21833
52187
7080
15495
61893
9243
79434
11885
33330
28882
47315
72340
76605
44588
27131
76124
21564
78552
78942
53637
12868
37052
58143
1368
73408
12336
15307
50664
9859
32675
66717
594
43169
17407
16778
35163
56166
17794
22363
41102
42988
19796
52243
76470
63698
34157
47503
29654
66719
38222
53262
36789
59589
18416
43508
3490
9453
42181
12266
57277
18690
65287
67231
8833
29675
15040
55033
64007
70400
16927
13096
80227
30052
25941
26292
9927
30228
62316
33227
24423
66534
64115
622
18275
13557
15531
55206
15567
7936
18216
2872
35131
41771
14293
44745
40323
78715
49757
2280
48468
43459
30312
8290
34084
19906
6459
55493
73868
12702
36691
63050
30343
44049
60396
42287
49340
19060
72930
24076
55276
58772
37830
9805
34234
42764
52783
62343
20126
62870
35510
45664
63481
11084
11046
14572
28388
21815
5009
66708
5141
60041
41058
42738
15576
61362
61840
62172
76179
13435
31120
29218
48208
50341
15276
70519
74597
5466
41130
24767
37563
68128
36418
43870
39135
35362
65229
57832
41471
44382
55595
18273
39706
22503
72569
48496
77968
78485
51977
29862
30946
70708
20226
25594
69377
21285
16809
75900
47531
73265
2789
10412
53294
72313
64156
73812
15422
57772
37754
52972
32916
81882
51883
14362
4229
51577
36999
24623
18348
59800
43125
62175
45982
20294
81449
34541
66274
20306
9411
69051
15591
42978
43337
48776
53270
32902
71385
54481
31731
42018
56821
68908
24103
70644
77740
28627
18542
52314
49179
65708
45803
39967
29889
22768
12176
63452
7013
82473
39035
52303
66409
18527
46258
20707
29430
33625
48184
8122
1270
14205
54786
56693
38783
30083
63866
14438
4236
61502
65962
30521
70067
27301
36065
72968
31836
34817
21484
44194
73857
50491
70891
17005
66317
42903
64272
5033
73997
38637
66653
35540
67630
60501
79031
64194
10662
45463
188
41648
82216
75758
34747
36935
20229
47828
79263
13825
1477
73575
26096
30504
28604
41153
26653
76335
11016
725
49536
49897
60353
35810
60170
3271
31978
67597
4362
46004
56482
51175
53985
61137
48417
28942
36415
56688
65070
31662
55348
58216
55585
74832
32445
68246
5625
7256
23049
55178
66294
12015
24690
22370
39428
22631
14967
73480
73764
42457
73079
31018
31279
74103
12812
2219
68596
20661
41286
14314
66271
53890
7489
26304
80456
68731
23252
4007
47802
68511
57434
16394
65899
9695
51260
69568
39263
22683
12115
4953
22714
23464
19972
363
7890
44479
35074
67760
20632
31421
33101
14255
58372
43108
27526
9980
27291
54622
8181
64860
81653
41330
1536
15357
26143
28544
78186
10739
31820
47742
446
24591
43000
42664
2047
59612
77723
59647
45182
23813
25832
43283
24152
69736
70315
47188
43648
9435
74115
33549
20884
42632
222
81140
72086
75599
16990
6557
62368
11770
34897
19623
52645
54879
73234
64261
50692
13277
60789
5808
79449
3406
75650
46708
41266
58642
27759
72829
50392
53502
66798
74945
6556
61107
31712
15374
51296
10150
66474
67431
8454
55528
71554
46635
46410
34635
1826
15138
58666
36330
29442
9390
9952
47343
59835
6905
46503
25184
37294
3673
79857
32750
32239
34008
31478
70863
46700
30797
64495
14623
46158
44684
57138
81546
7928
68776
11583
7373
18787
18516
56920
25333
52215
53335
6653
34551
59004
57395
64660
69600
53765
29147
5921
7893
58645
80498
8936
49030
80982
11558
62969
1456
50891
1954
17294
22095
39071
9048
81009
80889
18589
42191
67559
37224
24268
54025
72354
51636
39128
20797
57796
59569
77962
567
63697
75284
44056
70914
76790
78694
11027
63201
52425
44790
53609
60832
31377
37596
72178
2097
19117
30679
2144
79843
51964
1823
12432
38983
17480
13779
56831
25115
63239
17638
35613
29829
13337
6921
45389
32253
3831
16677
62218
1001
61752
77319
29934
5701
14890
74081
69089
48255
35452
34889
60721
81418
18065
1400
41616
62881
14782
15181
1012
26966
69441
69279
4965
33611
51600
31557
2057
43958
80994
20497
28373
38793
42938
33905
28247
66487
77354
52550
20398
66671
41625
79616
66783
61349
24613
38125
82423
58498
8246
80924
19232
4295
61243
11339
50019
53193
65263
25849
23104
30519
71348
43810
7121
16010
35044
70794
52329
62943
54508
78305
29100
38117
80960
73980
27440
72163
4828
54968
79306
33668
3478
9986
19333
23040
52174
32801
37024
44030
11952
71547
8797
630
62005
19314
79753
40950
46510
73699
22730
67379
37470
61068
18159
26504
13519
3453
70027
23133
34755
13972
67396
63561
34666
41459
53515
32583
60447
13043
60197
54965
57789
1071
58507
45151
53084
64465
33699
33436
44270
72062
8991
44453
57058
68003
33307
47276
57628
24828
11716
61855
10886
59325
44572
37660
2383
32535
10297
33162
71274
69946
41784
15655
48043
30802
36835
78143
2292
4937
52624
81035
59274
57710
9721
31277
25140
2356
38522
23945
12494
55831
77618
8069
40352
60215
3316
24500
15451
81086
31152
33577
20532
48001
32325
60812
42580
14675
17273
37452
27595
36613
68305
80182
45857
82040
63765
65943
68709
62852
66082
61658
20178
30870
51435
32155
81809
39004
30065
51512
43504
43214
63362
40074
73815
12254
19066
75499
21317
33280
34043
62397
75684
49627
73215
17102
77272
59462
50586
67458
23352
71489
68740
51710
29749
42598
38933
16758
24912
40502
65805
75121
51880
17831
11098
33088
56197
27069
31079
34406
75285
51292
52858
17966
7830
17363
29990
20067
31198
33313
21
51985
14876
45271
62405
78300
1033
39534
3099
31935
8100
33045
9585
78672
68825
47967
56804
1285
8109
69907
57972
25831
28965
6902
7244
40556
34498
58890
42313
59372
42341
66585
51221
55573
16414
3957
11114
28918
49773
64873
5022
9348
71024
72326
13055
78244
66775
13038
16066
66579
82152
58378
30670
12135
69730
9447
37858
64439
7998
50941
26477
60445
22803
68041
64205
4554
74721
64324
41573
41982
32489
51822
39750
53622
4408
40834
4174
58989
57443
65572
73073
44276
36775
77835
34607
60590
79481
29233
35777
6417
75497
23336
10764
52069
46802
73705
19859
43033
42515
20710
33146
7679
932
9081
60222
33212
2773
61360
8786
29387
76328
9591
13535
70917
6567
6633
57836
44325
22643
56339
4330
52100
27949
44989
39409
32789
74374
64171
29107
25582
72484
50945
13755
72796
27721
15697
8050
72348
77583
24223
34147
40482
59339
73561
61450
67774
53703
58174
32172
37233
49519
11540
12283
48731
15220
70591
32670
75580
31063
56643
9954
29824
71309
1448
50944
76579
35799
56054
76309
35466
36700
6085
39565
77093
21387
52568
70555
66805
23315
45977
53540
60997
19426
7794
29729
44701
51787
63822
25039
48131
71217
18028
46614
37676
64974
5545
30062
51819
23426
19777
36090
52594
20088
57157
47097
12469
61927
26408
9825
61987
37815
55975
24817
33255
39902
44693
64079
30324
31225
16094
50684
28974
5122
19440
56662
75851
23431
43619
1937
55671
19327
37308
4308
4091
46809
46681
17824
68628
46350
52582
12944
51088
47837
70969
47991
50439
24287
75250
18581
29764
55243
45889
23165
25269
559
7056
11444
2185
12572
39667
6829
41380
50331
55393
19005
41512
22034
43783
66863
32305
45846
70031
42119
66796
74556
76073
21364
32045
29586
13219
56994
51220
35546
75058
44066
55879
42138
37580
33354
11704
69564
15620
6571
67711
54171
14078
28168
5443
46176
41353
44800
51608
49621
11796
68751
80696
16748
73601
79166
4190
17979
37403
1379
43288
35881
42079
38315
22402
36932
49512
69974
57843
78228
77921
77528
76169
41381
48880
3441
19927
65310
981
10096
56002
7584
39657
18613
50500
66938
78291
55000
69631
75510
17366
14470
3721
31905
70443
69389
29297
25012
29227
6657
8804
19261
6001
32874
18584
53849
45635
3602
133
18586
56283
75256
29534
23465
31043
71014
66687
59500
47084
50643
10632
18872
62281
44117
40463
6434
58687
10015
1064
60144
21006
13744
56583
16451
60589
46676
34419
68501
8079
59291
71375
26130
76917
14666
24450
4843
61224
7137
61674
50361
79378
26955
39538
43797
77458
59775
34556
64799
46401
20445
4927
32298
41591
41520
23591
79257
14417
44585
19154
29333
2974
16563
34027
73709
66350
9056
31628
11320
58249
22376
8168
23127
35936
49072
41168
16839
47664
78364
50906
68344
43727
22994
66791
24862
275
7791
55226
71161
21218
32510
21143
8394
68938
9723
17106
59396
19658
47767
13427
79325
47976
36027
54976
59181
21538
32443
72889
17728
81909
8543
75412
79465
3196
25220
28297
57848
14738
43536
7668
16230
53121
44853
45749
56459
34918
61643
25293
13230
61961
61586
14074
55933
41915
34217
3923
12346
69676
16937
64998
22738
59837
70266
81054
18487
21208
67703
32038
42849
72533
72755
68646
65477
38443
78591
64835
63902
71758
21474
41464
33377
80421
69220
23926
64089
6778
8944
51971
3927
23346
32021
41365
36992
34132
7473
8965
64743
42249
69176
41569
68078
573
10111
39640
34170
17765
1702
42108
58239
55417
49391
28182
71768
40788
14318
36827
58794
14689
18971
63925
60605
80797
66180
8470
65004
34951
17885
32264
40824
20784
51614
75911
35336
38545
23457
49774
75067
4800
22150
60972
19000
47329
80861
27499
54744
8160
67335
1853
8764
27905
62483
68744
1497
81438
29905
40333
10934
48581
62548
12093
5561
19477
45195
18927
19187
29360
2114
50626
24896
65722
73910
79574
57269
34970
57656
757
13407
52739
80914
9152
52661
26988
47166
29242
24084
29854
8082
30148
68851
73188
46247
82104
41304
38336
28161
19675
57758
77364
62394
40812
30149
60294
76694
1635
25481
10242
76270
33889
11304
31366
40206
22221
7396
33526
16341
4739
75302
18269
43667
81860
34608
80430
69326
6320
5644
3461
35202
23143
19802
35298
987
44643
16204
41251
54761
73678
79658
20436
19433
80221
74848
16718
61272
27379
16405
22385
73452
3481
12656
73957
72457
78105
24956
2024
24768
409
39709
23657
17906
76762
30296
4507
56012
10920
76261
55697
23725
63737
31567
41139
70769
56768
27993
28432
67745
58966
30205
10914
32450
59113
2050
51073
58797
37131
32829
26751
11501
8376
35054
55215
71361
5667
80638
41679
16085
74794
43011
37480
26020
52287
68461
9264
51554
27654
45688
30426
27782
9278
10868
73833
30602
48971
49076
63128
80602
46783
45035
17158
27507
6918
45018
58945
68936
64379
59559
32280
55360
18607
15986
34767
53442
64832
10268
65435
10577
3939
41404
31003
50369
29132
39245
49195
1911
74327
58740
14098
1208
46026
17683
32705
26707
68635
14657
56553
17741
42047
60654
40848
50163
14510
58744
60043
46361
46526
30381
5224
2860
6580
40225
78521
14866
40592
14046
3783
36755
15998
35180
29262
44491
68718
18236
2911
47778
78057
12755
48330
39593
14710
56352
3182
36519
2532
11890
13698
57040
70220
65144
30169
49808
57029
55400
52299
33609
15832
75239
65237
65759
40555
69269
58323
14854
75515
51751
73240
45811
10421
13429
25745
55562
10625
66237
48948
31095
25254
79469
14167
70169
36910
12936
69874
36750
36491
11126
11080
30472
18134
32233
47992
57296
68284
58222
72047
71005
50268
476
33432
75212
74637
59970
55294
3002
38033
12900
39002
47623
79977
72820
20904
26470
36451
34387
31500
39878
25681
70727
300
63852
2788
49794
45652
24541
38747
67604
22641
56216
31643
27369
40594
55102
47811
48902
71129
76405
20039
77946
21900
12789
16919
50172
42143
65000
39248
78664
50197
10835
82014
70987
64549
49114
60876
56514
44595
34723
76315
70011
3983
27017
26750
64123
76730
42863
64953
40362
61635
4527
36165
46245
48388
42017
7870
45263
78507
10087
34378
79271
7127
65896
48605
14961
71095
55089
43022
45134
68414
4996
47756
3753
46093
28725
69032
70757
22071
49262
43924
8311
50635
47140
64980
11944
23510
74356
11460
12632
73800
11707
39153
29402
65975
44057
70173
66521
53530
26604
43862
22327
43394
62546
37689
72104
69064
73548
17520
63246
73186
7562
24235
72245
71328
35142
62284
49898
27800
17582
419
81045
26674
2884
38399
38912
14920
63048
56563
81295
21770
55701
63810
48456
54730
81053
13657
40042
36721
15197
8193
79698
67612
26946
21253
62625
35358
100
41114
58726
45472
35268
64505
45316
61660
51306
21133
11451
43211
21671
48428
55917
2717
56223
70046
21757
42577
51402
60392
6490
81611
24346
74770
17648
57975
76943
56928
19911
80269
74484
49876
60927
17611
29306
9598
12729
56298
64934
79112
12837
10725
29439
66890
6351
24020
10898
21690
38605
2903
3713
65666
38400
9768
25876
72814
55571
4400
56506
82558
22234
7142
61316
3156
71923
14926
15905
53037
51418
5097
25147
21400
18765
60942
33928
5231
35473
78967
10749
35190
70598
18295
21746
32259
27245
31792
63254
63916
79358
6461
21956
2175
18749
19175
60282
1836
35291
14049
37760
44191
46548
41835
53992
73261
81969
3902
49299
74643
4410
56777
76939
66482
60156
77749
17881
59464
7600
13938
1809
4228
77886
5301
19825
26357
32145
53900
56970
40524
35149
9224
71908
67029
17058
59502
53489
57895
80094
27552
26487
68361
55158
67900
77808
80646
23561
38683
5517
19139
8653
14322
62667
3322
36135
60117
21424
1157
56124
33131
18811
77780
14901
65698
71617
59458
30034
628
38384
28930
24643
11825
804
59018
59085
64947
2426
74376
40626
23198
63369
42245
3644
61505
5468
60648
53881
61518
44808
35237
54170
18597
78899
21392
38768
71591
43149
64463
56865
9784
54589
26623
81716
70008
40883
18153
75441
29915
66669
60643
57409
67723
44144
15041
26524
76181
25426
8522
80904
56543
22931
52257
3564
19040
39162
23777
9946
62069
25955
73202
74076
8885
42701
2436
13057
16350
8022
27869
9114
30929
43323
19733
33171
32347
40166
73627
42065
10156
58169
30480
18999
48404
80829
10321
78661
15933
35462
34632
65121
48523
15770
38826
36183
23202
64713
40493
67874
69327
29148
37510
82322
78648
74495
78607
41196
8462
26084
53826
80896
16360
82161
79099
75985
47869
13503
42755
57488
70394
71611
17452
9452
17604
28734
53687
55346
26296
17166
45616
72058
64106
74868
18307
44243
70888
26989
58089
21873
53479
46099
26207
68779
47039
4079
65042
26428
19527
56702
13282
21824
15947
74631
34294
71859
19418
1054
16622
76497
1151
78535
51485
57316
69608
583
33343
51242
67096
55470
68423
885
50037
32544
74481
5133
59016
72190
41588
47758
8383
5858
56932
45861
17161
21074
2134
4850
54757
80007
76118
32195
62790
66881
76293
23507
40140
33650
10391
69140
75317
64069
25595
9848
50946
1593
68464
39265
67554
29217
39830
24098
26662
52688
43201
13989
64520
71936
61135
20477
7053
38181
53829
29382
51408
6803
57818
47546
17952
7026
20019
52532
72434
61170
39310
40772
8687
63389
53291
33239
6850
37313
13916
32502
44529
73136
53275
64525
62828
66580
6944
50431
1819
34345
59756
40765
14955
44675
19448
73639
63896
27577
49275
11841
39767
18074
6540
17833
48198
44945
78459
50645
71393
81259
35413
70343
25995
68228
79244
66419
36483
37001
7920
27449
68297
75374
39996
69466
6379
64407
1020
35228
73788
6545
20255
48291
20824
69909
80075
58156
17316
14236
78536
21629
4601
63358
48452
64017
4791
82258
79397
9817
2855
36265
55060
29791
57147
51014
43428
36060
30888
45850
80323
68005
32170
50617
31040
80252
11203
26431
12514
75430
74430
59223
28126
67370
6399
39235
65332
19410
806
81689
9981
79848
1604
16433
12224
31221
22462
69994
28497
53387
26255
81048
55798
60053
65129
78923
47067
57809
54070
26376
74008
40053
52137
19899
73507
51858
38875
74905
47615
73677
45183
30776
45141
65385
81260
35712
46073
46483
82330
20859
13493
28812
10484
70293
66721
48627
5251
22249
27703
50595
40674
51043
57226
75171
40562
58958
12736
8866
72233
73922
28185
8308
24482
9607
18067
28272
26610
61330
66748
71771
30256
46789
81710
61557
70503
13774
16162
26395
4051
11358
44648
79889
71830
6263
81834
6442
18557
65456
55120
65180
58499
44130
37382
427
45444
42284
66899
76430
48870
27433
47627
32744
1921
40695
24711
25262
69291
14032
1438
33557
25133
49539
7965
62766
31363
60234
67626
39777
75092
68897
46169
32612
50968
82537
20700
17175
57538
42212
19105
21660
14850
76371
71966
66333
13012
38938
11190
67156
23723
43405
17804
12864
77305
65525
77712
60402
7094
61833
16832
32048
5274
59332
5215
22892
78429
72159
8521
51217
8552
7490
10375
66196
38677
3394
46875
77025
42365
65909
38514
9211
28323
12275
66518
59147
68676
8314
57092
72442
67524
24161
7575
57114
15068
50524
42538
26679
69942
76396
61901
66593
3558
35392
39580
36973
76123
61785
40232
26105
60177
28837
12257
2205
33748
67945
6055
56151
63876
22041
57236
34194
57731
29951
65302
15492
30500
17613
71723
64329
3542
60992
75775
9747
6745
19375
510
32868
41262
50386
4207
27073
42787
73431
17487
74724
65815
72364
41574
57850
80222
61996
70636
41002
8789
16198
42415
7803
9527
28299
3185
23259
45565
55702
36097
4827
79237
56669
43357
82005
20834
1596
61059
23
7860
81414
60398
40680
64736
50071
5292
24548
76820
46761
76614
50964
52921
49576
10462
79406
47939
52970
74856
38981
44565
57362
41228
16030
43693
18458
46313
64659
1096
48241
75686
11105
65423
76593
78335
71073
15752
77801
69044
80128
58825
35497
2520
24528
73523
74322
35809
48975
5762
42210
51520
32433
31983
28112
32726
61219
63951
72645
57607
14338
43186
39616
69812
64638
54854
30203
46344
46728
79849
32444
61764
72415
5227
9098
3483
1877
53617
11863
233
36203
41892
58283
36424
19848
57780
52852
45101
46149
46692
16395
25174
64867
32368
17884
73485
10055
76633
57374
81691
29546
70834
48866
38413
72680
23038
67448
1192
75626
29482
39794
45683
3777
77940
78514
31942
28241
35007
66883
43711
60551
4150
69483
20195
11868
29927
15049
77773
73278
15396
31328
66017
77907
81563
74853
19122
63039
79801
33763
19368
13587
31372
29925
76642
11151
53050
53342
70901
47873
39393
45533
5084
19710
58512
78036
81912
32999
19295
72846
42408
40911
52028
18209
58899
6402
62997
35615
75702
32951
35579
75420
81724
31732
54435
41197
64485
76975
37473
76964
56985
61277
68912
36969
81684
5607
64577
4940
25283
59794
18259
33914
56293
76795