21689
1506
3055
22686
26885
23301
4686
22883
22510
27360
19698
23510
15388
5915
13653
12872
24230
15583
14712
7963
20290
7153
5142
24144
24662
25650
9314
19347
12890
5957
14563
8698
27408
16396
5306
2002
23431
4408
10471
7276
22779
790
2334
14745
22940
20455
12679
16729
23675
13243
27145
10146
26319
10617
19001
4189
7867
545
8721
20411
4825
9163
12673
9604
20051
7680
12287
10229
16474
15108
23564
27017
27377
1973
16826
22558
14554
12133
20602
22923
14009
14911
24567
20433
6966
4036
26538
1314
18826
5760
20159
14670
5603
8231
22051
2497
16049
24635
5550
26766
2629
3654
19770
3109
3157
21038
22853
21009
25904
3591
24944
19111
13920
1855
3898
25235
12166
3
7552
9254
7459
3509
7813
8392
13447
17723
1796
6681
5264
7931
584
4388
5906
4963
24011
27122
5639
15884
15928
24
18971
22704
27287
23304
11164
26565
15706
1786
10488
26574
11307
12681
22847
12798
11539
15951
16646
17377
2654
24038
20132
14446
4591
14058
21235
16509
22195
3068
20855
17395
19966
19904
21919
12773
8697
17382
26123
22985
12339
20142
18370
26758
21365
4779
12143
9034
8559
2935
22279
25672
10882
14786
12437
24303
26658
21547
12397
17684
22297
24148
15681
16204
6614
25605
10395
23103
27501
25041
9245
12772
16263
16703
26683
9979
14818
16552
6114
17811
16351
25713
23544
5185
25260
22146
16813
14059
3423
449
25211
16976
16312
5186
21176
6326
760
1693
20959
14353
6622
1960
5541
3797
18435
16593
205
1083
5252
16403
24100
13190
16564
26515
17614
14849
27086
5587
10827
4121
5014
9625
24206
15906
5931
8528
21563
1044
20228
8963
13590
24129
6835
6607
21630
17366
605
8241
9355
23992
6859
11770
7739
27393
10895
12881
12148
4848
3684
17219
21824
11361
20200
24495
198
24845
14825
25078
2728
18516
12000
5382
15990
3566
14126
11633
10509
16539
15627
10805
19037
1407
23723
15462
5077
11268
18515
8991
13163
14776
3214
22930
15379
26536
7789
8765
15527
7642
25229
6426
1340
23918
1722
7922
25466
19363
12788
14793
19255
9808
22744
18624
11872
8632
9455
26694
659
5369
5274
8384
16967
16143
19398
8598
7222
526
7443
17026
24904
23834
13609
24292
11311
15230
19926
7633
14927
9537
21962
1573
12066
27126
17098
14084
24630
5288
17734
27172
11791
6233
11549
24661
14351
25170
4410
1720
27270
13051
17205
11068
25519
6241
2389
22482
8775
23605
26789
19526
26646
679
12216
5258
17399
4800
6900
18150
5128
27449
4449
5378
22545
8014
10139
22829
19443
9041
20488
3648
4531
3538
18397
24090
10294
20062
24675
3944
4452
6548
5083
18046
19135
5059
20404
712
13186
23210
11744
8703
8192
25857
26586
10339
22150
7526
27280
17963
25983
8095
22630
5643
10067
10331
7860
11696
9261
18152
15656
5811
24385
2692
24337
484
5946
26961
23215
26921
2914
24067
22062
7896
3152
11804
11535
5000
24087
18782
17412
8424
22787
15334
2379
1487
733
21580
25731
5322
462
26886
20647
21301
12098
25244
12747
225
7400
23011
22858
12324
10211
23118
16140
26732
12718
26634
11490
30
17716
22653
458
9877
22774
18986
5732
9412
17197
8999
5960
12838
23789
16294
7849
24549
19436
26661
26875
22567
18778
1950
14969
14598
22767
18886
26993
14978
2168
21248
3616
22616
14919
17943
37
22382
3122
24117
21596
18761
102
4233
4093
18824
8150
21436
930
22099
4196
18069
15984
16091
14788
4116
2301
10130
3559
13011
8202
21220
21769
3484
5404
4344
21876
24319
2504
22533
3975
11165
16920
22407
23954
22827
23378
13856
23624
14582
18
5166
19750
3825
13581
25579
3005
8526
27157
11052
18793
21498
23967
4975
1319
14033
20339
22015
5446
6565
12476
5806
1172
15118
13978
23201
26526
11966
14720
25437
7704
19391
6942
18429
12228
15131
11742
16149
15835
19387
6093
26496
1854
13840
16988
14813
4744
5199
17570
12807
3289
17239
17566
12245
26194
3704
18239
27091
17004
18871
1142
9342
5505
13970
19967
14900
397
25448
20861
22258
936
11686
16090
1382
8063
15765
17621
12389
25064
629
14760
19328
16927
13093
20188
8009
5980
26581
16524
12586
6704
7989
24072
22540
26670
19514
7235
1025
19622
11079
23554
24706
1658
2457
23134
17638
25351
19933
21943
12409
4209
5884
24345
14474
25666
25798
4097
25641
26490
7592
25201
7769
21142
14018
18002
19076
962
23939
14049
26825
15872
13298
17528
26094
17325
11905
486
2941
8972
2803
14465
24577
6877
20415
18246
10371
2234
25396
1619
7198
19101
27459
20599
7253
22081
14997
13233
3850
4439
3772
15312
14416
23664
23870
14378
3539
5863
4335
14846
20906
23470
17604
12430
8816
19200
11240
17015
17785
11357
3800
21427
26405
13386
5697
17520
17079
17420
9265
14608
18680
23814
14662
5038
14888
11260
23214
14979
15896
15556
23910
5230
19238
18854
16118
8509
15142
4764
4152
22781
2308
27181
16225
14095
506
14623
14533
18719
12127
17648
21503
10495
4049
27321
15415
11525
11452
24150
21858
17500
6050
18088
23988
18192
5342
26362
5036
16863
8058
14691
16530
21834
15746
10238
19776
21298
13453
23728
25632
25214
6256
16872
8515
9906
2482
15444
23878
11510
19407
19205
19976
26078
21323
6132
17458
502
15318
22806
10547
6117
2056
604
7746
13137
17071
4641
19045
14809
3396
14289
17670
17973
10253
19460
3606
21280
18540
19470
23738
22468
21522
10716
2700
19837
6220
10770
24584
15137
27437
27071
16902
1353
599
4638
16738
9015
4133
20915
12268
9734
22842
7132
7476
14833
3558
21895
667
24797
22500
12362
27018
9186
12576
20606
24080
16633
15437
20712
11014
24018
8834
5821
13700
8342
216
15861
3036
2855
15726
15649
3570
3600
20983
8692
13727
6348
22576
21730
8778
27216
26870
20446
24540
7486
24476
12533
24820
4965
5195
4302
22278
9051
27469
18897
11851
23485
2562
21973
13723
16331
18292
10046
16602
21920
23321
285
11103
22267
25915
7447
27134
14004
16555
3022
18346
2014
16519
24917
7914
12666
4032
9741
26396
17001
18019
8431
16629
26620
3132
4943
10874
20190
4966
24043
25056
16951
22339
1712
25971
8478
25603
20229
21056
15520
26691
8416
26774
13820
12382
15961
14396
4339
4419
23737
3958
26915
23643
7206
3860
25940
10564
25865
19323
24497
17796
3475
10277
20459
14642
14230
8327
7000
4592
2112
22525
25009
27482
20694
7110
5121
27483
2489
26326
10346
13493
2601
25728
13745
14829
1249
11096
8646
7987
5925
23476
20807
15538
21628
9728
11336
16670
8485
521
19763
24210
3195
20055
2409
24413
4134
20775
8672
23492
14567
21000
2761
2519
11284
419
13032
27390
8473
23391
9765
10156
7852
18976
14649
14577
4005
5310
11443
12875
9271
14981
20385
21472
23520
26302
24492
23180
23104
16941
17029
4542
14851
21811
17996
26162
22454
11497
11965
2718
4952
14369
13902
23000
9886
2769
27073
329
13272
18465
17851
14223
17350
19505
25532
635
27250
19231
21402
8524
6659
15850
1139
4400
10180
14221
18896
11137
2912
12469
18121
15497
25874
8748
1641
7995
3997
26874
13306
21175
12619
1173
5328
24865
12507
25697
24656
24450
14910
8910
9249
19590
21797
7943
2337
21831
1744
9783
7366
20901
5594
21723
2833
26221
4842
26056
13205
18091
2311
17112
27003
14456
6669
24056
19021
21343
20474
5285
6216
8103
11915
5152
20045
17159
3941
17118
9527
14117
22065
19435
25963
11461
7464
26452
24799
10990
1910
297
14202
13330
11189
10457
16015
10082
9105
12208
26522
11430
8472
23557
21215
7857
13706
15308
18440
7323
24368
6671
26257
23817
22994
21448
25527
3164
10532
2777
19897
11392
9286
10368
10033
2245
7765
17816
7697
21459
3168
13470
4561
3254
25953
12036
20572
15093
17328
4247
25148
6666
13305
1196
23158
5992
24369
5857
6987
27175
25510
14044
19099
4852
26308
16007
8449
9387
3789
5221
9290
22138
8030
6066
11983
6002
20942
2159
9498
6145
19415
3564
11221
4857
18532
2823
9714
26184
22237
23568
4533
7753
19667
7548
7409
8891
3364
10518
11628
23238
11151
17125
20783
9351
2545
10962
18008
4182
18381
12964
14073
24835
8916
23503
24939
3238
19353
7180
26549
3871
2640
2454
13535
1737
10580
1062
10466
26754
18403
22532
9868
14331
11849
25130
16772
8132
15240
13680
26799
24483
12377
21154
23460
24685
18650
18109
8189
22414
19821
27113
19339
18520
33
18425
5657
3729
26703
22253
26447
13528
25191
20012
8412
3458
6030
16577
21126
5346
25498
10772
11280
21167
6539
3730
20017
665
17088
10916
23338
20748
15165
14685
25585
21316
16432
16047
25125
17218
23702
8406
26281
2975
21966
22452
661
17696
20547
21886
20207
5875
2684
15865
13880
11422
20157
7601
10325
7587
24218
21551
7886
1550
22134
6818
16207
69
10413
18187
7909
19060
26769
9884
25594
2555
17335
4622
23274
8601
16662
17651
11500
331
15997
8382
24403
437
8144
24988
10702
1096
25793
3478
11839
22949
1780
15122
26017
4732
14658
3490
24698
9970
2712
3126
13737
1095
18917
26592
2492
20154
14980
15570
26236
23203
16671
4647
14169
10436
12116
19349
1033
620
1554
13513
1793
5840
2696
17781
15032
1676
3147
15738
13765
12697
588
15199
2249
9790
17488
2437
14068
8712
20650
7044
4486
10443
4557
554
22728
3933
17749
23247
821
1082
24330
20102
10218
9236
18669
6783
13046
14035
17882
23063
1054
20968
14599
25385
27101
10344
9923
12930
2206
19655
9508
6634
25051
19792
26294
24459
11621
3880
12907
6290
25350
1420
23389
26989
7424
9608
12387
23360
15864
19011
910
14524
18864
21868
19565
16072
11819
12301
26151
16277
7005
22108
18361
567
5942
14871
3673
12953
24749
21
11739
7690
11476
21982
14738
4861
22523
19521
1108
24258
18333
4707
23168
13895
15304
460
1285
25880
26084
11867
14436
11086
8558
8227
12076
13958
18175
5118
7767
3216
10589
8750
2096
21443
7115
12314
6014
16652
7513
3034
25157
10657
10213
165
25829
960
22383
15565
12146
10646
21776
22372
23034
26443
25267
2046
24192
6771
3633
23409
17375
14192
3341
2399
10642
7981
643
14425
22294
6587
24367
11229
22296
8770
20876
14542
11175
2353
9648
15711
4893
20056
12608
21163
21089
9087
23313
13425
11919
332
3776
1632
24422
20832
6053
26315
6379
3731
18351
26470
17154
22580
319
22684
12729
6775
18690
9515
17573
11997
13271
17922
14878
13743
18776
9068
19620
10952
8570
14151
14136
18586
16587
23484
17223
9630
5713
13627
8734
11616
3349
6746
22451
14800
23179
26343
8795
468
5654
474
21732
22285
7714
11852
23666
19131
25299
1451
23390
11724
6960
7668
222
25978
18613
25821
15455
2572
1164
4303
23945
8059
24283
5020
16871
23187
27429
20388
13787
3307
22476
8209
6755
5426
16983
22873
4107
3938
6126
8747
9123
8998
15974
26355
240
17959
25474
283
2625
3280
24236
18170
9686
1736
9423
12090
6480
20306
16375
3910
26942
5318
17316
21997
25183
17032
14113
4995
12711
23374
24726
6909
17438
16420
13075
6691
23937
7372
11120
21065
22598
2200
14160
17252
18183
23808
2450
23250
17702
20509
16096
24107
25283
13415
162
22379
21809
17780
15602
22276
15341
27341
2466
1898
22160
2088
3798
25289
20652
25355
11597
9761
7833
16166
3718
10710
15531
15021
8291
27199
25252
3468
4725
1955
9939
7163
17598
21993
17742
14493
26636
14986
25018
12523
11588
7463
11996
1041
9194
23724
24068
23399
24441
15037
24336
6738
18819
16612
658
2902
23933
9363
7009
10818
15170
27357
6578
22963
12416
23048
8461
24419
12863
660
5218
14363
23042
9755
5203
6005
20239
26819
27228
4697
12823
1008
346
860
4815
10587
9782
12332
19421
18317
26969
23841
27255
22244
19234
2346
23769
15859
18834
1122
2004
24805
3830
5076
10507
9858
24353
9074
4590
24251
11143
3867
9719
26745
9095
17289
6523
21540
6477
15979
13600
18811
16714
21646
7028
5279
4735
26604
15033
9990
26914
7278
3113
19744
10873
669
21659
24213
20256
10014
16855
6193
11060
11933
894
13162
362
20264
3809
22464
2538
16594
21651
13873
14789
25628
25113
25208
25107
16621
504
17662
4237
18958
9596
20338
4473
5933
7736
15646
4923
26197
11578
1897
6402
17262
16024
25368
11407
26685
22241
20075
11676
8045
2981
15901
15211
26216
12716
16356
6356
15095
3182
25933
10271
24789
9029
4919
25149
13286
16905
18737
3269
11194
26717
3556
22640
20846
1708
24648
23292
16377
11000
8121
22369
12460
6789
1010
3848
22457
27462
9750
22020
3710
26901
25924
21226
14486
19847
18766
9580
3775
23421
12052
12910
22438
18700
19085
13930
19991
875
22042
1613
952
10832
26332
8345
25896
19731
18113
2003
23644
18915
84
21521
13687
5210
386
25457
6152
20788
6253
23295
12763
19480
7953
513
20731
1230
23331
6697
16892
15563
18670
9825
26655
986
6265
13152
26246
13040
12317
23046
16719
6054
3754
1517
6036
3283
2951
24783
17322
10891
3861
7546
18542
5512
17677
27072
3456
405
8640
26706
8805
3695
8249
26037
11895
6603
12421
15482
3746
6974
11319
20321
1070
23025
24912
15286
22818
2651
25943
12656
17861
15792
1851
14303
10149
14008
6841
11714
9704
278
8173
21465
26551
8440
27442
2812
6952
7840
4550
6703
3712
20768
5989
25553
23077
15083
8425
23382
6497
15472
4794
677
11006
23606
5416
3437
16162
13357
7841
14478
9415
2880
17970
2738
1684
4911
10377
9377
10025
9323
14339
26349
1465
23913
18426
6440
26130
14248
18716
21287
24475
25331
295
21417
19067
1840
7615
2072
25956
1205
19543
9102
24994
3083
10761
3987
16119
13764
19642
10602
8851
17911
3818
12190
15046
23176
16775
2150
24991
2756
132
5802
18923
10619
18780
1402
12017
21713
26161
6786
11857
8729
16811
26510
23283
5523
13253
13893
5753
12057
191
16609
5969
17164
1117
13321
3272
19549
12295
3667
16946
18013
19690
27264
13327
14501
1891
20125
24822
1542
25543
24142
18208
16487
15030
142
26424
18743
2849
5440
4362
15666
5649
20036
27279
1449
20704
20115
3945
24962
17883
27195
9137
15325
26976
20812
24856
23658
24695
23748
7105
11752
14426
16937
3359
4257
25759
5558
21665
18876
16269
13944
12942
7228
3334
905
26115
20097
8355
7316
10838
7933
3455
13511
92
24998
19680
10848
25491
18965
11814
24389
20703
2841
23778
17956
13661
9378
24361
1772
25090
18235
4676
2867
16958
23681
2645
17060
17519
2331
153
25140
5434
811
15214
6205
8077
1199
9404
10540
26211
6553
18617
27296
11178
25274
15697
20299
12737
9682
24524
24676
8334
12335
20493
1883
8073
5817
22935
1275
7766
11649
9850
2709
13003
22693
16447
2663
9153
25116
6726
12848
10059
10594
12279
2146
16588
17049
26850
11887
24121
19287
20730
23097
8823
1992
25427
22169
2317
25005
26299
11030
13869
13378
8300
10997
22028
2227
2222
901
5877
15814
2960
17038
870
18380
14750
26848
4185
11951
18310
9909
22239
3337
13219
20168
25767
3474
15634
1535
12311
833
6515
12779
6800
6736
26614
2025
557
4576
23764
7873
10904
12897
21308
24763
20024
16304
27384
4901
2328
2214
18860
15344
20298
25884
6415
2857
12639
3200
14406
4431
15513
9988
26911
10426
21842
18412
2366
5009
17692
9229
22321
16942
5101
4128
13683
7523
20616
11669
9804
11301
24978
21841
25325
10755
3792
7410
14707
258
17307
17061
19718
14930
22958
17913
17006
1295
17892
15204
6817
6024
25026
21481
27186
3628
10485
16056
18625
7001
11146
15234
14177
536
18900
26713
5497
16322
11772
10615
13636
24465
13121
9690
16794
18553
21708
13291
10317
19919
25569
14794
12950
10815
491
16834
16062
4403
26575
19728
12260
13825
14359
23860
12424
26228
22868
3107
20862
3858
3074
24166
7251
7653
5882
26434
6920
5513
22844
4918
16177
24623
17214
7827
3516
9894
25175
9292
24274
16186
179
18658
13746
9966
22082
1214
13396
2199
5833
5507
13405
16035
2292
19601
12512
6636
25912
13885
20581
13938
20005
25886
14244
8317
6409
3230
20542
16843
22647
1344
14545
5767
19532
18365
23635
3981
24601
21722
19947
6714
8929
2811
27235
8979
22353
20553
11874
11439
8130
22035
22581
1971
12630
10056
15566
13225
5060
5572
18938
19860
7033
5338
5217
6215
4047
7095
10740
17052
15195
12213
4499
13314
11390
439
27397
5951
1814
5755
12771
21049
22588
21755
1455
12391
23346
6894
19510
20933
25855
3653
20109
22982
19971
1375
3739
27243
24943
25414
17606
12938
4450
25862
26229
15642
1833
9213
5588
1635
4353
18785
10453
23058
23668
6431
19888
17480
3692
3602
26721
22753
8919
23083
9995
13069
9904
9386
27087
4580
22971
1267
4607
12180
15611
704
25142
13693
9669
6316
14498
7578
5354
9306
15244
21679
9008
22126
45
1806
3425
27415
22201
26895
26461
26952
25964
13561
7671
10429
25879
24773
8040
22529
19802
22687
11468
1762
22879
12254
6713
9468
26013
12878
13952
25066
26814
7013
3541
18467
23128
21376
1255
9219
6464
22700
22666
6558
10106
7750
6392
1982
7078
27106
16790
1472
13810
11523
8516
13349
23151
17730
12566
9677
25616
2546
3447
24794
10683
13996
3642
20284
12770
20346
3408
25015
7023
10036
13440
16273
15351
10527
500
3531
21011
16259
25839
8858
16878
17403
227
8671
27254
8
8168
2241
12250
24697
17942
26272
19144
2577
18101
18228
9326
12536
24003
15265
22667
25364
8864
59
10851
7210
25353
1293
14299
7081
18919
13521
23417
26046
3262
27496
24203
14982
9628
11707
5787
4269
20169
18194
24764
25440
6365
3814
6374
26840
11351
22400
26505
24893
25067
21670
4218
23694
8186
15016
20754
25923
943
11256
9594
6040
17295
17545
4789
8361
2549
16985
15717
16040
23501
14762
19327
27007
18220
25743
24516
5679
15755
22450
9272
8178
10781
9518
24022
6357
17272
13213
10196
183
11638
15651
15073
1815
24431
209
22057
11645
9675
18593
27023
1498
2840
16428
6447
23345
10935
8802
25263
1250
18888
2610
5633
6612
19503
12774
15736
1490
7624
2615
24062
55
6243
16341
12200
19508
1440
9828
12044
20447
19994
11007
8618
20625
22836
20760
21337
15340
6573
891
23093
14088
25659
10885
2875
10748
21818
987
5248
15806
7038
8221
4256
10910
14216
21593
13506
15425
8900
13049
27301
16363
27055
157
12652
25992
14146
13424
4141
13261
27024
13180
19582
2052
6585
20426
5891
10103
19167
5571
13480
27139
10482
14312
25073
20218
9954
15186
22318
4949
26416
5932
26170
23566
15310
14635
11373
21260
11794
9839
11993
11668
17763
12126
10721
11040
22340
16545
12857
10200
12893
21228
2283
2319
20279
22634
19940
10510
24091
18342
1161
19885
21490
4479
23436
8608
17571
25813
973
7288
4867
27210
7330
6595
22910
14912
18928
1560
16128
6160
19115
4958
3111
4169
1700
12151
12958
6164
6492
4526
2363
2066
2260
11586
9845
26667
6532
16285
11822
12831
11655
22798
4596
23225
25677
23007
9841
24427
14748
31
22366
22908
16373
23881
9395
17044
838
5823
7358
1568
7170
8654
22699
4474
17836
312
6138
9718
5465
1921
8576
7391
4225
13469
16934
8089
11154
4935
774
8918
5873
4872
25187
23615
2275
12625
1424
26908
15233
20669
20589
8254
11205
2323
13674
14579
16499
7068
21953
14491
10649
14520
1847
9132
3325
3845
27014
21047
9439
22186
8400
3371
9916
5178
26480
22251
4428
10667
559
53
7054
8217
27152
19262
23976
3771
16460
15257
24652
16561
1718
2010
11053
4518
8183
13491
27474
9446
11720
24324
11259
21528
11050
23679
14958
7793
4297
16098
7502
25984
17525
6071
5053
10279
22983
1862
13544
14855
25683
22006
12106
21029
23262
670
5735
24951
15433
3139
20639
9523
1425
4571
21640
9151
1884
2514
27224
15423
19031
3719
6935
18318
11185
14245
13779
9078
6469
18026
13681
27351
949
14984
9798
9113
7536
17753
11023
24665
17230
26384
24348
4313
11557
14218
17979
21388
22998
3575
1016
2680
7805
15693
10003
19124
10638
8134
9086
13815
26289
1969
7451
3092
3014
13199
7420
12366
1
21139
27130
18576
3387
18420
10597
21560
426
3745
1225
13666
20536
18054
26984
6905
14143
18250
10673
21717
13339
20979
27371
10942
1194
20937
8350
27242
26627
18672
3046
13912
15676
5797
19869
12364
12557
1150
4087
26502
3643
10730
14503
17394
4982
21372
10804
24929
9770
15078
12160
27013
22342
15407
10461
26629
14940
10497
3248
11286
2528
17564
13119
15339
12258
19152
17473
17707
12605
11304
8658
12175
8374
13128
23625
77
2669
368
7356
10467
2139
15371
13864
22604
22091
16974
18527
9465
15891
22622
1933
1416
24395
22329
2781
1583
11413
8299
4398
7888
20394
11479
6812
6188
6430
12348
6341
20925
13168
10865
25424
15287
17430
18910
8874
7124
6644
20435
8762
19614
17405
21634
14034
11759
24873
14276
17128
15273
18745
7679
509
23073
20216
16113
3499
19984
2371
22528
12113
23645
15053
10354
26601
5419
13751
18585
11614
17279
27202
25304
19697
21411
7898
22608
9702
2480
26201
4490
3618
10097
9917
20822
14432
14803
6505
21112
5726
1019
13053
14902
24977
25316
19091
9958
22218
13595
10291
23477
21853
3537
17144
25194
24533
23650
8502
15880
22791
23536
21918
18500
14132
11212
15600
14999
16752
9572
13214
20949
10184
3317
22038
5734
9394
4760
10829
13659
11733
16081
19956
8156
17554
18022
5723
24702
6028
4927
21644
129
23649
11328
1603
3801
10045
11292
12920
15940
6635
23371
4022
1928
1085
19104
15451
14730
4413
12985
6513
25568
23585
4667
23659
18491
14391
3873
8568
15823
5345
25185
2924
14161
5297
18082
2888
24296
19489
22444
10224
844
2104
10308
22317
9431
11779
4869
9345
14211
16816
16390
268
3073
12102
18473
15776
19829
8253
26785
22578
15276
11541
4375
15659
15102
18190
14423
8950
14784
27239
11432
13341
6752
21070
18728
5743
9638
9478
24312
6307
19633
7726
18259
5979
24918
12596
14333
20223
9053
8628
26734
10628
25996
8785
23110
374
4695
21908
16196
25690
12086
11879
25507
16680
7976
5827
2130
27419
21180
1596
1047
10690
19426
15120
23405
24162
841
16785
10691
926
4076
434
17503
10299
21014
13646
2422
11567
15786
6652
18481
10929
18913
13461
18580
9617
17323
27298
21615
2211
12447
23828
26686
11606
11870
13967
6155
15263
13800
17502
9562
6174
18994
1727
7433
14414
5421
1916
19176
16234
5474
15694
9472
25560
21297
17288
5612
19269
13497
2174
15366
7758
16847
20354
2746
248
24326
7307
14633
17612
19248
16484
13861
11695
9156
23433
18458
5533
19322
11037
64
24149
15155
20929
575
12886
16994
5948
16251
16801
18948
22552
19477
11101
13187
16537
26190
13067
3217
23982
4285
12050
21951
2191
13109
14123
7512
16887
8270
13159
5402
2733
27162
21948
2041
1428
12939
23963
1571
9653
4882
8311
6886
981
14769
25610
23149
19628
15544
19437
12493
20684
1135
20481
11828
11113
19737
24615
6983
21466
16746
4989
7166
8844
18475
17249
7812
3815
26380
11702
15087
15831
2634
644
26372
24902
6417
25483
22810
19304
20122
14589
4637
16279
4203
26545
18676
11397
12642
9253
4143
9335
3416
13622
24984
5896
237
17927
18710
5688
24614
15552
17105
594
15916
15512
25375
3535
19659
6284
19540
23062
3926
15922
11366
19221
7646
5003
2906
10859
20886
3629
827
16691
14286
16361
9586
26052
27337
6489
8112
16238
27361
10973
15950
13774
7829
24172
3186
18640
20376
20841
7384
20378
4341
3763
21144
23805
4013
17653
2597
5171
26370
22176
8682
21779
11585
1937
19279
16914
21605
9207
5066
9023
15691
3896
22391
6993
12882
24792
19185
8580
3435
20465
5362
1360
19677
1823
26831
1279
18757
10005
21095
12997
26060
21184
21269
7080
883
13087
23994
2797
4613
21512
26613
613
19365
6930
17283
24814
6963
14256
10785
7756
8723
4970
1789
20674
22352
1895
12554
2958
8943
12818
18530
16469
2688
24030
26926
22210
23361
15056
18943
18964
15938
10983
20068
13833
23443
17868
12884
8985
5666
10193
8888
11991
17345
1926
1647
18215
5560
4977
8371
16533
10236
22363
1724
13808
26741
6695
9488
356
14232
2184
14864
21924
7139
17383
16019
23015
11782
2608
14616
742
23795
1078
1239
21421
5409
17902
14892
14732
24591
3298
18844
20248
3105
14583
13195
2256
23069
3966
19212
19917
22720
15331
11961
14349
24271
9556
7245
8159
6642
2655
5163
18066
6292
971
9181
9298
18137
802
7189
11474
19107
19574
19707
12613
16788
1243
25141
12225
25307
25239
12969
11973
15766
21699
12977
342
19335
8519
25806
5582
1539
27365
12309
22992
16567
798
9888
10261
18036
5727
21694
27329
8303
4355
15574
3951
11237
1131
11927
10696
993
25866
8000
10574
13024
26637
7149
18720
12479
12329
9278
25718
17014
19713
649
11318
13849
22009
8661
2741
1901
112
23580
4384
3063
23228
9921
24154
22738
24281
7970
13022
11482
1116
21846
18229
7338
897
19088
24634
741
4067
16026
25541
24506
21987
3906
19650
9846
21028
19147
13100
5597
4108
16086
21572
13573
20515
4046
4396
7262
15007
27311
5162
19379
12696
2093
24821
20026
7297
2116
26004
6340
5379
1514
8879
20574
15665
1666
9393
18198
23720
2254
23755
1882
22302
24608
15176
18775
4597
19388
1911
8539
22486
10599
2475
5455
9492
9661
21594
21355
3788
10557
7880
20439
5849
9109
21396
24432
6175
143
22420
6601
6294
19399
11074
17357
4176
25704
25163
25678
23101
13371
12945
14948
16159
13489
777
26341
26255
19478
26105
15066
26393
5092
9830
19499
17043
20072
4461
15023
19558
9626
19286
1839
785
1335
20406
764
18801
12451
22088
9944
14271
15639
25329
12521
18376
16762
3072
9549
22663
6850
1453
23355
7468
21763
5702
2269
5885
26145
7906
23926
8579
19227
15264
25221
3662
10474
4620
17771
21277
19551
17845
2428
12555
7720
9516
24969
10264
15968
25851
5030
1431
20028
1032
17301
12407
10797
1104
810
388
6454
24722
27012
8824
24959
6808
19112
14513
1753
10262
16386
19313
12489
4456
14025
4420
8080
14236
27246
25619
16435
13363
2882
9199
13987
21006
24048
19192
4320
3224
1222
19668
25262
19113
720
11942
688
23253
16550
13715
27118
19139
7779
24934
2998
18282
23932
22911
23999
17167
20720
21384
20868
4281
3443
23002
21170
26041
11809
8470
20518
10926
19719
19194
1742
13175
21104
22516
24315
21330
27002
26782
17107
21865
18131
13591
6083
3889
19879
1988
26401
27038
21907
25890
19567
17187
435
22761
14697
16685
3392
17748
24829
5631
17523
27200
13279
11598
18508
997
19810
1368
5705
24233
25827
4718
11002
20513
10327
16339
17865
19794
12688
12575
15640
1865
22310
1525
15509
10166
10174
22068
24564
19162
4271
8455
5999
22882
2082
5412
26274
16174
8346
6183
24515
25340
11065
10789
21345
6717
5777
21062
215
4753
8955
20294
1288
18450
21193
24739
12510
20562
19850
16853
18755
9803
5139
25146
723
20843
18513
20291
17801
4514
11198
4179
2360
21642
22789
5410
11063
2186
8020
2125
11435
26138
17513
10852
11911
1588
22838
9171
5093
965
20805
23599
12867
3522
10069
23018
22916
19733
7352
11514
19220
19295
7940
10968
21761
22118
7608
15844
16410
12992
7090
3207
15507
21653
17196
23690
16485
11836
15152
10022
3700
4715
7562
10116
20150
24714
23776
26680
1006
7220
8759
18056
19755
13760
19434
14074
18941
9061
11519
10091
8541
11090
7063
12242
23066
5482
10419
27048
17987
27368
752
2819
128
2898
10601
21890
5534
4326
19444
22899
16774
26509
19726
8881
21019
2312
4687
8531
16104
5240
10122
14200
851
20740
3095
17176
1354
6525
15373
4422
20796
22429
11127
8809
9856
11404
12238
20436
18561
21200
6560
16724
18327
12358
24375
4887
25035
12367
18269
17532
18548
17934
14321
22714
4283
5483
6079
5562
8246
19542
22980
20092
8421
9929
2970
3581
14302
24241
4623
12706
19599
12488
12724
20172
15361
5133
14039
16490
6098
26223
13010
22670
21485
8641
21903
24731
7572
24525
21626
27079
20662
11149
17494
3839
16325
23142
378
3177
9810
7997
12496
23060
24639
13554
17873
22694
12758
4058
20484
651
4469
6319
11568
11236
15357
9519
20084
14991
14098
15650
15394
10609
18123
20896
16706
2220
6870
9144
21131
12816
19054
1482
21080
13790
1183
27063
15799
15404
4837
21531
23408
5578
6282
11380
2925
17629
17961
11241
17580
23891
21712
20990
4508
17021
17824
21256
22173
5776
17949
126
20174
190
2587
20633
3381
4028
1155
27486
15846
14590
21243
22362
14675
21739
25004
23553
18909
11652
14438
13260
6792
20565
25389
24757
23450
1623
25785
25753
6867
12026
11762
24503
16501
21122
15800
25738
12101
3919
14961
9777
12454
20315
4092
3675
14667
3117
3550
26126
20274
16638
17389
26027
15222
5621
17136
4771
6874
15207
18272
19372
27034
24887
27121
24265
10124
11697
20486
23779
6833
7268
14105
18663
1056
4267
21495
6075
3666
1121
7819
8344
11679
27464
16695
1946
13145
24222
23570
19955
23528
5645
27129
23590
9698
12504
14780
15213
1889
2988
10243
19579
1392
9793
15959
6060
19908
25085
19495
4316
11416
26805
9030
15788
20448
27275
15882
7380
10782
19380
20501
12803
13173
20418
12546
5045
3959
10459
6824
4810
8083
16809
12269
25679
10030
1304
13017
19834
9373
1652
26058
27398
26092
6919
5997
5108
6227
26095
6387
7803
23265
13434
7623
4369
3011
18075
8050
16531
20374
23710
19242
6706
17831
10632
2020
15296
16457
24850
18300
1216
8550
14744
1208
25843
18390
16669
173
24561
26933
14840
117
18960
12009
1259
16137
6330
5074
26179
9542
26200
19472
21788
5669
23037
21588
11112
19817
17960
17539
10359
24137
4094
18630
12819
21475
21208
21933
6842
21937
8743
23850
23196
10289
18603
8935
17589
15590
26409
26196
24554
6613
23411
26860
8493
14407
8898
20331
20178
11743
17611
25496
19927
7495
8047
13677
7994
13515
25932
21675
11808
6829
15539
13390
25099
22490
26070
10208
18483
4729
24880
23900
8274
22071
4078
8263
2447
13060
19450
8933
19605
835
10391
21307
17448
3373
3995
14266
21622
698
15251
10693
6163
23883
1325
4835
17183
23480
14398
1875
23574
3562
6299
3401
15796
3826
17466
7851
18162
4292
220
16445
6274
4160
34
6362
23857
21400
1316
15540
1190
13568
15618
24196
24438
18568
20364
19957
24750
8283
26000
4929
10636
21800
10437
26199
14187
12417
24228
10381
8588
21746
6107
22675
10404
413
25775
21457
11274
26438
18482
14385
2393
18143
11345
20003
11250
5392
23819
21173
2034
7342
16852
16247
4934
918
4332
23833
25405
6196
15490
11114
15594
7682
1564
6632
5487
23784
5559
2673
24182
24923
303
14729
21682
4630
13619
11658
26727
4470
17932
13085
1252
6574
3785
7663
22228
26404
3027
11015
10079
11877
628
15862
2418
17792
5749
18391
3983
20526
2473
26557
2304
22891
6059
12766
17617
16215
6762
19782
2791
17989
20974
402
12756
6737
26267
9815
4657