2858
4303
26471
14300
16882
2554
26329
9020
2301
24126
4123
20463
25361
11243
23852
22372
25507
6734
13014
4074
6250
18166
11928
15418
17650
16385
23954
11940
1555
13804
11652
9672
26975
14909
15561
10326
16635
25615
11467
2100
9750
982
27675
1398
23898
18922
10997
2066
13322
23297
15078
14637
20208
1701
25830
18614
6062
17644
4003
2713
23795
6410
25328
15717
17207
16817
26943
15196
12734
17369
17645
2709
1112
10986
23698
6327
2772
25532
13650
16036
22721
11661
23175
6867
22526
22320
755
1495
21408
3441
16372
3333
15147
23544
15500
20090
18685
16416
8474
19079
4493
14934
7982
6336
19605
9280
20908
27284
3072
20772
11430
8490
22074
15624
10557
9022
18156
10469
22854
18032
1685
7087
24005
5004
25131
7940
4398
24771
9352
4787
9872
12464
21109
7690
8370
19817
13870
7890
11866
20056
10906
19050
23517
9418
27582
18205
15910
21803
2261
18109
8685
17326
5552
2422
11255
24976
15012
20480
11767
15414
19236
7620
23117
27468
21299
11224
14538
5583
27199
14271
11703
829
7290
25470
21122
6208
15241
2236
9465
6092
19497
27668
8755
11123
14703
24393
10999
10556
7608
13854
5828
26377
16028
981
1719
21897
2097
17921
22896
15446
24529
9683
14748
8979
6554
23212
22775
10394
13741
16731
17565
8431
23261
17798
302
2437
24331
17193
3388
23646
19678
743
24301
15569
12030
17117
11211
8501
20719
5149
3606
6863
18769
15938
9546
12649
23965
14396
12301
14267
6022
323
16910
3317
7357
19905
3651
26610
11636
22956
27147
19851
16067
15913
26340
11458
22541
22939
21967
24253
23368
5614
11887
12898
7051
12779
2431
15816
27053
14522
14664
27602
22299
7585
22069
13541
18193
18741
22903
23837
17284
20485
15876
23477
1406
9290
3904
14988
23277
26737
11451
5911
2212
6181
2659
8156
1144
642
8136
25454
23804
16062
8073
18499
2861
12147
7296
11693
19220
5690
16661
17870
19896
7460
14415
16754
17276
16117
25774
8871
9715
5873
746
2958
26539
26412
24165
24106
16615
16253
24939
8612
11776
11383
22714
12193
13339
20511
116
12483
15111
15460
25282
6185
11474
23920
22645
26386
14572
13241
26870
13491
14110
6127
17409
14735
4648
15516
22016
3996
21251
19198
16054
12617
9769
24564
19598
20906
25376
24181
16569
5008
16434
26590
15432
8972
5047
9962
9057
2176
20378
18488
3974
6118
5639
13179
11879
17109
23967
11342
14338
979
19384
5022
18778
16833
23216
21832
13442
13588
27540
18091
23571
1674
13887
7424
15954
432
11460
1198
16952
24748
7244
17861
12743
12824
14714
23332
770
26123
7151
26827
7861
583
4667
345
25059
17500
3554
6683
6231
20819
24724
15154
17200
22808
9244
12983
22172
14313
19182
12688
261
19137
14519
12593
1721
13519
25738
3916
21295
9549
22874
16063
22378
25570
11641
12755
2616
17848
24388
1036
7722
7914
9647
11542
16232
22232
23621
12397
26933
6284
26295
16479
3031
12709
14133
4296
10897
5959
21557
21498
20871
4934
19944
11001
4367
27587
27555
17100
19614
4886
21957
6958
4288
10885
11714
11060
24490
332
11724
10405
19887
9468
24317
17102
12463
6589
10869
20576
1632
8060
17236
13469
1077
10316
2221
10375
16022
7100
24497
1294
25142
7689
20974
3890
998
13268
11102
19848
502
26255
13137
13359
27528
9955
18616
1473
23586
10145
629
27492
5622
878
459
3420
2026
7804
4922
7888
26586
21059
26310
27162
25272
5897
6147
8000
12807
21761
19771
21019
11948
18182
6269
25827
21670
18626
25088
9299
10551
9179
22957
25270
23592
5458
19230
26967
15319
18314
3578
23711
26915
2804
17393
26204
9459
8894
22116
20563
16296
23047
4453
14444
22162
16310
27412
27138
23514
18734
21328
22801
5130
26770
6909
22610
4241
7075
11533
7120
25326
19708
26684
26744
5081
11650
11518
11675
24284
15716
10599
3078
26931
19491
653
270
5183
20625
1303
20352
11663
14712
13475
2789
22266
15282
14959
13759
6226
13622
26214
12809
24814
2139
10934
19304
762
14716
19023
3681
16002
21271
17918
359
20152
15919
4775
896
14125
21176
24118
24156
9028
17518
9140
7512
23079
2123
21722
6317
19751
17407
24459
17808
1658
18792
16534
3146
15408
876
7639
19892
13246
12958
1063
6711
25587
10832
23942
7397
7744
865
1397
16839
14544
14967
884
1777
2874
5076
13769
11149
21955
11204
19988
20185
15606
27358
1430
16504
342
13933
23936
1515
22331
564
16858
26618
13299
5861
8183
24421
12140
8309
21618
9923
15176
11329
18525
12772
1733
6798
20257
13455
6138
24682
8885
117
18825
4525
4762
20399
26094
3084
24927
2129
25346
6312
12700
21464
14808
9958
7516
6332
17705
418
2965
19141
17454
12368
3768
8515
9652
9018
13803
26914
24294
14859
19894
14653
11063
19027
17125
15998
17244
25423
9239
14493
24822
15479
25658
6764
1712
15545
17874
27091
20267
2302
13048
279
22437
25815
20244
19877
10950
5721
5682
17246
18027
3699
11039
20729
12717
6783
439
12424
17148
9631
8523
2544
7330
145
9370
27507
9747
12456
20459
18996
18852
25855
15734
2832
25624
24166
8365
10471
15651
21181
12157
8037
5195
24715
13935
4227
30
18863
14533
4488
15722
10706
5935
13064
8130
24840
15188
16314
5477
466
6827
71
13125
23260
20702
25382
21676
12299
6925
14751
6818
9248
15736
9424
948
17490
12831
10729
9833
161
16744
5429
3137
2092
18886
12866
26959
3389
9619
9968
1154
22760
10
2890
10856
13945
27418
12975
21876
16108
27497
1884
17530
19699
10094
26446
10528
9989
20643
3474
14699
18444
17888
5057
22132
24611
24035
3958
17715
3543
19654
8742
20774
19549
26363
21191
14928
19622
25319
8266
16472
17687
25887
12821
8614
8566
20375
3007
8282
23928
15813
23891
24966
4790
19318
25853
17035
14800
15215
17643
24230
2009
11190
3016
3512
10384
26074
24949
22821
20874
26775
3401
13890
27120
4744
6962
16806
18083
12774
4486
15777
601
12805
26154
13238
6286
25699
24011
23002
8632
15253
7142
20008
25879
9996
4396
23693
23614
13284
9390
21742
18679
518
19089
21514
13412
21000
19441
19321
27176
8229
8622
11849
24604
4312
20294
1641
9789
1808
16403
6582
16140
23366
962
23752
13634
1793
25995
9269
20000
13697
21591
26196
2620
3933
21976
6628
25653
24979
19060
26447
1308
17599
20391
27155
3454
4650
12089
14073
15060
4134
13831
22927
2666
12449
8489
13192
16201
17227
8486
6469
5837
17334
8879
5476
22055
3374
11914
8232
17091
4677
9628
27377
27071
567
2547
15296
7405
20423
17209
5466
2997
4335
16918
18051
3313
7264
3669
24847
27348
19022
9727
23753
1981
9673
15470
4835
11364
15769
20647
24402
19636
8014
2278
22607
16976
10690
22480
9848
4954
19309
11523
15065
1980
12291
20400
6053
11744
20146
1530
18761
11450
12167
6039
13312
902
1373
11298
13276
20361
11774
1739
23835
16930
3685
421
26816
4350
8790
11270
12654
1254
22815
2586
17695
13285
16781
27010
25525
15005
4332
7686
21458
3277
25803
18796
8841
21158
11194
13792
24680
23129
785
6991
8704
21995
12811
11682
3885
21267
778
24258
2050
8779
24514
4186
2363
7762
8775
23066
12106
24083
24403
18550
10423
10849
9003
25948
18602
17659
15119
19470
23420
10381
26053
9188
18016
12529
19268
6604
8811
19484
21574
18251
4593
633
5841
15682
4610
24533
21476
17999
15620
8675
24356
7750
2768
4177
6878
14759
24453
3504
15943
17066
10853
22043
14853
4440
21960
1853
27562
10666
8752
6280
7385
15688
18116
23719
14619
26974
24222
14812
15990
18518
7391
1362
21707
24467
18326
10433
16526
10961
21547
8696
13845
9599
7850
429
11265
10951
4842
409
8766
282
21401
24855
7277
16125
19992
10443
23683
1155
5107
15069
10208
24065
2844
10723
15614
16946
17139
3831
25216
11501
16787
667
8527
8546
24911
14821
27198
23994
5371
7990
24477
12927
17384
19998
10066
13563
2087
23413
23286
25487
6527
6661
25847
8170
1531
10138
24513
2924
10808
20662
5880
15797
16046
1438
22696
5937
23869
5546
17103
26493
5040
24369
20232
18341
9517
5205
22889
5993
10376
10699
22250
22448
25264
19872
11281
11218
8516
9467
9570
8346
19461
19720
19512
27568
27622
9749
1600
2631
20277
9214
10172
2800
21153
5300
26853
148
19145
11925
18212
4777
12629
26182
26076
10515
18315
25396
21823
6205
12843
18953
5128
23026
13346
531
12141
26845
5078
1765
6566
661
6143
7035
7088
14472
6503
13131
20825
21431
26675
10734
24836
20051
27151
3932
23908
13092
11942
18930
7918
13923
15720
877
26566
19931
27227
3148
19528
27646
21243
2637
11036
12277
22228
8195
799
2788
11047
10845
13157
11514
15702
10882
2355
21814
12599
21376
9948
6279
7175
25222
26842
5744
1676
25772
6382
35
17314
14769
21882
3482
9929
3251
15451
1403
10407
12410
9831
27487
25029
2728
22664
3940
24348
20527
18945
11575
11527
11349
24654
10964
5733
19172
15792
14562
17965
14644
12510
26109
22241
10786
8931
27047
15982
18814
16651
14790
4904
6240
14141
9892
23759
1695
22827
21908
13764
18387
1018
5964
677
13508
27537
7597
23681
7612
17302
1213
7534
20555
26814
2722
15535
22410
11786
24535
23953
472
2006
1812
2012
4959
21374
7616
22682
11362
10944
16082
24552
5293
23872
14342
21800
25680
15962
22095
1974
4925
24590
2159
15103
26501
10038
17899
19018
26438
5970
18288
14365
22633
3023
25392
25757
6837
17303
400
24363
19661
740
7465
4774
24140
5245
10343
289
10658
23192
24276
25722
26530
19131
12120
5430
12170
20287
23003
9945
20645
12493
6663
6319
16552
20959
10803
16438
13102
7468
14782
20376
26276
5204
2793
618
25670
10212
10249
23975
19609
2902
15389
22829
11443
5184
16693
18397
7182
8895
2774
23009
11609
24799
10535
4083
17781
19510
7976
6219
9907
27008
11622
18127
1392
14306
23388
19841
3425
20347
18427
8786
26003
16465
10124
18450
5449
15274
7566
7112
8196
10971
15510
20507
16259
15372
6258
13643
10060
24315
4387
5792
13815
1562
13172
25857
20157
26645
5700
22580
3734
6987
4557
25554
16836
9376
27627
24091
25958
18068
14065
22514
27243
17054
23981
4600
26088
7995
21215
10452
22527
8468
11139
22485
5843
5509
21443
19412
4725
26385
5034
7862
18469
1281
27132
9698
25566
25166
27443
25175
9883
18147
12631
18662
14055
25635
7637
10509
20170
15664
15600
18211
21489
16949
2481
4484
20573
16219
6854
12079
25609
12478
17818
8086
14369
4635
9060
2766
13104
2282
17774
4189
20093
11558
6104
4141
14796
11858
3906
21448
21141
4475
11626
23535
3421
19588
10481
6612
20464
2590
7541
19862
19456
5854
8688
22148
10581
13042
18864
7856
2522
21597
15999
9091
8658
8039
22363
3863
1842
5658
15209
26756
22504
9497
24934
16335
16596
1485
27045
7360
9928
24207
12314
7795
21259
12860
15096
22922
1263
20125
25016
13120
24043
23281
11426
25987
2741
16181
16544
13366
26947
18652
1565
15548
3857
14753
4210
21848
26483
4726
26711
20026
12460
13724
25777
11336
2731
21907
10461
10079
1132
26032
15348
17749
9603
12523
26724
14453
26188
10346
298
9414
16209
13884
24880
5441
9480
23863
23188
21077
3968
21423
13327
6220
25119
15576
8945
1340
23070
12767
7103
22900
9779
13603
11617
933
19403
21713
11283
23042
23271
21566
23103
7494
12609
21847
4913
11520
22490
24848
3220
21452
10923
12322
10278
12025
22435
7698
26271
5136
27208
6549
14351
6080
12233
11967
27629
21706
4829
5887
18806
4101
13291
22004
19055
24574
22964
1533
15867
11030
22609
12542
27233
14386
27031
24242
9532
13428
13306
21920
10982
20497
7369
16850
23487
17832
11633
22265
15021
5314
7774
20242
20136
21133
20362
9535
15229
694
24201
4562
26260
14409
24061
24016
6918
12060
2245
27425
6875
6459
27700
8396
19767
3430
22596
26349
2514
17592
11957
17503
10992
10104
24213
15177
3210
7359
22494
2655
21855
647
18103
9663
26785
20111
8725
23763
5452
10290
5634
1989
780
3381
3219
25254
5829
1505
20415
239
18484
5647
4985
6971
12110
25351
6215
22790
19865
1483
15524
26651
9556
3712
27226
15439
10817
16868
3303
8917
13731
6173
20738
21289
17552
13989
27456
15693
16064
14181
14694
19136
7463
19330
1073
6532
13375
1149
19449
18438
2725
16139
8514
2599
14726
18528
5817
1802
1195
13233
2565
3501
24664
27643
21363
24626
27610
11923
5791
9119
15929
22311
18139
10047
3229
20215
9876
25245
3755
21286
26701
3095
19275
1318
20711
9638
6061
24613
18368
26693
10498
5767
26905
19800
19951
9321
8497
17969
13582
17981
9851
2141
11455
4359
1752
21411
18700
8477
14255
4266
11052
8672
16282
17355
13596
24542
8665
2424
16323
26129
25640
11437
19838
22123
18020
23784
11484
15762
13980
22534
26631
10976
2795
19082
7731
399
19566
13282
10006
12946
15240
21628
22218
7269
7805
26245
18559
20778
2070
12246
16739
1874
19822
17934
1259
20333
7005
4705
21784
26163
20339
2882
23334
9509
8166
1936
6569
20324
4887
27192
3207
22902
11692
25633
13917
24977
10536
2452
4375
5848
4200
1558
14863
27406
10403
1730
3894
25730
12330
8270
5219
7224
4322
6387
26022
15749
8254
11354
6890
27619
27022
24133
27326
8384
21506
12218
18308
3017
6389
24925
2233
5493
21686
5423
25181
1880
11487
6318
2226
16342
8376
7545
21468
26765
2229
219
21213
23640
12098
17909
17609
9980
922
10034
18417
15633
3975
17884
3702
2653
26359
18754
16445
88
24688
24891
13812
9821
17028
18131
5263
20812
23062
13549
23322
25915
26872
21947
6937
24179
12690
5090
23562
18321
8146
65
9044
26355
20474
3458
20169
4155
11160
26358
14330
23999
7280
11382
13222
17667
21609
17911
24443
10648
15164
2315
21532
1663
13673
7819
24320
24669
20651
7038
11505
22998
21527
124
10642
6168
18897
25982
13
11182
18185
20694
7007
26964
26804
26455
21206
12468
9863
4502
3411
12580
23556
13385
16227
21358
26553
19004
19002
19695
22397
3015
3716
22619
21757
6637
10758
25967
11742
16135
2258
2916
5955
8585
27309
15839
22008
18413
2930
4459
11286
5715
15674
8814
181
17342
9331
10215
20612
18378
6700
19564
2345
23230
2898
22555
2466
1414
13314
18570
25952
18456
7352
25742
23330
2608
27063
6619
6996
15152
24774
7451
12187
7926
6433
22566
2951
21604
11096
3104
8524
10264
2558
4896
5561
20547
21416
2663
2183
15191
4092
13542
21222
14277
13751
26795
9804
11666
16106
5210
14850
20441
179
11110
7412
4057
26792
22277
25925
14688
13749
20484
12566
21943
23641
26851
17429
23181
3423
26086
6256
2693
2116
12387
19907
23298
27691
3469
27116
20993
15786
10525
21400
12450
27191
11002
27435
15830
21306
4418
17345
26066
10611
2605
23858
11497
2813
21230
15697
17133
26101
847
26110
852
8829
10482
23201
8643
22384
517
6654
15181
24782
9586
11050
23945
23595
930
20964
9108
537
25290
11325
24308
7237
824
16873
3743
13110
15169
7343
13961
18859
10621
24884
3927
3433
24434
14259
12270
23220
26354
4698
5060
12441
20748
13900
24778
21903
21166
25793
12171
19595
12511
14376
27224
19104
12601
22570
24632
17219
5165
17251
21273
10589
25572
14118
6010
989
18262
14702
11162
8711
10415
12292
15791
2687
19146
10836
19971
27651
7242
10625
8678
26303
24559
1905
7676
4235
10684
2193
25938
3379
20628
26426
1868
8269
2576
25991
17161
20269
6422
15364
13058
13239
4736
5356
14090
21732
7754
18239
2915
25754
4682
19399
2109
3450
16605
7727
23432
12795
26042
23358
26077
5127
25219
3536
14932
22212
25646
21868
6049
23993
4975
13761
22937
301
13553
12984
14609
12520
22647
401
13214
885
24379
5316
22211
7073
13261
26240
13417
14896
25401
20148
22573
10567
25931
6801
10488
12558
17083
23656
19760
23788
9259
25625
14470
16558
5585
15144
26858
19684
17398
7970
25661
13145
14596
16903
5927
16496
20228
2321
23394
9477
14762
17363
22654
25410
19989
2378
5202
1916
27660
18883
1957
21159
14162
7812
16458
858
9181
19375
11695
24261
6812
15291
18222
8310
10065
1942
7166
1241
23377
24101
4840
16353
8994
9938
25295
7921
22879
9450
20798
15806
11869
10273
1045
1591
5630
18711
18332
12910
7579
7284
3257
22543
9785
310
15903
7110
23775
19574
6594
22031
26887
23055
8464
23672
2536
19367
18714
26925
8899
17045
2333
1525
22780
26285
11891
25899
25036
8901
16166
23138
27682
11394
20935
7092
10915
15691
5337
12288
16518
11133
4969
5159
610
14210
16999
3108
11983
8389
5595
10766
2292
13210
7130
6120
14951
27268
26515
9565
19176
15847
10787
14284
6649
19191
19393
10794
16998
6271
20540
2112
1909
7140
13111
20350
6721
587
21794
13659
14998
23454
25126
3116
15268
19210
11567
8315
2151
22731
81
3601
27396
17727
17959
17439
16156
24414
16625
23155
15039
17481
6213
11376
19286
13976
3036
11135
5411
27623
4260
22627
11116
20886
14878
25865
15883
12968
1189
20197
6199
12334
12244
17949
1084
8718
19282
8839
22195
9436
22912
14887
9608
27037
8608
18434
24321
23250
1163
22292
10820
4862
481
7551
3749
12000
24436
19248
17641
8835
12256
12228
9199
12430
21900
857
238
14554
25277
11321
26008
21631
23248
6678
26034
9357
23813
10597
15611
15383
4944
12937
17557
8214
12854
9397
9526
9798
16793
2627
14322
14172
18489
12663
17279
23666
27334
12040
3791
11894
10337
13566
7621
4319
5673
12211
4691
1424
15350
27182
2807
7840
23442
4131
16369
11425
24212
21985
2470
3720
26224
3700
19831
7944
997
843
2850
9862
23743
27092
9813
12835
3754
20199
11402
24266
18680
21696
18703
19536
18521
6376
20274
22257
4808
8005
8609
21522
23363
7674
24100
4803
14828
24524
5811
5774
13147
19122
24097
1385
8733
20433
7836
17374
2166
576
2435
17122
6023
1226
7153
20779
16094
4864
8758
1898
10752
20757
16005
2973
16915
22142
20883
24150
10016
23173
7967
14020
7248
6442
10733
22856
14403
20461
23381
1557
22177
17897
8621
23828
460
16947
3126
13294
20945
16799
22969
17176
17638
18934
18789
1324
23106
10275
2661
15245
15458
27081
19568
8174
24116
175
6112
2956
13952
940
23764
22779
20128
9099
4421
26754
10204
6736
14758
16273
3839
13547
13176
11295
1573
22035
27098
25872
18749
3365
18278
26565
15138
2509
704
2572
8262
2421
7301
16719
24734
23971
6415
836
9972
7957
5824
24481
13776
6343
24981
7599
16450
4966
15247
14604
25206
6445
12069
13612
1857
24753
10839
27029
18688
23881
2110
21239
15687
8941
6884
3765
26656
19360
15996
19200
4701
40
4272
3179
23063
7713
7308
18111
8356
25258
8923
102
16697
3404
23529
11644
21069
21318
8098
4538
8964
26776
1
26307
23988
10286
18097
11171
20676
18514
11411
15027
14745
1608
12434
16084
21523
11820
3917
25093
13021
25311
3728
9982
1103
7929
19095
20692
15045
19453
12695
10130
7503
9068
8549
25025
21811
25082
17247
1093
10239
18584
21640
13100
18362
1683
22306
14978
251
4615
5871
12351
25689
11796
25013
2674
5714
15332
4107
25512
22154
24337
5406
1355
10220
13270
26265
15632
13499
7529
2718
11829
6521
19335
6189
19144
14659
5706
23525
20444
21102
15272
2703
22058
21196
2391
8603
23196
12949
25745
2763
27600
25548
19485
11815
23019
15825
23643
14004
17215
19477
12179
3990
15360
1332
21829
7575
26395
22641
6773
9461
15333
21115
20408
6024
8653
3639
16761
9312
791
9760
14588
18361
8586
19283
9718
25446
20295
4545
4431
13714
2146
27524
8336
20229
687
16986
16417
2412
1870
13572
26508
23349
16307
1767
4715
9304
23463
6790
18722
20926
7047
9051
22101
11418
22564
26250
24409
4568
4007
19422
23630
25012
5140
8299
20603
17513
2490
11589
14240
4278
11271
13532
20099
98
15776
16826
2983
24704
22733
3960
19315
13807
26995
3950
17857
17259
3696
20309
26272
4251
3280
2495
1673
17940
25027
11234
12286
6088
16891
12636
3040
22327
26626
22284
9784
19690
18963
27079
24627
14740
12757
9660
13781
16704
27423
18304
1545
27004
24158
17415
13641
26176
12181
12304
13784
21145
25598
7478
3563
7878
5522
4078
19779
26704
13994
19948
26361
8241
23655
20917
17747
11757
25546
9219
6492
2143
3468
8050
9130
17528
2989
14156
897
7588
25003
11361
9852
12342
8036
18828
25974
23724
22207
6000
11580
3170
26459
20595
1621
22415
27338
13686
26833
21392
10167
8447
5502
8249
23669
2920
6402
11798
25564
21581
3352
3234
15533
20351
6668
4577
624
23205
9807
11181
2405
5460
9288
24905
14375
22197
24696
18938
20571
3528
17422
11253
4161
18767
19515
12051
13822
1948
12643
12622
24281
21125
13446
22513
14882
24790
14147
5999
10634
17710
17697
17544
2175
11291
25045
22425
20859
18049
16198
22536
26416
7447
3462
14377
3869
6746
20022
1894
15492
22743
24093
16756
27661
25808
18977
14825
15346
25419
6267
13247
5442
5438
26330
17929
1912
13265
11705
10879
2749
23
5346
14673
10254
27386
6294
3981
7080
19704
24339
7741
21648
13007
21846
13382
12279
6758
13968
3332
16018
3071
25047
1761
26965
23705
10940
22083
21657
19520
27258
13875
18123
11668
17826
23238
9153
22866
16424
4556
16014
560
22419
14040
5092
24956
20032
25786
19070
47
6929
7515
27304
16995
7776
23425
13386
15661
1050
25839
1741
25338
22021
246
19544
12679
9850
19271
20984
16099
6430
17757
2911
10463
22839
4042
22678
4355
12571
16292
17618
23097
7828
21130
9913
2051
26247
19965
211
9812
8064
13028
19891
22457
10777
17063
5049
25729
10222
3766
17294
14204
25602
23551
19947
12552
22765
2501
24596
1464
16242
5668
10571
17816
25133
7257
6646
663
21205
8850
3034
6498
15129
25156
4043
18445
3289
7628
23339
867
1538
3548
20194
25476
2838
22447
5146
8440
15286
664
6510
3086
16597
8412
11899
2757
367
1445
7036
4183
3048
7519
25906
24545
9453
2839
7907
15053
5907
13438
2426
25513
12727
5741
4447
19093
18023
16486
20011
26056
1711
24374
23502
20173
9346
6992
12074
17445
12124
9501
17849
4171
23088
22404
7227
9004
6081
16157
17838
56
12775
11746
17257
18890
13114
223
5270
12533
4520
18333
15584
21793
7785
22395
23396
16075
2657
16881
7213
15099
10122
17304
8989
6847
4869
3949
5542
2306
19731
3254
5604
5382
19273
6484
8910
15654
15405
22104
19939
16772
19968
21276
22687
9474
17059
21343
3965
17040
25540
3819
22989
20781
14422
16927
16171
8076
14023
3876
18039
14941
9489
12991
19432
17637
25188
1696
1054
13796
22411
27368
14944
10207
7008
13511
14031
2646
113
16724
7197
4853
22240
1820
19646
16684
19256
1382
21435
11632
3655
24506
9148
1499
26536
17677
11731
18246
4657
20763
9579
7680
4490
17979
16859
11570
26145
15486
801
805
3851
26136
9705
10369
8542
17266
14192
1804
21371
11875
11901
25768
18823
5083
547
17829
18905
2253
22014
18009
22518
20841
153
1840
18692
4404
5946
3942
7206
20951
26435
10743
313
1617
12435
19295
8684
7114
16582
21804
8510
26369
7954
12263
18272
2118
7553
9843
4618
10026
20583
1236
18580
3585
274
16511
18260
17988
13797
5541
26721
7379
22336
3061
25466
9969
17019
4912
12134
13702
23493
17487
18411
23450
8107
24636
26071
4812
4533
1171
16306
16409
24196
12919
4032
14480
18424
6715
4877
25580
18913
21687
13988
9191
21395
308
12504
23378
3341
14843
3493
15731
10959
10113
18403
13304
19499
6102
10184
12173
11074
11012
1439
10224
9078
22049
8088
9939
26710
5117
17183
25234
16565
14524
22358
4388
25538
7133
16349
25385
15367
17585
17812
27206
7556
14380
22560
5391
19434
13908
26444
15421
82
26173
15040
13037
23597
20704
10602
8792
13062
24629
1990
11388
17004
9545
375
19036
2375
23845
17073
2944
3184
21404
18766
21394
13407
7217
8951
1919
21369
3577
27573
9721
11750
15311
2478
15546
16363
25158
2361
25523
16321
6558
26087
8928
1143
14046
10056
17604
7671
3913
4995
24306
4116
12747
22587
189
12398
9611
6702
10071
19810
11608
3160
7581
12750
2401
9887
20161
5486
11079
4016
14629
19993
156
13712
11843
25957
26683
10148
17575
490
15727
6244
13000
1207
27401
11248
21280
4881
25152
3647
20178
21349
22481
5399
4258
23293
27310
16404
11867
24711
22321
11938
27007
4215
8291
2937
22761
14164
11112
7443
7205
27546
15255
23511
7335
9298
18478
22540
11771
25660
19356
20981
4937
17248
21987
5228
13425
14581
21934
11561
15093
25056
3439
26524
13352
26984
5016
2314
10566
18547
25242
17563
2527
16980
6516
24865
104
23620
3131
905
7743
9386
13109
5757
6500
16595
14189
12888
4409
9941
2000
7772
13527
14743
27294
18786
5415
17725
10335
26127
2963
16767
24899
6157
1848
15971
19979
6303
26016
18949
2936
23107
6792
21028
5323
199
546
16893
12906
4795
20052
2434
10299
453
22215
2045
17960
19787
24679
18877
8824
20121
22704
1337
24618
26320
22418
4900
26117
24186
15793
21162
10888
24051
27483
20107
9087
1162
20082
14341
7678
957
15591
523
11598
21084
24777
7763
16044
8633
1122
5533
24762
4218
24845
5654
21321
7063
6161
139
4553
13625
7160
14106
20066
14198
6477
10005
20624
20832
21779
20670
17198
18232
2336
20534
1471
26525
15214
10824
20253
24359
1568
22061
6947
24805
7703
22603
5329
428
3263
8456
556
13679
4047
3244
13395
26232
7433
17462
14868
13331
22474
2459
11549
4379
16962
2811
20368
17740
4641
3679
2046
14680
18247
23473
349
8801
4245
25859
19741
13699
24023
3052
15750
14871
183
22440
25821
5977
3880
2331
6214
6806
15340
25225
13835
22816
11838
20075
3727
18651
23916
2132
22317
168
21840
26957
23153
20384
8954
14838
14771
20417
25374
21891
6456
22569
20866
25364
8116
3567
9690
23734
19626
25067
27218
26895
8449
12887
4750
4938
644
20939
7462
12018
24073
1026
1501
21654
8897
7152
11111
10191
24989
5095
1965
17764
6145
27083
3810
21485
11210
16411
7144
10674
815
20519
24993
4250
8481
10912
7868
26731
18612
12586
17858
18031
14291
13860
9899
12203
26880
18635
6585
23034
1168
19166
18026
18541
24244
22719
6135
27466
24828
24025
637
15344
13832
17130
8556
11588
18169
7333
6137
1008
6927
9498
27509
6753
2206
21009
11159
11071
14517
1612
23632
13589
13189
19344
26479
7025
9367
4496
3592
18644
24653
22351
393
24427
14010
2270
11442
24582
12404
18199
21926
4757
6537
15326
25462
134
8594
8204
23198
4704
6367
202
1931
19797
25785
24176
2142
17406
26672
13204
21352
1830
14085
18916
16033
19584
20622
15132
12648
18508
507
10883
4407
26821
3725
9401
10517
26664
27127
6578
17319
3294
19506
7658
13177
6859
14216
22810
23403
5061
8274
14233
12677
19855
5305
11582
1927
856
9429
8024
9014
12360
13669
27253
13081
25714
965
2298
15800
10179
12318
10860
20210
5670
5784
19833
1785
5810
13230
20637
19044
22346
21333
3327
2979
5801
15742
25923
17845
6222
16238
15385
11846
18831
19501
21865
10774
8860
13695
12880
5729
9342
1552
25897
3521
20626
9204
25440
18220
4632
7188
21430
3204
18594
23607
20490
609
25038
21194
13892
5125
21093
21094
6030
5525
23745
8043
20256
16675
1955
10086
15978
8119
1363
23883
15260
13200
20043
3489
22753
6070
3274
8575
19713
27277
8124
26558
499
3785
14441
21945
5255
3360
4146
14051
21056
15235
21661
26637
5110
4277
8327
18282
9595
23930
13397
25075
20808
10724
16577
11145
22948
20921
15221
19960
18074
6452
27317
22670
3611
14097
16376
20828
20317
27449
6396
27107
1749
8421
9310
2829
18415
16085
8325
1779
5298
23013
10544
25705
5237
22620
1181
6690
1630
5986
8537
9226
6016
25431
1291
4539
11086
12009
6035
16190
19006
1738
18351
4541
19348
21770
21031
26578
7317
6725
19730
3346
3268
14584
7484
24461
25057
4238
9737
22268
19113
10900
9757
4536
285
14431
12471
23124
2868
2373
10894
1134
20589
16118
17166
25345
2385
4821
21046
21224
19235
7898
14361
22187
17067
9250
25498
14225
16969
26465
21315
16332
22388
2080
20451
6601
11987
17578
6546
3419
14974
14768
871
20299
27014
3643
27518
24874
20013
23747
11393
12669
5175
9482
4194
13071
9038
7018
23405
579
4015
5291
21253
15309
1724
25584
20468
13256
4064
9267
3136
13463
19313
10200
1059
10748
10233
24860
18137
11908
25103
25112
16820
5574
16774
595
15304
11372
108
9281
3688
9122
5283
22114
20588
18986
10157
13162
18120
21036
15379
3843
17791
16643
14250
24900
13086
11313
18794
7604
20353
4469
18763
22933
13139
8079
6953
9286
25479
10359
19261
21539
18162
19925
9731
17471
18669
19404
3523
12874
10522
1862
7321
22672
6344
22921
19987
11657
17151
25798
14772
19008
13889
5365
6896
700
3847
10916
7649
12035
5186
15183
14082
1219
23818
18845
14841
22545
16266
971
22562
11014
23959
14309
26617
18868
21586
10713
13874
20655
22849
5028
2910
6979
15498
5513
23581
6615
25304
26404
10309
6611
11806
13482
2820
12798
11359
22986
26544
5753
7648
2074
17991
8219
16939
3826
6727
16664
233
939
21843
21072
3631
21384
4163
191
18731
1141
23314
5071
2056
25492
16807
11305
913
5169
7956
22119
27216
27476
14489
10501
2750
14590
9169
15395
6740
6363
5274
12415
9410
9159
5918
14919
26378
22213
11077
18536
24239
27597
18618
14
6246
8862
25764
24675
8581
4512
8463
18971
16394
24644
18562
6605
23766
11974
6351
4211
8033
26862
1648
16077
14045
26992
5373
14117
16766
23163
2019
4584
16681
9318
730
15893
5480
16557
15955
16712
15820
1829
12495
11651
1582
18061
1152
14698
16849
10929
25391
14901
15430
17733
26571
4935
3568
12846
894
25179
15676
6259
22797
3775
3888
784
16247
19873
25594
11830
14408
9233
20411
23584
11513
14511
5569
22949
15712
2779
18172
25657
22973
9110
7077
6565
23819
14462
5941
17017
15826
18295
1271
16431
22023
1099
11990
15757
178
5697
20831
17627
5122
19156
8405
19671
27650
18462
11200
16172
8611
26072
8190
4945
1346
22027
6899
378
20896
1626
15206
6357
1249
12496
12234
18837
15555
27498
2196
24948
15946
10282
10965
14503
24917
4625
8258
3151
5564
22467
7667
7454
17009
12707
2683
9589
714
11739
10829
4946
5928
17536
20849
22530
2442
19556
26045
87
307
13964
4848
22976
24442
25710
25495
23144
5327
21719
12043
2036
11895
8544
22850
9555
720
7396
9440
5780
26538
15033
27169
7382
22456
16017
7414
16150
20040
10352
25197
21914
4341
20223
18334
7938
26600
20686
3621
24761
2955
27019
19915
16666
24742
3801
21169
18099
23308
22279
11023
22430
12378
27637
22091
12458
15642
12328
3194
15085
12498
15857
21751
444
22709
16588
19241
1454
26184
16978
25922
20788
23384
9333
3392
7056
9271
8075
21826
3830
4022
13141
16695
4767
23391
12546
4940
9763
6330
5102
12789
879
23150
3663
387