20838
30271
4514
46866
38715
59298
22
35723
18403
74213
44609
52612
27432
42260
7661
56592
65781
3956
36434
59847
65667
75623
43075
34536
51797
5125
20695
62101
45147
13300
58037
1407
59970
80826
62326
77273
13092
28186
46585
9597
10906
11563
6144
758
80519
21408
37038
64983
76585
36803
82167
58770
53429
71195
40029
43025
81670
59274
5981
34354
4147
8309
33852
69491
72906
69670
36794
38951
76504
81892
20524
21419
38537
51976
74205
41375
25262
21428
4988
66757
39897
32628
18920
27509
74831
51399
44496
24143
26113
54279
50664
23558
12347
72502
42888
51209
19975
37506
80043
34920
24784
8454
76577
12948
78377
75529
52713
25897
67853
14852
75686
68609
81273
17882
49419
4375
3753
40932
35388
40443
76184
53175
44911
317
66743
68176
8131
7966
40820
11489
70867
15915
71774
67564
81524
53372
72417
52008
77255
47368
53731
75727
73830
13224
61350
44595
65216
16950
60932
36884
22700
30321
76974
30233
26508
65490
41669
32940
31774
70742
65634
59473
10919
22450
52644
34147
43613
49854
82303
15315
57095
71154
27028
19583
65245
73487
23416
51564
29468
62754
45114
30505
29687
13628
62876
22614
50975
34196
63109
23557
58903
43303
62147
80128
28198
7349
57469
797
78409
39003
33701
31585
72864
49965
76190
42622
45674
54691
46321
45618
79736
65457
59019
3812
53271
26476
16092
66101
30140
25641
3967
75178
4693
19033
64992
78112
46093
38355
43882
24295
75298
19487
70280
33221
9061
32544
5945
12888
69859
6675
9405
57774
62116
50590
49877
46211
46829
80420
303
39641
45353
54671
18730
64522
66432
37326
17396
39999
78338
14860
16413
15116
76851
2492
4234
38302
30850
2469
849
79069
48746
79957
42394
47378
53743
24485
22221
5721
47615
35140
81991
36537
77092
22565
78624
44031
7748
51329
69695
33639
53122
62975
56515
59365
9324
56546
52187
42464
58080
20990
31346
18497
24699
63339
79883
2717
61387
74
3728
4225
29543
58964
936
54883
77343
69481
73394
45822
27567
44734
12882
59422
69139
35418
58223
47898
51562
15759
10131
67527
58546
23510
7001
10808
45002
22826
68893
69959
55968
34238
48659
56832
18559
41897
24491
9393
49589
21549
41933
49191
58845
16994
42392
1243
37890
62169
2693
37909
78403
73971
33181
24029
77586
78352
76519
77461
37850
35538
15771
13228
78217
41415
31108
59336
8582
71279
18341
5209
47585
31262
77981
66386
33394
2731
80234
71828
68961
6334
32201
12429
62189
47867
38660
71874
25991
54241
8879
80437
76627
69608
59980
43435
72528
64579
42545
6573
25613
44531
1018
34814
61599
78147
70122
58506
64464
65944
50916
70311
78601
73226
30618
45408
80008
32274
64502
50494
24274
63933
46135
46011
57538
24795
59779
72088
909
67193
30548
58651
12857
46551
16840
8637
32964
19612
64772
65222
33033
27943
48342
69281
24768
65421
49260
69266
47100
5479
30150
10294
37197
32099
72959
21376
73705
23891
64560
40491
38465
19482
79119
29665
56231
5729
61286
77074
66596
61680
36108
47733
75391
41915
31162
18352
14451
7187
65635
47928
69626
76288
75689
67289
50990
51381
30699
70883
19552
48531
79132
28123
7835
79050
32562
48548
65561
65446
14088
37925
75636
13455
58048
5674
9909
40279
26618
56996
79944
23231
74749
66852
56865
74716
58921
149
67185
47159
7426
62124
29913
62565
43473
62719
32833
74103
9062
52670
58761
26280
18088
46402
28640
67989
41860
78412
61840
13294
41997
45988
69638
71578
75883
81894
10056
1335
70371
51429
23483
39386
16872
9839
61533
26922
69975
67881
58640
56448
12686
43441
10168
10461
43728
49958
4099
39757
38276
64556
68487
74113
58200
27029
29069
27804
39835
70737
1260
9383
30555
44919
52407
13190
80745
67655
74545
49561
52175
11298
81686
59248
72335
41795
60863
44888
21468
28634
67676
25821
14390
54721
48302
67678
14330
67484
31433
52835
65298
44251
31657
2223
32185
59053
12343
79532
2350
67812
12223
7600
40905
34659
77000
71439
73825
54134
3066
75504
28035
32785
20950
70206
34459
67617
58809
79778
67638
56488
71197
81981
129
33659
81657
37213
67815
26467
77947
67936
16616
16344
73609
3134
19296
27335
45843
38064
32317
63094
15599
27749
43644
3904
1606
58134
70188
14128
42450
13960
52752
66078
60865
52873
68245
50596
76643
73415
66615
52467
35049
10633
44525
79477
80164
67649
59531
78002
19802
76481
32623
40891
72866
48163
74256
32907
18338
38006
79354
55233
55971
41350
20022
13797
12853
33795
58587
51777
43092
11510
42914
15430
69246
24380
38686
24435
1226
11153
6005
10596
7422
21741
74994
62085
21951
33188
5818
14438
16936
76418
7823
6895
38502
30778
25773
40263
73883
69069
13372
40419
47614
52229
1357
20575
30486
35439
7040
30585
32075
15536
59596
58257
70804
36308
13656
31639
27951
62426
51922
29768
69339
56884
58782
61100
50897
56397
7470
41831
43401
50120
71637
14955
16735
43265
32867
21598
49728
663
81477
2417
43697
8996
74027
13453
72434
59625
59604
8778
69423
27363
10538
77666
29092
60322
58869
71252
43253
47494
2669
31643
67857
78805
46365
65325
14196
45073
66277
46431
78925
55792
42309
3339
25271
27632
43949
9051
2219
65322
65289
11016
45110
77523
11898
24806
30272
28096
46658
54153
78131
2375
69819
14136
60171
3473
70850
49304
43008
77578
75833
68369
34847
48215
10019
66576
41345
51050
74673
65996
48674
20836
40693
14062
29258
57886
27273
54150
65975
11407
62313
29291
18472
27790
60015
39110
3534
75425
72628
28160
79943
4808
65521
37533
79570
49837
56666
16353
46534
58275
64740
969
46885
32577
60482
73845
25054
24973
77209
77027
38555
74479
45859
42472
8322
75329
81281
13660
53472
52958
34211
30312
24153
52858
36369
17914
9211
55345
13289
82309
63003
70676
35753
76569
28325
78174
2854
18810
1053
7544
53969
63170
21535
13885
56454
62495
70538
20101
20910
69289
45722
59657
33539
11553
33384
19101
78787
1589
82286
52220
79598
6709
79445
29678
70052
76139
62932
63641
80546
44929
10459
54630
3913
65046
67075
36614
919
47293
11064
35693
56498
72041
15050
32791
48013
1374
78225
4471
63605
51986
62469
45534
18005
6838
53230
9769
3320
5596
57665
69709
79263
37385
10787
33242
64750
16946
80941
75944
37511
80884
38845
23066
64279
75702
56535
4419
62567
47417
30400
57144
48684
7437
72881
58075
81380
71421
25814
52584
13539
64516
53025
61347
13965
13591
66559
21783
41852
40836
79010
42519
56009
14742
28843
21877
17458
76298
52028
29003
32937
80026
62235
62881
46157
43744
62599
6618
32080
11214
58777
18712
76116
58428
25050
31779
26237
36849
54434
48817
34581
21893
55467
6009
16717
12592
45766
71345
64495
57557
63123
63951
777
54963
15474
16129
47313
67560
74967
20883
16599
51099
20557
49618
4958
59097
26343
20076
30208
60718
5911
29307
43238
54856
58579
79025
34477
397
68280
7270
43690
44088
3543
59315
242
52334
54942
32189
72773
65538
30037
28282
25911
77640
57858
67397
13605
42995
31626
40017
17320
3824
40186
13872
54127
51550
80876
24158
77757
64832
37619
21770
41608
46294
24547
60104
76634
72635
1010
18159
57401
17613
27321
81389
42745
57830
25598
76100
26428
45365
28583
41955
15360
33576
13733
3190
81559
64266
54483
46952
32127
1674
11033
25755
25550
3820
48764
27115
19298
78704
44413
77249
41314
43182
45893
55834
42642
69318
72010
24575
39965
11048
15817
23745
53190
7362
47369
48432
33163
80387
23288
64216
48290
17986
16832
76717
24093
80353
18423
73714
43282
60688
65720
26000
34706
80888
75908
71232
19149
10141
33403
62579
54873
68594
79899
461
26125
68349
55284
34453
11701
10766
65921
51709
50488
20829
65735
44949
8808
68307
56251
77275
62618
77883
26538
34396
63643
35470
81534
72762
52294
62701
81713
41713
75217
56665
80267
26402
73678
79537
44460
39109
69357
80466
79431
40097
44154
54140
54798
37421
62198
21063
18110
34546
67314
6013
64616
20850
41842
73683
40271
32341
26095
15994
56362
54672
40235
71748
75520
52539
2100
71809
57277
64669
14476
16384
74092
37059
59965
65655
71049
14929
54825
23405
79390
4921
54952
28949
10390
28401
80768
31892
79424
50901
72806
31120
43137
53253
2996
24817
3560
51527
51119
41610
28780
30639
12445
77367
71078
59935
40732
76686
58658
59834
61447
45561
61601
63124
28560
25021
5262
16247
26819
32635
34634
43915
6902
28194
30295
68256
51243
13082
72019
78309
59279
5325
18671
4289
1189
57426
78294
24028
16208
15966
23243
40544
23240
80116
44510
29491
15848
12113
50404
37858
49624
65982
71656
51716
34405
73179
48588
37112
12411
79688
55811
46485
34382
58454
28914
62855
20034
81221
74665
7222
508
19987
14071
30167
24177
62821
76072
39588
20802
76821
44601
3995
48237
44060
50703
8260
80715
71430
63442
28068
450
49572
15945
48515
31889
57946
74714
60487
72138
41486
79882
70821
54266
73719
28338
53295
53221
13140
73974
21789
46555
72427
66282
62699
22311
5568
55504
43501
13062
71943
71512
37267
32288
55209
23809
48842
21707
47514
43335
54694
65762
32900
6997
10425
67801
79667
45649
58941
46064
65731
44365
76994
43153
4941
33490
27316
6853
71368
71575
59788
10832
44119
51576
29362
50213
55524
13052
71643
25667
71661
77946
36788
71555
82102
20726
64485
9732
67410
19226
54336
60853
65381
1672
39045
6232
59904
70998
29431
50290
59360
58285
26015
30058
81348
16801
73932
53802
17188
74627
44619
32987
10492
63459
33037
2398
10309
2735
51882
2504
77860
58603
4804
54364
71008
51831
39075
67981
45583
42417
78432
28566
8329
80312
71695
47879
8817
64683
45816
62018
53887
32199
79094
10929
63918
68497
79260
43816
7753
32452
47968
43944
79
81437
27494
28496
69531
36866
61157
63866
78319
78258
58498
11295
16270
57026
58866
13034
80933
78875
31802
46477
70718
70013
60652
61265
1365
78945
21582
39562
63131
2166
40996
8116
11627
5141
3768
67079
57075
42426
32024
43129
75598
78898
36188
9898
38373
8381
37077
7134
59212
73324
66886
69204
21354
69478
38668
15855
44611
9997
36360
53363
41867
39525
60815
60099
51698
12775
76963
12460
62165
62486
80773
46311
408
61052
71159
65576
70485
27596
63251
79864
23938
44674
11693
47974
66162
75548
80093
30866
75858
13799
63534
40649
60251
78084
49781
15725
76183
58218
80270
69713
10443
47799
50063
21892
12732
77014
53333
37989
38121
56626
78570
51660
47600
54519
76280
63118
34900
49611
78750
79986
23081
8892
55583
81436
25914
67038
47497
81873
72958
38422
82276
41052
15426
7745
28811
35076
21077
75022
13250
56348
78101
51826
51283
2843
9151
18152
7047
64757
62648
529
47030
12036
31317
13676
77834
10197
63
10192
77097
27501
80258
55230
42128
386
50794
40710
68319
20550
4157
20450
73855
65888
53445
36346
54018
31798
35568
26869
5506
25570
8229
53836
24481
52899
20962
45941
80944
5076
56453
51584
68918
2974
67689
27514
52036
782
75695
65430
47785
33780
40134
68742
53151
12200
56697
60806
77937
19824
76741
51323
36672
34548
73866
61412
19039
7321
32980
16996
57501
50771
8175
14503
42329
79781
52144
53642
59190
10453
75095
82328
66083
26913
64865
57615
62916
48664
7097
51428
31413
37729
18628
54403
605
82124
12966
5408
16513
29011
21672
43235
27885
20118
35974
43590
59057
24654
4313
43892
51369
13641
79995
58799
33685
67740
81665
68823
8937
43995
74419
72678
24905
78577
65931
73446
48446
5022
23966
19152
8389
51624
46367
41176
580
82220
46725
18641
44630
7267
18705
59308
6593
40225
30962
44976
78157
22958
58396
81301
19971
56407
52092
64848
11074
54194
77798
35947
56729
50782
55330
50126
1573
41207
74788
67110
63478
21411
38044
68309
36599
66467
53910
54720
45600
71692
39056
41385
28394
3139
48652
55998
48417
51834
64823
45714
58717
22277
28657
7926
46412
79249
78122
5045
33999
11193
39420
34774
79557
54273
29463
2218
78735
50563
80329
70552
66464
68332
10528
79748
41877
63899
58017
11833
53906
20279
49916
22749
36195
70936
46828
33229
39379
79732
2447
53797
21663
26206
44340
6324
77423
15070
38000
18460
32434
75148
73717
6091
74386
72702
49068
22672
75913
26809
59884
6563
66455
16466
68857
61887
27824
8492
81611
47358
7073
39517
63859
59824
60131
41065
27465
5100
17089
1236
69082
26831
12613
70758
50955
51130
229
66557
9344
17196
77899
58613
52941
70686
18849
56711
80916
53296
6663
192
7713
71591
5033
59039
65803
38547
39650
74840
11066
42938
73144
17689
40494
50905
8662
45033
64077
5091
28016
30390
53215
56430
69327
77614
55488
57089
51665
73392
4065
76310
17655
61527
54096
35771
22602
25593
64953
69167
41780
44562
55862
1506
16445
22218
77199
71129
55985
19410
71621
80844
53053
62746
36406
38209
30736
38155
31403
53044
30728
65602
50484
11124
53628
18102
71387
17380
75457
4640
4573
41454
62190
24
43968
27562
39351
23354
78629
35161
72930
945
30347
66760
57894
81115
7131
33507
77300
55506
48595
70628
68737
56305
79246
76379
79342
37139
80569
59198
69592
65152
29739
4203
38627
80814
75501
79543
7408
34362
12197
40393
31236
41729
67728
54749
19450
20664
8268
31468
11160
63322
34109
60144
50309
48750
13752
2304
22778
21699
81415
39119
82241
68560
6130
54848
43102
13814
30890
49082
80110
25624
54333
63014
32947
57337
40394
46331
70878
72449
472
1570
26306
2861
50353
20955
21530
59749
71547
66828
57035
17370
61922
5404
81866
24968
7803
36921
48934
33330
9575
69057
15834
55889
19693
56785
12000
35149
54353
10449
35369
9448
64019
46232
15699
28476
82049
73902
9534
81059
40332
76091
58156
76683
48427
41642
15823
74600
67200
58178
25964
3590
18050
56282
49371
18399
79454
66624
45277
57802
9525
10367
82211
62263
65937
19505
40622
34411
69770
35592
55591
26244
40241
4121
20744
78564
16578
20015
36254
24359
3168
58234
71062
5454
19060
1783
21987
73434
77156
9834
37093
57092
56029
59578
48491
59736
9793
42136
1191
76554
81796
9601
62392
36654
55009
47512
4112
79033
3049
12327
45666
42084
24300
6055
61796
21821
8485
31303
25411
19324
5857
57170
79052
13488
9044
70949
18943
11127
38220
37309
66445
40700
77107
38226
65202
15912
38390
47640
2435
26399
22630
73006
55311
48632
18168
6690
58987
73210
5813
1274
73741
78766
54837
61329
34425
41430
75250
59615
65388
59666
50856
33069
15253
8547
35762
32417
60217
55217
4552
54122
34611
61537
45881
14774
17659
48135
15215
21965
15758
79285
36268
77138
25744
58342
23460
17031
55800
43258
24184
22265
76580
38095
38765
38156
40252
7722
66146
8884
78046
33131
16392
14822
25007
29177
13939
68162
43299
29248
23028
51389
45899
35024
40683
57397
1554
1174
1676
29614
69742
51800
66247
27526
61075
47459
69073
32371
23151
56793
26420
67363
494
59418
12084
12818
18823
4769
74136
64100
79109
28386
70727
38965
7295
79745
73856
81581
51091
67264
52803
11288
9785
76237
6531
54110
27059
4577
55853
21046
24006
69131
72115
53794
42168
60772
30559
22792
63103
54988
42033
72443
54512
5648
23014
23106
13769
33310
78295
59413
14313
79819
47258
1704
10897
29807
23141
41702
40637
68760
32443
12831
10884
75904
56570
24018
27329
62121
1697
32
8049
38694
17477
34810
22135
72944
43005
78870
58338
10189
62895
11714
27237
50708
72121
3800
22035
25883
43353
57751
3512
1727
55357
75103
52905
65862
45632
53409
34329
50167
16254
46840
35792
56770
9375
64926
79358
28753
81644
40076
80654
45864
44321
27390
66545
71542
69434
40112
74297
37243
64092
71296
15730
62304
11349
75097
70356
75640
53439
31912
27817
75470
28065
34457
71662
26469
40968
81809
3931
74817
58101
4547
38264
76784
32208
32137
44644
40716
73159
76341
7513
51921
4282
32393
39442
32272
31578
74503
39977
17309
8456
26046
20025
18855
76603
14428
27307
49703
8299
1877
58252
58900
31336
75448
51485
57285
5302
3176
10030
38988
54370
67321
12896
27139
51314
14911
27577
51231
56128
21579
62909
63554
60028
23585
7454
5785
33607
48219
41232
54202
26593
80722
68401
56197
46915
17551
74055
251
63384
7170
65989
68782
39474
6919
64167
43712
54095
72614
51116
42190
34627
67764
72478
17722
53547
64549
74393
82337
63698
32599
19388
72950
80059
80991
59210
18919
20979
37173
60958
44191
61082
25557
77854
30467
66207
35849
26821
23166
66725
33978
45355
9280
27379
76307
32254
47765
70484
41892
24578
4020
65788
38423
52794
55744
56033
43388
2045
67370
62465
17721
41423
63063
30307
43446
38632
73348
78892
78125
62418
818
29315
33357
6555
5770
80428
26395
53582
5961
42371
34064
74044
2948
47350
63274
48199
13570
51597
12440
68378
64381
4770
53996
79267
67388
8113
155
76888
81499
77812
53694
66016
14349
32262
29458
45125
78324
864
63318
3458
45493
78789
2942
11848
30359
71856
74617
4975
9625
265
8106
79492
22836
26512
69555
75730
47444
67505
37593
26020
32517
60139
3569
43999
74291
77517
63291
40107
7955
47623
21627
77370
11478
81085
67781
7294
28645
10527
15168
79979
73772
54687
37266
72068
16260
44233
20030
17502
54597
38533
16076
45936
25195
4033
23870
59256
76496
74130
46058
24493
72368
25127
6136
45134
64009
4688
37099
50907
65406
25180
54802
39578
1715
15822
12500
71206
78040
41285
81431
18783
58931
54682
17475
69392
26210
42593
8930
55039
25009
81124
56297
63387
43937
35307
34784
76432
75025
64792
34760
4845
7578
4115
19540
68761
69250
38514
47829
32426
79403
69456
63467
64881
51280
45192
59704
12019
39948
36213
13610
81819
42762
29078
68053
9495
4708
78107
37836
39950
67928
38829
20863
46741
73150
27021
2781
40633
78083
38171
34523
10917
26853
25606
49010
4283
33275
56387
67331
71932
71765
62593
66917
65677
11486
50151
10319
68009
61148
55146
73588
80367
25447
55212
57531
29098
51038
65224
45246
57812
6465
18056
49550
38396
39724
57798
64511
38780
21441
79800
65068
75886
79924
45415
78386
11
4550
5896
10581
68923
79365
21172
66763
6228
18796
15364
101
81161
6231
68037
40502
44903
5295
62822
13614
75971
2505
80067
25354
44957
48615
28931
46261
20783
73635
31113
41089
6473
53672
80837
24934
66251
34221
82260
9021
68344
62920
59812
31618
22387
55883
22304
76721
53986
23232
5499
38096
5176
60784
57971
10175
8353
22590
31862
51822
42974
27547
24878
80183
54228
30355
35621
29194
56662
24258
63020
60277
4236
16316
75780
46521
30724
68133
76331
64714
589
77848
37634
26328
11918
26965
22844
55533
53776
36562
5607
28428
36551
65449
48140
67323
40383
62285
45240
40653
5805
67720
32589
10821
73208
79062
18480
46751
57294
8363
7675
60324
57759
74730
59383
80824
29749
80080
12148
46769
28604
67688
16307
27462
45006
77377
53730
48363
35116
51177
64040
53674
35189
79462
32512
31190
77741
55644
16215
59849
45028
62852
56674
55338
32459
17041
51945
48959
62712
4254
53070
78506
77713
18119
31105
50788
76796
52048
59318
27259
73163
56346
42229
68705
65340
42555
1098
19943
49798
72208
32051
13465
80411
40050
60453
42092
8425
76185
55763
30533
78213
80684
1336
10373
75703
31442
27686
61810
45995
54767
47411
76454
39565
71250
8102
29322
52930
12957
35720
61560
69852
10163
8558
41607
73756
65756
51405
64912
35405
72551
63718
36609
77146
55717
55990
73232
28484
81671
8865
47523
13249
20976
13008
56983
31280
59446
70589
2531
67260
27668
33493
43156
26037
24203
40569
77109
32609
29377
49463
56819
53257
71175
17120
18519
19161
51640
21153
44541
56466
26778
27070
47207
48626
79952
55727
65147
15934
23850
36092
70930
25169
22064
69364
70464
25466
12151
17496
25474
43169
2678
73445
55114
50037
12786
16574
65597
80324
74581
53780
78684
81588
26545
12381
22552
14928
3769
6142
76328
50603
20348
53923
63404
71917
19288
80862
5465
23109
65780
18131
44587
48844
28258
62811
66800
47335
68107
6046
48403
74235
48610
47082
10700
39609
34246
9330
22840
30170
46723
70227
9651
73780
51896
33018
15490
77727
2879
19414
10085
11862
72043
42293
22134
55983
67406
75266
44707
35990
79851
20704
16490
25409
66929
39481
57577
54526
72934
18465
13256
53394
76566
64295
72277
15449
38144
33763
45960
77801
44349
66231
8024
36773
37341
14708
1089
24388
80819
52773
64648
15976
28464
519
81549
7720
54407
58531
13272
71893
1410
79907
78991
67580
57776
42987
48096
54378
19310
47654
67301
2594
65448
75498
42700
46895
78373
52974
71875
63507
12392
61892
74954
50601
78347
9176
29995
11117
20765
72122
50763
19328
28760
61581
3037
3867
66696
15889
12053
65095
15879
15235
9801
60529
80476
19114
34264
60100
76261
27977
80794
45854
50340
35527
69006
37273
79323
14586
51617
68492
39798
2134
69777
72868
20109
4443
1849
19697
48384
10988
13860
33931
71840
71500
70436
5108
81986
14342
19978
45657
53325
66372
80326
28878
70092
49970
38372
37332
78250
16234
49977
30227
59370
44034
7638
53353
57250
71321
51608
46451
24775
25953
25683
42404
3694
8609
65775
13903
15267
80009
30114
14893
54303
4459
79615
49278
46782
40947
73399
44799
60326
31579
5049
11252
50160
80584
16464
19979
75750
71220
8885
34044
50671
477
22078
3355
4308
77932
62254
10591
12170
34637
16243
64364
33175
20511
37165
70871
37760
43050
73614
63980
63649
60152
6157
8927
10690
44780
50547
79517
76942
72297
19118
14284
21303
49685
24894
70640
25903
72616
70455
78904
47025
76625
10088
50625
21187
60596
31355
12515
1091
18180
29829
48128
31684
68019
40511
19932
77863
73083
25837
77948
49360
37949
79332
70835
75372
32811
64375
23909
46132
50532
61874
52280
25014
25523
28678
29945
24941
69985
70440
79504
37157
41112
56324
75909
12951
18644
3947
54898
61513
2244
60357
32877
33472
72164
33666
68776
60441
11897
59382
9430
37653
43615
25058
39322
9864
19715
63843
39989
4750
29837
10506
74635
66035
10321
22951
3785
79917
52904
15479
76042
11722
52232
67664
39910
33079
44506
80120
12965
56316
47126
52613
30561
46536
73457
30473
38161
30107
61634
24132
66955
31416
41281
11484
23212
19832
69262
77456
63805
37602
16851
77873
11946
9442
9825
14155
18669
73765
45330
49155
54050
26699
22846
206
48843
31144
64903
71303
74274
72964
37991
73867
73737
50175
3332
42796
6986
74873
81419
5152
26378
79630
75462
21432
45556
595
11550
77668
35461
51129
34651
43683
67148
46831
32065
63395
71584
82111
25118
7702
45202
64236
54471
70786
28379
47188
11719
17233
30932
50454
63530
51137
42811
6600
25001
34112
12955
78933
74524
20811
42159
63081
16374
25370
15159
23493
43771
51726
14377
63259
9548
76669
61648
61614
58176
79927
36126
36489
38282
66291
37953
66022
37698
70602
64537
59173
59166
78635
50723
27404
63992
68152
21904
13724
36046
10968
43170
8443
70199
65519
17449
45024
36041
63399
55396
4604
23537
48661
40823
61744
50886
38109
63541
79286
13978
71925
77730
81683
23346
35066
74311
77836
59493
38438
2529
75029
63515
72547
35239
69331
8190
39191
70260
20062
60467
34746
74977
71832
28715
10556
49101
36451
63382
60707
44141
62739
46467
65745
69455
54636
75339
72452
18987
66654
26610
54826
13150
74767
77708
4385
24734
34510
4291
49318
28131
44552
57792
78370
67695
69231
41460
381
16843
67501
6751
54997
43141
71378
49188
11150
65481
45855
3018
30950
76117
5916
22408
17603
62985
12598
66847
44210
62536
38903
20219
7356
30376
42641
52635
74811
8289
58054
76715
19079
8825
73224
19064
10605
39542
37032
38411
65473
41371
26458
7570
42663
46070
16933
31784
18252
7787
41252
75056
62341
15030
38028
50757
61244
31399
37962
78286
70600
66427
9069
60000
40833
42732
62730
24234
1668
74337
39142
11415
6625
77148
1820
30497
62083
77704
57948
76164
65182
18041
10143
11685
68362
68642
41541
82181
60365
78181
20754
16364
17775
70671
5526
58323
1904
29907
1887
62846
73463
34959
41535
3384
38739
71288
51144
31534
35896
67282
33982
61141
17679
14877
50634
75188
53721
1617
60274
60947
69157
63929
30387
50504
38675
46289
57517
54044
12176
55890
9995
29788
74529
49691
45237
72232
76075
2622
70828
35637
63560
16174
50785
54809
25687
32740
39899
45399
77433
55001
58821
24810
74425
48388
64801
4565
26418
10220
33733
62620
66659
50224
32711
34929
81621
6277
36469
70654
7456
11601
46392
11913
66419
42423
39489
66267
29736
50432
37293
8636
35999
66912
66633
50078
36413
57366
5656
40409
46870
2917
77215
69878
58859
48178
71388
82297
12307
39124
49542
16976
76247
51293
15322
46720
53739
23886
62516
76869
75151
75576
15280
12510
11610
68792
28140
70304
38215
15195
52078
76810
62700
15843
25205
13208
16296
68286
25071
18028
383
2832
75089
20985
43202
41637
21245
48343
12248
72794
10839
45292
37574
15217
52815
32194
10563
68755
33660
36425
9086
8625
66605
20937
57477
60847
65436
4427
55510
72707
61333
70996
44116
12110
43192
70909
64334
70261
17605
15441
54192
77170
48932
62660
62642
76254
55551
77793
46911
72848
23618
63154
61643
1627
63183
8807
67946
49908
58326
77603
11704
80832
71091
55725
52100
64789
54961
48112
64948
81131
77974
28362
27014
63198
15904
33944
39244
73382
73892
58495
4450
2683
5807
5903
43371
56038
40121
12906
32292
46616
70680
63410
67022
37375
14160
74689
26879
76396
51937
33452
69025
54160
21835
60914
74609
25756
72829
2525
17481
82106
7731
22572
12954
72267
80577
38730
12289
8963
68686
56684
59238
25344
25981
49285
49109
72261
54284
49423
67999
80904
70289
74631
49480
52190
76703
15651
37660
77752
38421
41310
70661
76223
38063
71057
77993
8342
11102
71725
39174
33132
53150
77395
79138
22999
23275
5252
71627
65037
44066
8445
37476
25324
63172
57797
3425
39696
48572
8899
48894
12705
52057
34076
72988
61010
69183
79374
19718
43858
69644
76617
62323
21815
47435
28023
69287
68696
35184
68305
25202
36033
36914
32202
71565
64767
43391
45015
76689
56088
65438
12737
26270
25510
46426
60698
71904
77609
55547
41911
49593
60463
65584
33039
52703
16104
66353
15343
20941
69443
62066
63040
9537
5462
82315
27599
56734
37817
38856
69223
11800
47531
47586
4983
32464
17446
9016
56472
70512
75488
42206
42952
74222
18914
60629
71464
5443
66087
20671
4024
23680
69674
50734
7248
18663
42612
75853
11387
11249
26178
51464
46110
76905
9348
34280
66268
59545
2152
42315
49477
45796
11468
39782
46194
55580
4217
54271
67841
77978
872
58705
79216
70223
81907
37251
13353
19834
77247
34161
48437
7907
58066
55818
34509
72408
59567
73744
21732
77919
72030
6696
21159
3921
67971
39234
10978
7522
38853
24103
24703
55673
64898
65265
5587
75270
82273
29231
16657
46018
78843
2875
47219
64136
33316
25725
3482
79277
12096
29721
3207
8737
7026
27181
44723
77893
81198
3304
52872
17880
12419
31902
77263
43844
54061
19400
12035
56327
76545
10710
77979
43842
52308
11540
47786
62410
3712
71559
30753
36261
80257
24876
66384
46767
6941
27269
70890
66818
15781
1135
30939
55276
73504
30457
63283
66070
21041
79275
12712
55996
2418
67557
2825
50961
41527
61406
57691
80628
19002
81447
19561
57526
72126
9670
75709
73169
5859
35630
27085
30837
55050
69521
49210
25112
3096
23332
80895
80342
32995
13114
67805
30185
49240
19644
17610
9654
64126
64660
7449
44379
16225
70546
17733
31005
17305
31392
73887
44278
53578
3281
1038
3264
67608
16531
17056
76668
5065
7231
50355
74062
60158
34741
38524
71353
70423
4496
50932
73217
76092
13430
16137
68993
77633
1278
43172
31531
23290
15693
28526
49884
47076
50374
28978
7689
29395
17154
37443
73914
8236
62467
18053
17843
2010
34101
31712
15892
46812
29537
74265
22490
40039
28712
18694
27094
61885
40023
59916
39101
25491
66887
4783
57151
61460
8914
61242
2712
73985
73821
60443
80145
64172
76930
52515
12434
37751
17522
14875
50188
32685
49895
22742
50010
54363
40527
57822
44540
38789
26578
74685
6189
66970
25181
69293
52813
51770
35660
34372
78059
16414
48522
65494
59764
57181
60249
77733
62384
77896
75887
22727
29097
23330
52367
18754
70127
74798
13103
37720
62947
22622
30628
69113
68723
36552
57219
4212
72339
75491
35885
45435
20375
33913
72780
23645
55597
62412
21588
74350
21692
4290
70918
78780
5735
49869
41600
51007
93
49368
4506
73758
56905
43521
66809
8683
69728
36687
56234
76794
16680
50663
60515
51164
71672
35130
12745
69761
75127
48837
16631
52572
40317
59079
66703
3117
26547
25416
9318
31635
70306
40207
53272
52201
10013
73061
49793
36710
50238
47706
71277
8607
66517
6656
61836
26011
32993
5806
78442
76181
58889
67227
60533
25870
33819
73441
36270
15899
51736
44264
54299
71812
65495
18295
73833
2408
8722
18271
33739
66677
74093
8859
21070
19074
7207
36022
74688
76864
26682
39396
2706
714
41031
74251
20696
73106
6565
73194
34127
26735
46
74077
61506
40313
73937
1209
48076
36191
59759
59940
34417
27500
81032
19231
1591
5072
73620
57831
10110
48436
7987
77529
4188
75041
50925
10171
47995
61970
74011
70016
30596
17252
36810
35772
58224
20672
47778
60771
63355
36767
30564
52738
71445
12660
72391
54448
45980
54289
24592
13487
3778
72057
5338
28221
4685
27345
77120
47105
20893
73473
64423
36928
15
82082
66340
47714
15334
7772
60163
32936
2039
60389
81851
24923
10441
68440
2494
53764
82027
23914
17170
7571
30019
42654
65469
80525
21337
21325
76915
19521
18976
71813
34515
51297
14964
3862
76435
32230
23628
10942
4862
79182
17718
8688
23931
54026
39311
76835
73491
48442
17068
24405
2389
65135
69537
59441
57621
13702
40899
81425
31730
32117
73598
66401
25038
69519
28751
10212
19545
22414
59271
35765
4910
61783
79243
77022
28948
18775
26001
75059
240
82127
29331
41570
8908
55492
11959
5819
73481
30462
57265
77298
3704
81725
48899
16314
10293
67003
57635
1776
65506
28859
66867
72501
46353
81168
36355
33753
78366
31978
50143
46383
37220
53680
53607
23841
68892
15308
1430
36496
41745
2758
56950
72838
69402
38577
81505
18555
33937
12679
54557
20176
29571
58091
24210
14106
76725
6761
2793
74152
48187
72746
35351
64647
64642
14581
16295
62675
59608
56609
62381
54551
31494
71735
23955
8620
52964
45269
33302
79127
26057
77676
38492
24040
23660
73691
77173
52597
56206
43662
71092
2618
74283
48633
5349
47183
29780
52236
66919
69712
50950
41530
18276
20019
43165
1655
44480
24111
33920
34871
76860
46541
1248
37413
52491
69841
59634
36988
19982
32734
60525
63188
57324
23128
35086
20234
25197
67002
35812
68145
18138
72560
51809
57515
53712
56610
48824
13242
73477
10092
60998
62553
25943
79963
54506
278
2326
53972
70493
62335
8731
21324
19896
28032
33201
14611
37196
37189
69798
2730
41344
45031
58299
57396
71257
62693
36288
49032
12988
4408
75626
77715
46988
68672
42076
80431
16767
42683
15605
25283
8853
43671
60182
35922
69933
64235
48727
7609
9286
17929
40629
75115
56017
42706
74930
71121
70026
15328
22297
9182
24867
67535
73142
6954
6647
68397
67042
18675
2279
75199
21743
25048
61867
45379
79049
62619
43961
37333
71508
70063
8953
81717
57742
60087
4360
49931
75922
57656
17698
42631
73034
62156
63285
41513
22173
53907
11825
67325
18142
3200
61470
29805
24160
9030
44862
70105
65659
50324
18536
12805
17950
33265
67525
23855
77507
1738
26948
5323
57518
81820
37471
30242
75046
418
80482
63175
66133
78069
28055
53123
56273
45613
13211
75994
67460
56874
72728
77657
37917
43759
22774
73523
35349
71827
46633
74400
27033
78775
71405
78583
60950
3396
54163
15225
36982
15633
70341
22407
55520
2770
21066
68312
6716
709
82033
27489
56372
79806
31924
25247
53493
17021
4557
39844
82017
13638
26045
48037
23647
10877
67209
26723
7399
22571
62971
73807
16230
17302
68864
67917
36950
17538
39242
74758
78845
70163
22268
19656
52065
6155
64594
31752
68753
32478
26409
74324
45638
24930
46691
1565
74739
55992
48919
63130
14575
24503
63998
37040
3371
51452
33177
69030
33589
22962
37478
68433
31937
28261
13229
24431
24125
66619
43978
73249
38201
23469
5291
67523
18991
52153
36203
42567
36822
36466
79897
46000
5112
11496
64724
15825
49076
69051
1166
49253
2259
662
67954
31594
5086
61842
65705
65318
68500
10356
18789
37275
79516
20167
51138
38595
77289
11207
73534
29294
64932
27003
26816
35550
46363
2910
62503
79496
44014
38468
24239
75048
8692
5396
1982
22396
43289
21317
59200
43312
63032
74611
30577
32768
61184
53619
63522
33560
14738
74457
14439
3602
73453
24899
65353
24252
17891
19008
19361
82054
33676
1580
23092
66776
76022
5095
72921
45550
65949
5090
33284
66255
21617
61468
60501
13529
73835
73089
44053
14883
81000
36483
5316
21954
64441
64863
41216
45595
72000
19649
4091
60977
15001
49379
61135
76651
73812
61456
48231
70965
5908
70259
65641
72740
32619
20612
74724
59934
28744
67014
53855
34195
30119
41128
80711
13162
22141
39745
25779
15862
50643
74615
55067
23901
58448
14137
37854
48984
42801
36700
71414
81511
64261
12234
64355
3584
18994
48084
21186
78044
301
23590
72216
54653
43245
37691
71314
16495
30303
21572
65830
3013
44534
65895
23098
2091
11866
44232
14386
80350
77556
22761
74902
72465
68704
22769
73514
62226
19632
61035
10183
50316
72176
17569
40803
57127
67869
56540
49453
21430
41980
28574
47048
26770
8060
80167
51810
19391
57196
28959
69809
47384
35857
68070
15982
10405
62979
61841
41452
58676
73582
70179
77750
32152
1686
69750
26233
61449
45260
29582
80929
8315
49822
70772
44675
25614
46663
56162
633
23878
31042
61949
1724
70488
54011
20607
75675
72810
44605
26509
39329
2518
53031
9337
52237
58354
22357
43602
55928
33122
16469
35365
33338
51238
25125
56977
65573
27177
61985
17487
55619
67219
226
38995
74561
32206
15535
44055
28968
15694
20218
31920
1523
75
60050
66063
56333
50466
49341
68367
63916
79694
62432
22248
5634
66010
50467
50152
74852
4240
47743
65428
4677
54394
77690
45299
33772
13241
22406
53918
7439
8773
41356
13793
31604
19905
21342
20687
26457
13954
35941
70090
71619
9006
59539
77256
6122
52777
47172
44305
72778
1729
23411
43058
26293
65145
43678
22556
47389
38604
14307
32271
74341
7302
17007
58528
31704
71976
48174
61765
23046
63519
39573
20452
77538
19270
32831
28372
43822
46276
55248
39681
31638
16226
79472
14630
78808
49469
37495
26348
72224
11452
22084
81488
27842
65504
14612
47554
50402
74045
29802
20211
72225
31989
29427
14228
6770
76200
12616
20130
44409
35917
22348
7329
44558
41735
8924
5470
26553
5800
73544
4768
31592
43829
24953
65299
81705
9233
13901
11839
75932
35215
51186
73739
22734
63740
11041
74409
37892
66511
68118
76676
168
3746
75843
50728
13884
18311
12265
5682
52855
25392
73747
33877
79172
75823
2239
18691
43887
26525
25257
58977
57361
44487
34753
64954
47210
14235
50451
81599
73449
1142
68950
27193
30925
79522
38841
38704
50089
35726
21005
42822
70427
47647
10268
8671
67861
52475
74094
70522
44193
67127
12309
79936
141
15652
63864
64986
34652
37120
27714
8335
35313
76972
49516
28491
51157
20139
25787
1348
767
57521
14053
2298
46962
49833
30213
8028
6502
23702
60132
16212
70908
70631
68452
49389
30970
50800
62459
51074
74037
54702
34005
34932
65712
37800
72389
14026
55641
32410
56068
1937
60287
71292
71226
32893
43230
4738
1372
25583
81345
67490
56589
77695
80534
15731
732
2983
27874
80668
1833
14413
28158
46391
81769
10393
22020
28695
25854
66875
26670
46442
60562
21525
66357
61008
69786
63309
79722
47092
70094
68236
68301
36922
72152
23851
59182
45779
36396
69732
54325
8034
47544
5852
64707
79320
73575
12542
52688
31377
40861
31173
28669
41666
67839
48854
53094
52580
1813
46531
44198
18164
28661
24717
3248
50244
46418
11151
55386
64919
37428
12726
33854
67859
39931
71522
52938
20855
62039
21083
59898
51690
38588
62841
48409
67904
73592
51351
54424
21450
76106
66691
8393
16627
64422
78913
30677
25100
47979
37941
44157
1034
49051
20637
34766
29650
3201
27807
2971
11821
53568
66898
81595
7317
53246
38331
67135
35125
32266
68653
13916
16426
6578
78464
73796
49333
25089
61772
65163
57111
37257
62054
40957
72893
40819
72303
35455
60557
38912
19576
18060
14683
70816
68092
34539
39856
9558
66310
64328
12463
23162
13927
77446
52448
61093
11576
51247
43494
57728
36602
68708
16961
39447
56651
60484
20946
13170
72154
12336
63253
14857
15200
53840
52650
32211
55851
18094
7511
66978
17993
59120
4614
5576
28816
66046
44804
49118
4878
38936
13666
9229
33465
15941
68619
1579
35502
50203
78265
73288
18841
1752
45751
12465
2562
18019
19961
16794
72013
18679
61500
38240
79248
41584
13098
79972
68287
51812
29204
48263
47608
5738
49014
10923
77584
13332
26977
58557
13857
70297
25382
38956
52622
44334
24691
52389
68446
59562
71818
14218
61856
65186
19107
55937
57611
3985
54969
11200
4025
67237
33949
66783
37198
32632
42752
13764
53473
72858
64240
55448
16695
50286
35329
53516
76051
53378
79434
59538
38650
80614
71864
68908
31183
35783
81520
57188
24537
40086
71550
6947
39749
57255
30847
19828
57129
56357
12117
2077
57921
73990
71566
54071
82147
7851
18450
76843
78182
55370
8451
56560
58383
47179
22478
48839
14302
73062
70241
17945
26974
9688
21138
34905
24607
11798
32098
36493
1581
19430
25233
10209
65043
25047
76147
78759
14209
46624
22775
28024
70017
8536
70386
16237
50576
65695
14294
57959
31287
4879
37106
48809
60302
21953
27050
43849
19995
29735
56276
23600
66537
67129
57926
60113
47576
74718
30000
36476
15893
8151
4615
15656
37974
20498
61604
10674
9749
8125
20419
8327
22710
60228
37119
69686
58002
13561
12140
73808
27107
3188
48375
65401
6247
25573
2653
77316
19872
1056
72787
78918
31218
73668
80136
45591
29820
48642
27132
14066
16654
34619
64597
58413
1510
13862
8721
62723
2263
55405
23989
14414
11170
53414
31163
73338
45686
1321
80803
71330
70562
16301
12996
67825
74976
10575
1197
46603
23431
78854
22258
5778
22536
81308
71683
13271
20356
78712
8978
22211
44414
32497
53009
60172
13025
7396
9060
42324
31331
73056
6450
17002
60604
52500
9471
9504
52735
435
2199
15675
41496
18832
43147
56098
68634
8526
25031
55981
21473
39494
23784
47692
35033
68146
39090
57586
29934
44073
9776
28570
81064
70405
17766
58539
35196
15190
8623
5356
3166
78549
38700
59046
33649
63819
35376
8581
58666
43188
72219
29049
68376
6238
33953
17158
67469
48282
26834
71785
66934
27946
9076
39263
66992
70101
61937
39374
30378
15649
23052
69119
6337
15167
15411
26362
43078
71962
23057
19196
74243
7949
22753
39673
63626
40571
69422
26678
35360
34321
52131
27168
15485
23322
15931
16425
50050
51468
71344
37678
2867
671
36584
53979
15090
29714
53323
39548
78166
12154
57456
17730
12137
54932
74832
23154
19868
12256
82066
15988
12872
48462
37513
53261
58350
5290
30937
17560
9299
48054
73359
45470
77111
21401
58908
20215
47198
56944
39920
80297
57993
10469
40722
6439
54905
36957
1660
15741
34288
63830
30418
11630
4586
31012
48085
4531
17900
25400
26715
75656
3348
17628
25335
57712
22887
30444
52559
59006
10039
50020
60005
6384
41883
39926
44106
82137
29277
34050
34647
14363
66714
6377
68218
56512
59820
25212
81759
1897
36680
61234
79589
19379
7669
36942
33318
46735
47745
55795
68387
67345
18226
37643
59498
61277
2363
15507
78521
51053
17357
28057
19473
5446
7616
12079
25933
27066
14056
28256
42773
73038
53453
17272
25440
30769
29966
4363
20880
76749
48968
59652
31612
72970
77645
33748
40589
63675
68104
55093
21876
11374
18566
11675
26764
896
16406
41185
11004
14041
2362
53883
11796
65330
81178
38618
65901
71726
71991
38128
14333
36663
11327
44043
35593
42859
23222
65110
75549
58713
58727
48157
78241
15621
20154
28719
16586
73759
43581
74703
44203
23799
42576
35121
72797
77266
66845
21008
8946
32707
9913
7910
34229
979
31828
72130
5795
17204
2694
43673
29936
34448
24263
3463
49654
7532
57780
46237
50737
48454
27476
61176
70958
30373
62941
64411
2367
81397
51029
7153
67795
69968
13715
12469
71728
137
72323
46184
58971
75120
70147
75888
47563
59180
62031
52343
37133
3097
37270
43011
58243
43837
20646
70169
25699
51020
70708
64695
39502
78530
73019
33374
2355
2555
65085
25644
31104
14795
5923
42490
59137
1042
21545
5269
2183
17805
63017
551
27523
34418
6107
37015
28965
30362
44727
80974
78763
18883
66072
5490
73027
43330
24269
45622
14529
13739
26219
298
65323
485
56590
26652
25275
57409
62349
33735
62574
82255
18039
11005
23007
23175
54606
51222
36580
32806
31244
47164
41255
17796
10239
68515
61402
62369
57006
13363
26104
3351
70977
66301
57439
32436
10439
80865
39997
30601
54059
63952
49641
76227
4935
31383
35629
58570
19117
64367
6286
51014
25174
78653
68877
5944
52241
77669
66530
28115
16966
6002
65112
51629
16114
65343
19349
58108
44622
45461
51432
73860
80588
68886
10812
45390
61343
44897
60434
13879
21024
18413
9368
82256
5630
29952
46502
66377
11526
43545
24089
6081
46668
19044
11377
11385
64429
67666
56439
13
33043
12495
81129
14909
45682
21995
79416
29238
11137
47806
33103
43779
53103
50474
42050
19792
62370
73401
23333
22056
65309
38297
63009
2809
6309
46526
65793
7556
25396
272
49043
25175
3574
28224
75671
71848
68109
4196
17807
67915
56379
7829
71146
11092
55663
11034
32359
29284
51870
41014
23571
46792
72395
61430
47956
45538
42604
74379
66428
20098
9516
37968
44259
78717
24882
74884
57043
40151
52615
81793
2090
17543
36641
6193
72186
43087
39906
16983
66963
76980
77576
64891
11888
48209
12382
15543
75827
55639
562
61315
63999
72720
16658
75569
25709
47750
8147
11565
65042
27217
63988
23819
20128
45721
71137
66671
34419
74860
13831
23737
47888
46572
20053
2200
61201
16626
64117
13595
71454
58138
21269
59343
16868
10837
28598
24281
7094
2751
60400
24517
57273
31198
6252
43413
14912
33789
7963
61698
992
69412
24289
18873
30792
64890
37547
22921
30344
790
50869
10230
27408
63147
28233
46718
69241
33689
6209
35763
46537
56013
58406
20291
24487
63070
47838
54884
44320
55100
75961
65529
59888
24357
47819
48478
47685
24461
39186
9292
25690
58996
27835
62997
6314
20427
78160
16524
57356
21109
24193
33272
8572
38346
35345
80456
32818
23095
45370
46937
78272
63970
30574
70222
60468
58081
62867
41053
46460
31551
79345
16540
63869
17996
9281
30477
65173
1688
31456
13336
19018
64347
8284
34950
66665
61273
8194
56209
68733
10334
28829
1491
36133
61407
12797
35881
55076
5725
2744
47391
12830
27308
55347
66388
68833
54638
38317
36851
62064
41663
11659
69214
79362
12320
29363
18608
55780
48327
65410
22124
60480
26295
28409
75807
38009
75592
61964
75989
66710
26690
34703
40055
61137
44578
64186
78418
4588
39792
42375
29471
47916
75679
26806
19855
55017
44998
70156
72242
37118
78884
63942
3656
63042
77435
74706
33705
15209
29188
40753
19201
19052
48119
37151
69573
8517
19786
82160
79305
78816
7705
77593
18958
51862
75895
46972
78769
16710
5994
8702
11165
46611
30880
55369
13891
6036
57174
51542
39065
53949
14175
23230
57461
36130
62046
70935
17828
5475
39892
62489
7109
51253
34621
77076
27227
63184
26417
68801
44342
56006
68828
9722
34082
68693
29163
52121
51425
33278
70501
80226
65610
7011
12594
19432
18340
18127
35275
10915
76474
67899
16516
75382
58620
54537
76048
55946
1943
37022
36235
5759
39432
74154
23718
74196
36998
79003
69272
14267
18737
64455
55051
39255
5345
10643
48553
5664
31940
33541
68325
80509
81095
724
67153
35646
80172
54209
24527
77002
6160
18068
64947
61392
829
24373
7372
60377
69149
159
28077
68802
29506
34884
32802
19959
33923
12769
60791
31665
58842
70335
36276
74590
75557
63257
40286
58952
15152
30916
71833
76383
47143
17505
14842
31771
63759
27638
34696
11299
19923
162
69954
66649
40551
69348
18764
30685
31272
35488
75031
41147
19176
55297
29681
19305
62283
24773
46049
35606
61879
8997
35335
56993
57672
53495
17748
68201
65293
39631
75662
45732
70973
8159
76981
31725
59984
21843
71514
61809
70532
44353
23907
80272
64202
9401
22496
28690
78694
14665
39099
36223
14510
5839
45456
20072
62535
75405
28552
1137
70326
8184
70080
17270
35521
48312
29316
61258
57640
56501
61221
53239
77631
47527
70043
5401
13917
12569
72347
65881
6080
36533
64149
41907
52434
18478
59011
49862
59544
23519
59461
72623
17941
12748
34981
3156
26204
25829
4522
55361
27053
9854
6481
23872
5882
79247
43958
69377
27288
40293
11396
48479
60039
46304
46057
72470
38944
62242
33336
9461
78544
18703
63732
25483
30861
2319
2018
44217
53897
11425
1925
48948
40091
24451
63729
16164
60673
62684
63671
65280
62137
80730
13881
32018
42565
76293
46806
9817
41013
16558
25328
30538
12696
77762
13809
12194
22881
24984
41757
51734
41946
13427
43504
81638
68943
52762
68477
74302
10712
65235
9924
816
36594
67094
66548
22911
42660
40478
67835
69516
31367
36284
68934
21928
36061
34135
44613
58824
80413
70768
25556
19622
60923
78466
45840
72912
44889
42347
64703
11406
59909
24783
3594
72127
7436
27945
33230
22506
76719
53772
13686
11907
33234
60872
18348
21541
11762
46153
52614
21294
18385
73847
79487
55084
32278
51213
34095
70253
29757
9696
47302
74918
4046
25433
13619
60776
68057
48405
66482
54183
77084
80495
29884
37393
53459
37148
2442
65258
61725
40348
54777
45967
624
63765
43242
61756
28322
31026
53597
69908
26753
81075
63767
21552
38258
56567
25909
38733
14340
36072
58550
56060
12567
15810
63430
5165
24225
3108
9234
60585
1080
39793
16620
64542
14868
7990
69201
38870
39905
14965
15029
52592
73424
81157
21578
49128
47473
64031
16646
36328
30360
71115
73715
25932
45710
4479
51228
46323
77326
25063
40855
21565
59155
79810
10278
47934
51965
1990
807
37740
12841
49621
42821
7085
40639
32089
38136
59682
15154
42028
34158
68423
31470
52742
22449
61958
42384
52197
36058
17674
37564
650
42964
37769
17737
31184
25322
65018
38573
35537
55419
6983
46577
14018
40089
77550
15373
61516
44813
3329
55961
56669
44430
34299
52528
26384
33711
51703
59994
51753
20743
19849
5628
74442
81339
3506
69300
3387
60672
51676
39633
13520
46245
70388
38154
49506
5517
248
45398
55703
22895
25589
15553
12517
66476
62252
52547
25844
25634
37540
62938
3896
29572
12787
48925
80960
31251
21236
30132
6043
32666
80317
19948
55155
34504
22679
18545
73048
44881
2630
81544
56761
66901
17321
11678
44127
22213
22377
54397
14444
41431
5175
54840
15803
58686
82232
45049
59874
53318
15266
28446
38564
5411
73156
25055
24824
29454
24739
49405
56931
11229
53061
11969
7776
55785
51674
5056
32385
80443
53114
61798
62763
53482
57769
29864
2957
27513
80422
49388
5544
34998
22867
22651
70402
16509
11990
3322
79872
70591
56913
49293
57017
81141
22784
15383
2290
5037
41153
67070
42285
43724
12678
30368
5472
28692
22432
344
15056
43510
17939
40352
78192
32853
9629
21539
46230
10349
41616
81269
24154
19793
66274
35171
76593
5282
77816
6966
44000
53311
4449
33479
49236
63631
81441
30030
81501
81833
38078
16275
75346
76133
6750
31687
53184
39176
57380
66273
73982
59372
80202
67957
69309
53525
28927
65711
68569
27381
81237
21050
41476
53338
75958
39352
5228
12101
19667
44027
14271
38091
44068
16549
72882
33274
19208
63569
67343
71953
14899
32277
59858
63681
2704
44163
16102
27735
64742
37461
13219
6814
48172
44853
53546
20514
76529
72899
51650
72246
18864
7540
68665
47752
66584
10719
80541
33061
35653
21043
47847
47356
1989
8753
39591
65396
78954
61197
54678
53868
24702
44548
14757
78842
35200
7587
14815
68713
65628
69706
66090
4064
66945
80801
67384
21479
79330
34623
75715
79027
32307
63861
46179
22289
46936
40619
18425
19719
14648
25311
55247
48253
64527
38341
60836
51998
29975
74157
28617
34021
51762
44855
3687
26501
66795
5748
31361
28900
16786
21639
73595
30780
68371
35585
34567
66214
71015
33251
54317
23300
75694
20598
4965
73666
8593
3317
52948
9270
37685
29342
73114
80978
49270
23932
17803
73682
44149
65059
81536
40431
12120
69631
80646
20288
46921
45362
61849
36857
25659
68326
30193
45676
25682
31478
62268
58695
33610
70750
52319
7794
24169
46004
57732
26049
37670
33157
51457
56480
81468
23752
44844
26985
57585
59300
53891
57548
80791
615
69718
71633
7063
69124
27959
17387
22799
3724
31032
79222
31654
32675
17221
31793
13138
961
59555
61620
64439
80338
49127
71758
8209
36512
64131
57785
74720
80621
35397
28884
18261
39746
76415
38796
30099
9953
4736
23608
37759
67311
24291
16813
61373
75815
51930
42943
51199
21367
54443
61572
65100
27242
76662
35891
74110
50549
11520
13395
37006
62470
72179
73537
70926
4179
32324
4777
32529
6508
59883
52259
54419
14181
26941
22878
33485
27697
81745
19036
66324
9108
77481
26943
5092
6802
59327
32352
12183
78408
13709
33097
6661
51364
43634
38928
59196
63678
6866
61562
56517
16098
56365
51332
18445
11056
14785
6540
73001
61076
21249
41623
82251
1387
5946
46220
34312
4398
65550
22427
20621
63101
40475
70477
18013
18376
75584
55060
12075
21778
19182
69104
16973
12645
23450
40164
78665
42442
10624
80734
19364
30762
71106
79237
24120
61481
8980
31229
6965
22812
52842
75173
40796
10847
40228
1228
11084
36074
50180
24753
67646
61211
7340
58469
80335
13788
15349
23998
13345
18647
60951
3549
28619
26076
27449
362
41362
33622
16918
17661
37206
37445
38981
72331
6137
39621
18078
61585
5836
58289
68535
3806
48918
65629
49941
1772
68816
30043
3005
65747
20928
70801
35871
41631
3217
41135
77059
58754
21709
17526
72017
2816
9951
9489
49411
9674
80538
20180
1497
43237
7030
34034
10005
72296
4994
67491
32400
43221
64779
3848
35530
12589
64980
19879
63422
7553
32331
56288
26889
21125
27521
44768
23430
60237
54156
75764
48196
3852
15706
10213
42831
48323
39706
10480
65993
3760
77840
61304
29062
42068
16479
23551
64178
68882
36218
77496
29609
28704
14755
73235
39270
19124
38206
56703
80554
73658
41021
75759
33010
62546
25673
16443
21091
1065
12743
32846
6883
37262
28559
53827
15707
75542
738
61699
19111
8271
2140
60834
18315
64057
66806
72738
15099
72254
31458
19337
66569
68411
25567
407
58492
58518
6729
65348
58843
19085
6783
700
16792
63202
29817
9583
29056
48867
59638
68295
54024
25242
7189
50362
23689
33087
4820
40811
54962
76405
76925
5186
16195
44733
75068
31571
588
11604
42344
46987
69683
55720
47119
26565
35208
16881
46377
68103
68871
22956
42923
12431
15787
2845
950
19602
43430
79768
41664
56024
48419
48692
77297
57487
35684
32912
73312
10992
52830
65339
29673
74823
30454
13781
2512
80836
51970
29155
52763
68441
43572
33843
57347
45227
4003
50970
15581
55424
48705
35668
44777
33862
5308
67884
62439
66896
5250
25520
74605
79648
17762
18771
8501
81815
80216
81940
59721
32724
30265
3641
11307
49677
70032
38758
31094
76679
32028
69187
38267
67486
32866
20490
70839
56417
58437
38107
77182
18032
17506
21903
78559
73298
29444
29517
57941
52108
1708
13761
30441
47961
49953
51406
17527
49529
55840
42542
5675
42970
54832
24682
77404
75071
15883
26559
44475
62364
3154
24744
54478
12111
14306
63330
22324
23364
12365
4467
56166
39659
21942
53695
45119
28546
15519
3692
18392
18854
30083
7840
33731
34148
7105
60436
8626
22607
2890
10101
27869
3075
32700
19192
37749
69836
7280
7984
21396
40986
175
42533
16229
81456
55917
22681
52301
60845
66125
54449
14836
47948
54215
45158
80360
30206
52456
55314
20191
22052
14239
38098
56338
81476
66484
55843
41406
48773
2162
67013
26706
8676
7908
35727
4412
64000
34756
74172
63400
37557
49144
48709
60374
63885
2113
68120
5241
57753
64895
62900
77958
12623
25577
24348
80377
19534
55686
40977
15589
67786
80102
49553
60769
5827
21716
8563
52180
44348
63874
73646
26251
56959
25506
19102
65619
77569
24798
48840
54929
23283
74647
9985
78451
6748
45603
42102
11261
65589
12750
41563
37723
13696
43403
16119
28860
20528
516
9916
18816
25075
82007
27373
79605
36245
27897
26896
1376
59597
77548
71651
10896
20406
1942
16676
60721
49778
82001
58187
36720
42401
9870
36847
56671
14767
25571
54646
49158
57848
11429
80871
21385
78304
25337
27884
80939
5488
72099
8351
54173
10396
4011
2121
39549
59218
69186
26129
15061
59897
4244
22516
67478
66426
64889
64970
21195
36964
10976
54029
67302
57766
20262
34972
24545
35156
31789
79099
25934
35511
5369
75791
38114
3450
17580
55271
54170
75762
44830
21285
28168
14991
4104
37829
36419
59590
31810
4971
64658
41332
14748
38181
9685
72293
3885
28203
59068
28132
10297
82040
12582
41146
77087
30958
34444
61057
14974
35562
10683
54074
30978
65911
70904
52552
69546
71446
56597
61671
26647
61829
76463
49308
64633
8281
66636
78512
39853
39964
25716
71042
53130
5661
6910
24490
66523
53649
58786
59236
77776
3230
38146
51363
4899
4461
24762
45018
56690
57746
19103
59130
65758
27470
76490
30065
29382
37826
13514
38286
3757
18631
67913
12507
40137
79376
80852
49972
10118
57680
256
15611
19942
82231
13263
79198
41222
70779
75723
45323
6498
42363
51746
44941
30635
8971
48351
31540
21131
75324
43627
8677
40581
26333
4722
33775
35994
68020
64608
16039
23976
68123
42186
37614
76946
6416
82188
33691
14952
39535
23001
19606
47852
77234
24556
18809
42257
43183
79486
70791
30249
15417
11735
21219
8769
81230
47434
42041
76540
21749
69177
51026
34876
59087
68962
915
17337
76895
63978
57039
26157
62294
74644
12225
15072
15747
59467
71780
4705
17666
57374
52252
26021
34727
36747
64179
40080
16988
10520
65956
7179
19284
71020
81818
20896
80047
71939
73904
49061
11332
48372
33599
10576
24831
14401
60516
54865
63837
62024
65867
30711
19271
10354
20090
4744
74774
3162
12800
5025
65627
19937
31762
79699
50366
46704
81483
31956
72512
30330
13200
29527
32380
15293
33327
9891
56422
8655
71185
80945
65119
27831
28815
81909
38678
50357
70081
52352
30120
51442
8250
2634
7709
12044
3036
64922
3361
56694
47678
81039
23257
81330
66263
53850
6166
16856
5198
1157
81072
18894
32822
40362
41391
19965
40612
10656
32396
46511
39987
525
33438
52134
34332
34139
6830
68275
49037
60451
23828
2104
61352
26533
40237
70572
29220
58514
16819
20842
65950
77926
17436
60828
49163
20872
61517
25569
40889
30398
13546
16191
30716
46290
53928
14423
27490
38102
13886
55457
47627
18806
54251
56244
34254
73409
19285
42584
20755
6489
17589
43977
13635
44404
11021
50407
9630
50585
47893
66222
19568
2663
58834
29775
12364
27827
43046
42725
8179
75981
76644
71472
68225
52217
13945
46680
70366
10300
22864
10076
24471
7628
35860
74507
12932
80995
42352
77774
39480
41653
40138
51059
41682
38750
40942
50511
8907
52604
35802
11180
5771
56699
17966
62953
35044
23771
15401
38634
2520
48082
61556
35985
27508
79231
5018
15765
34345
50325
3934
33540
36179
39275
34525
47976
78077
20758
26668
6858
39468
25590
14367
20710
30692
24498
49436
7617
69504
6685
29283
39803
40187
61366
59049
27593
24332
195
47341
12924
43321
75431
10569
65219
20437
42499
40468
35847
29959
59599
42600
39301
81959
15451
19405
44131
30743
36376
63227
7255
75618
6360
50001
36362
18967
56187
22722
24441
50649
10483
81112
21921
38190
80716
31855
27080
80410
54577
62164
73299
17178
65855
1857
12107
12370
70619
34060
77865
64417
12298
34469
34175
553
64308
14045
70111
45773
75314
14253
19883
15540
18366
72583
15044
14675
16999
17213
38051
71759
50721
31556
49922
9132
64902
53367
15624
3012
46650
51082
3871
69105
66986
34022
38862
61782
22991
31739
3918
50556
18209
82168
64157
37277
20323
11175
50391
16359
20461
42023
20393
76397
28866
33379
41821
31950
33771
1147
27482
28105
196
40024
40747
13233
2766
62588
23408
1922
35105
41560
42238
36005
60878
43119
48330
4661
81881
50525
40440
42435
63494
3393
58645
61658
71887
17710
60583
4748
65821
69043
63293
60528
70814
46670
16954
28994
9753
13502
6075
8614
32356
40231
65512
58118
62184
63749
3905
56086
64813
24992
51195
5979
45209
50295
69762
53933
6116
61296
30864
18454
63086
15577
62929
19237
67348
18394
63199
79860
59949
10336
57899
50110
12982
54618
45955
48655
10959
50133
60041
3298
22460
74514
74537
36846
66164
51773
11823
32000
15353
61045
65835
28727
4155
64085
51107
29856
81262
34272
38184
57931
47239
78033
52541
11019
52423
15609
64565
65564
20232
51300
70398
51310
80239
5754
80766
49563
16909
78939
52198
31016
52275
27102
39834
36877
50196
49539
29122
73436
63412
44967
40360
49298
4010
57163
62449
54034
61625
11732
10207
22435
70571
28164
82323
24363
8686
6029
75420
81372
34942
31255
73098
35902
48958
69299
35304
60733
31664
73794
50395
74571
34967
35457
49711
45091
951
33105
45101
10357
56077
70344
42908
32752
13823
64468
70533
5433
14939
41710
71488
42672
41826
6973
32919
31124
20027
40197
11357
6818
6413
8851
48624
17259
32618
29921
42012
42708
58249
10765
25684
70585
11364
30177
27540
67598
20660
46922
3558
49834
5621
76174
32428
32246
75847
30701
35389
10301
2837
10350
40113
64965
24909
39412
24580
37877
53684
69449
56222
28845
69650
63262
39199
41923
47238
21691
38039
7597
74083
3750
46037
17800
57153
23501
12293
50124
46770
59769
34979
51999
1917
29902
68140
8435
56456
69
6718
4331
37786
66009
20040
20717
28357
45699
2050
64477
50441
5970
20410
46595
17454
50384
74314
58911
60894
7935
70469
46878
44660
26721
39555
7278
18592
37840
73948
42514
22486
44779
41086
23636
76601
82200
12127
22522
51341
8645
73815
10471
81268
19690
48292
31554
17464
55475
8339
55988
55242
7060
844
23336
81648
13174
47859
47985
13178
18752
56835
37406
29847
8985
64270
30857
15844
38289
63849
49171
15673
12069
70115
77438
29476
46947
18174
71704
20615
82098
13404
24898
44425
32996
35848
50553
37486
27047
74892
49292
34835
21636
62480
1531
310
3923
45700
14099
35734
38894
31058
46266
41771
61233
55267
25423
25923
79754
37707
52169
72149
15566
41675
11506
6174
43902
54978
2087
23139
12450
19815
14089
43348
67621
41405
54868
28876
46354
75700
17412
10666
79911
34601
56051
25227
11882
80840
29536
41445
41723
3028
1025
16669
72284
60418
36572
52398
73527
30468
12551
81105
61335
24707
1471
58729
11853
37626
10431
46046
53638
46494
29129
47067
1044
42414
37250
57951
16900
3440
73602
57249
11245
39092
56921
58496
7347
57840
1824
15391
45807
40245
53962
13850
51497
23623
80638
17059
18974
28797
13440
17330
38922
80449
80596
19491
61227
18600
1
57141
62002
16200
56731
45910
33001
17403
32037
49814
59481
43562
43212
78474
73241
44501
9646
7813
76801
11820
7279
40925
38754
23729
13498
72587
8794
40446
34573
74691
82043
63190
51422
76989
76652
19746
24329
12577
58790
22280
57223
27439
988
19533
2606
7306
13067
44569
4853
80536
63110
75242
61050
35921
41205
21359
72714
57307
25532
36725
21259
17083
29707
19443
48391
50982
34750
37733
14624
29169
13604
3133
112
57447
16709
17786
57917
79565
32556
80771
41304
42282
9602
29185
70351
35249
38713
22642
58827
28153
5284
45484
45593
41056
25738
38324
74948
54391
54894
11972
65871
18583
33555
579
9260
80503
69800
21943
60859
75578
69669
18618
60984
28242
60024
37321
31521
20317
12242
36386
6285
42001
42899
73625
21814
79410
13443
63777
5230
66820
16867
46343
46799
3963
74447
78028
8717
13018
63230
32902
81903
40875
62143
23200
51587
44652
24837
33497
58147
37350
66880
6442
68768
7164
73189
38581
17594
39211
56580
65965
32896
35838
45945
2649
110
19843
55123
74120
51712
39152
10613
50940
19682
21500
55656
35928
27931
440
71718
59072
55264
80407
10104
58418
14119
57739
57060
64996
60727
76754
18391
1766
39029
47382
1312
51192
34588
19755
13413
25771
44978
8039
20032
20566
36591
4082
15481
5331
56091
31965
58949
24072
30073
19498
57236
20502
40488
27079
17618
15601
9134
64196
4035
8887
7490
31722
73553
10864
48908
27907
81186
5218
7505
32158
15460
8070
12213
40866
22318
34496
41102
79295
45774
25553
19550
74700
25361
29108
51090
43377
53462
38070
6740
80394
17371
36163
45250
39462
22094
57629
16828
4197
42256
60849
58524
47535
21000
59263
58376
57699
51959
80160
30808
66189
28892
76214
21329
31062
62771
353
28908
79076
52890
78045
40177
11223
17870
26602
34856
72308
75690
46333
68847
4695
36465
2308
79158
71068
80156
30125
27149
65420
43500
35603
54291
38446
35203
36506
11275
81971
60981
40518
574
22042
53784
56054
31512
74070
13931
51685
49952
1009
54379
17422
56408
30474
42716
9927
9684
76211
10339
24958
1331
79779
9845
81214
62429
11662
6881
12279
37965
7607
66045
23940
40533
47592
42931
2775
63812
24285
42783
45153
40762
13958
17139
19251
26166
48791
25261
17076
836
78844
70070
54874
7159
8467
54982
47267
50046
71611
71985
2583
1377
33872
42977
35620
2657
48063
61801
8459
39881
57066
36446
81320
29124
70414
71173
10951
72567
22492
66680
63356
26811
3081
13776
7117
29336
73564
57268
75010
41804
54219
30090
65689
64318
14258
8370
78680
7480
53655
58596
35206
9541
27810
3496
50581
6437
57230
62074
32884
689
3530
12677
67712
52791
9226
18909
524
77359
25521
23727
7475
24137
69014
61739
13398
21750
26787
19629
73778
48602
12477
39202
35702
14728
47108
17103
20909
56310
10121
9150
61619
45339
30608
53757
61119
79981
74164
32892
59227
35324
45612
44899
41045
57033
80782
6423
29560
15677
60892
2175
44785
1473
53843
50609
79458
78607
61717
46556
26842
24845
73956
79801
26007
81943
33824
66857
68491
14699
72383
77346
24081
17224
39038
78226
41651
39209
48470
322
50977
62093
7018
9422
64324
42048
78699
16804
500
46355
13339
48687
69738
21560
26491
38483
19134
21969
49323
55428
29390
9656
23520
3717
27250
77783
74962
72105
62443
44313
30434
31038
36828
45924
55682
43555
47889
22404
30340
22505
19005
44423
37615
55203
43993
55220
77566
48974
2143
54533
21382
26640
81532
58060
19726
18546
81842
22714
4806
15526
50335
7212
4900
74144
11672
57868
470
61161
19523
81190
79579
41322
57131
64589
25067
1235
51925
78821
52920
14002
33141
13423
32563
19291
75257
31972
19140
67422
77240
65568
16097
43108
75735
73123
41952
53616
32659
10889
43474
25380
75004
26908
42420
1950
72669
67788
29268
46027
43479
35644
26117
32567
25292
64803
81460
7536
10455
80343
26861
37452
60644
10353
58328
47275
78371
47075
10071
58056
11773
39888
45867
12607
73347
72755
12649
17615
76053
60340
54003
32238
34165
17005
76782
42200
927
70247
62262
19046
79731
7041
28612
62182
53533
42002
64344
38885
44583
65854
42211
43352
51786
52265
39820
48760
8139
32264
45419
10317
58391
65917
75805
70320
31405
5948
38836
29361
41613
54410
68677
20465
16144
38860
2986
72173
67894
59639
69244
46287
47931
69497
57878
43862
53113
60077
66777
78582
81445
20421
32760
37382
42883
11241
25046
6365
4299
50699
81738
47464
5927
14201
12366
75363
64835
16339
19740
22002
28537
33209
34413
16953
79252
31666
44624
40170
54073
4625
74940
79072
68973
65129
45690
33581
25022
32842
77487
43750
1593
78663
99
36627
39316
59676
27786
75560
67856
68927
45437
72420
71337
28735
30157
76087
65360
54467
10774
4850
22128
1530
15542
69059
73800
20516
20918
39219
63140
49649
60568
46164
3762
46562
17677
45230
26346
28289
24673
63712
4075
38380
70842
39878
8475
70579
45830
58119
29989
45343
40538
49501
4541
30406
30988
7462
23708
15778
35256
9118
71192
66332
36298
50690
19915
25325
74727
77426
59035
5513
75039
29641
72094
2186
22362
13509
55685
4872
12158
64144
49289
26146
7182
35137
63981
72373
34185
30199
22620
14081
44338
2138
75044
25676
41970
43451
16028
68079
56118
17904
7257
39599
27536
76716
37372
10548
59156
5375
50657
8843
68627
69065
74599
2479
57281
12520
26631
80758
52866
4131
11384
44756
34676
3720
31312
38231
55486
6268
67131
24288
66708
68787
2462
75142
19888
62375
72515
40147
16192
55305
60185
54742
47721
17706
35486
12426
7457
22388
59698
64305
50745
59691
50697
17341
40740
4323
35981
74466
8787
66930
8871
62808
27254
52376
881
81317
76017
68970
2923
32175
10062
39763
48859
37848
20365
39415
32694
35282
39021
43921
53210
48789
4515
34864
60612
28306
16262
48264
52640
42491
42182
17637
7961
67483
16756
63469
34203
46905
12403
76811
13572
77371
43871
65251
50272
57303
50178
59520
47057
55629
78830
11688
50890
30823
27876
12670
23194
42504
23371
39503
61334
28789
11141
52534
77184
20538
56937
61465
57314
14598
48291
32895
74060
38773
14297
25536
61610
14536
50220
64494
39083
28275
29001
7409
290
6201
44458
56744
41402
29507
45183
49889
10562
18329
39668
73716
54067
28094
5079
37712
43064
53159
5965
41029
8136
3617
3029
35017
34596
5951
38761
50746
58816
66037
35575
80399
10647
1759
57574
32929
36123
66565
14190
33082
22545
56749
6123
29567
60970
38517
8217
67171
25650
71396
72352
73925
36835
22971
63212
44852
14172
48508
67986
80089
13576
81603
53140
46010
9220
11631
63367
49632
11864
24820
12376
12879
86
27648
40638
12315
8014
55571
43539
18372
73570
43603
25765
10729
49536
64225
24219
81629
69910
11771
59454
5360
10328
5597
71474
18655
34858
27892
61942
43719
35534
76222
62992
60124
53894
44634
34123
14252
4924
24129
37921
46574
35634
52583
76009
44668
66181
46513
68588
22012
13439
1448
60189
25863
72765
30795
47233
65012
24950
14828
73474
25141
32553
52679
7680
13324
67162
27614
37236
8592
18441
76154
23182
13648
49811
7624
53809
31541
58488
67700
80020
51313
55748
6018
43464
57262
29528
5894
80700
47279
73314
25566
59499
59028
44389
1181
42676
71310
16688
14409
47939
50426
65815
20141
36008
46077
50573
78229
30671
11001
79212
36456
65161
76778
16017
70702
68599
27681
9435
47505
52160
40791
78987
63543
7339
68838
36062
18892
27881
33413
12891
66113
4816
61492
51631
42736
80249
4673
11787
27159
12697
44760
37285
8716
7763
77100
37407
60472
78611
60573
27125
45278
54389
69023
50254
53383
15705
8565
37426
36176
77355
36226
22809
72307
20485
17739
46888
10913
2966
22466
31882
5267
326
60293
38904
52729
39771
41947
29045
47347
30799
15040
48048
9009
49425
11065
9742
19242
17340
55184
33448
31075
54373
57048
45477
62113
6494
15959
44450
40455
49577
51955
17513
390
12813
64872
72876
22027
7057
75280
72537
8161
28589
81354
49667
986
31464
12360
41741
53605
80727
17489
16532
183
57436
51749
22375
52213
49219
26298
11875
29305
57392
9707
2358
26385
65972
13743
67568
12923
75877
53456
38815
716
42869
29148
33556
8406
46083
6524
25132
32382
10614
77877
51751
20418
31847
18653
16049
82122
5584
76000
59803
13334
39333
5501
81730
32015
28456
10799
71267
60740
58304
60941
71451
51263
27891
16759
59742
45184
19020
60051
24050
78520
7693
53498
17727
80800
34144
33992
49391
20773
19574
52240
24727
23375
38311
25347
24415
17220
59895
36165
80201
20556
31529
48580
43931
32005
33294
12973
43716
39362
64401
47042
65002
1613
30520
47983
39923
44936
40065
52522
78197
67395
75770
39116
32780
62276
32594
48870
1441
68582
50431
51912
63559
54
2253
81480
56237
28938
54084
66260
81786
28345
16891
51174
39938
74114
6145
81149
30415
61975
32720
9161
69487
2123
69096
78860
22113
208
80969
24788
28523
61067
8834
6217
22479
32405
22931
13470
20819
62606
57684
52861
73207
20395
32460
23811
50060
66850
35830
12049
55736
16002
49173
56019
63895
54491
19171
48756
10423
31438
46765
69114
74987
12009
54587
14407
46639
20115
18904
39307
8174
29513
1048
28305
1075
39282
40114
42365
29301
28655
31652
21799
7455
1860
28475
38406
37741
24391
33364
48653
63080
1632
63596
56551
35954
69581
17832
23379
20888
71242
1836
38641
81102
81647
62644
46146
14003
78424
2027
65425
23965
36754
3626
10079
22384
1195
5193
2902
33212
50030
35366
62261
27737
2802
50877
64481
31152
11602
76829
42221
34892
34994
21496
60837
81706
45186
49138
50512
32776
69386
18985
47694
14620
6670
47323
73786
73965
2851
54819
29355
26962
71247
48360
54951
17923
68045
32143
74005
3441
53089
47760
77431
55086
31695
15132
47657
60430
69074
13330
62478
24566
29087
30584
50722
50816
57598
27924
31778
56074
59406
62594
21119
39016
71053
64047
58121
9741
10020
38848
3243
48091
23651
30872
29839
63213
5155
49004
4463
26257
59455
67062
16653
51357
40910
51954
45932
32872
37043
57258
22469
24424
17070
36932
41763
41374
70860
39069
64857
57740
42877
17645
18722
29550
81207
50264
68029
9877
3436
40018
47610
69612
6394
35422
15287
6290
14217
30429
32187
67511
29140
66441
11463
11822
30007
14244
21765
2572
58562
63497
56901
60268
33887
59925
26203
49704
37286
68085
67849
17864
49488
81407
19345
70144
45756
64698
69947
42649
462
21884
48150
79511
28087
36083
9784
41119
25427
75032
17029
56844
61799
15580
80606
25475
21700
13349
9099
24320
4053
7121
14805
26844
76207
78948
32650
39246
36740
8169
6682
32342
53540
31291
53861
17327
7953
32863
19736
17278
32302
70120
52037
14033
9481
26837
31567
14843
44346
42480
4631
21570
76339
53758
73351
60318
69090
1206
11807
26955
72938
1645
25049
23323
4366
54759
54705
10778
62288
10775
39734
78097
12909
56992
7558
10869
49865
7005
16283
44355
14293
28418
49658
7290
63428
3376
45877
16082
25110
60103
23486
45344
12026
76070
33113
10973
46197
55910
15134
82088
49791
7782
27746
56824
1397
50416
6345
72521
54033
5456
30998
53504
14794
51499
2192
72294
34600
27414
70899
71596
35009
55262
62666
77909
4598
2340
47039
29410
77037
77189
59390
65461
28514
9241
66172
15301
77340
61701
61194
60494
78019
11474
53349
63248
45040
46957
49612
7000
14461
17131
69939
59955
52992
20201
22169
45168
32017
57202
21628
20630
49734
80889
10885
22747
78796
60882
9406
26928
80187
56751
37973
61640
43364
9283
58327
76284
28504
57735
72573
26921
13568
42449
73928
60634
50519
23259
21963
9502
27675
59975
42915
13865
23509
50817
34557
21759
48468
44395
36839
29895
6497
8602
55563
10623
66719
49824
14454
72342
76324
29765
15244
70944
39980
64233
64729
6942
19261
51410
49526
24048
31872
40426
60058
44440
33568
64624
36439
37397
60911
46255
16326
75891
49894
49048
27711
29036
833
61417
63616
58362
36739
28842
45578
35385
4148
50716
38084
334
53166
71025
24663
61860
58313
17965
17811
68900
16908
31692
2458
57458
8200
52296
47114
29117
79480
49554
18636
20007
76360
4886
14720
78839
20678
20782
79595
13278
17145
34008
55810
43018
38137
75252
55895
852
28154
12135
77046
40603
38194
52686
81919
5118
71802
29424
77364
60904
9568
23004
26321
23393
1561
11585
6711
8785
78914
59712
1420
78725
6634
54571
4058
57070
37431
13961
36874
82263
41793
29504
55710
2457
48306
78178
1481
4045
81458
36905
26521
48484
27295
9610
2992
61459
61487
3841
8857
48941
30274
28832
8095
16468
41811
67380
20902
9735
57981
79657
59528
61043
25959
35960
39509
53859
3944
34844
78343
3030
27456
929
5084
37068
28638
38570
12048
35295
1287
18950
57412
9930
41939
51517
17385
49690
75121
8054
35331
49992
27086
49751
8461
27685
38998
67940
70004
45788
55771
13986
2057
36196
15421
81255
43781
4920
54788
71556
35430
21164
61254
68942
1462
65918
22161
43738
37005
56510
11336
371
16748
55435
61027
52814
33434
26009
43806
8347
15498
11569
61749
67178
16338
21489
45501
17437
77442
9967
41551
8921
74803
42381
18301
4345
56918
6431
31502
46601
8247
21458
41047
60078
4437
15871
72418
51227
63789
59757
52082
1106
37981
47485
61534
80077
77306
42022
80271
53566
9123
18242
71299
80984
22781
73877
33186
13613
6583
19704
20086
746
6611
40937
36323
31222
17105
61962
81950
43594
17430
75393
71896
2037
28010
69020
2736
81752
79678
75879
19768
28281
74495
43720
24438
20186
45310
76370
18929
43945
67570
39052
25254
66773
23925
42217
32534
43034
10809
42267
5701
15954
58250
78523
60993
51887
2151
50073
16507
61362
53345
60594
56839
37302
62522
21767
20475
16436
38528
40598
11456
55379
23832
39107
53939
34921
45546
53063
36114
61594
29472
77005
26769
30097
34069
5885
8992
40941
81362
78016
77807
11231
25092
17411
42777
66938
23246
10512
41034
18575
22228
9001
65682
48801
20677
68166
47810
46929
64171
7695
36315
41192
11756
2614
76269
32468
29404
67756
71880
5429
32442
72544
74726
61955
13476
77513
80660
48051
61323
78390
57419
60276
16667
46205
13767
15007
2000
43361
73885
28315
28466
24830
50781
28803
20442
67354
31672
34309
47886
45783
26624
62127
28179
39170
41003
55165
25753
57963
80709
33377
9133
23596
63780
56145
47136
11317
43796
13042
46005
6261
9342
1522
50457
61911
76278
30911
39799
69751
46837
22103
40929
30296
38512
55559
34657
12115
33019
71617
49768
71740
19360
6076
38550
16699
51933
25090
35104
28627
25546
81049
25584
50824
21718
7140
68648
39227
78997
34435
21853
9957
37604
19758
78067
45058
39870
40592
31089
77443
28072
37954
70672
22902
34089
59064
38023
58026
29889
56811
72033
69924
30060
67709
18897
784
57105
81934
50808
2727
67603
34027
64675
5847
27187
1538
28031
15017
3255
44835
51901
59586
14713
33531
66690
59730
49669
13381
31296
48880
61819
73263
5016
52698
77480
15263
65727
61710
44951
29082
29501
75081
41436
43327
7590
64733
43704
69427
24565
32020
26062
59421
27879
59133
44181
69370
5438
60095
28584
79022
20655
32923
56647
47227
15508
16606
27937
54619
50588
24076
16245
21227
4652
6722
16008
36520
42606
30518
22704
47791
7082
2517
36986
50633
18782
55194
40956
64748
63583
62927
56759
30899
71346
79841
54112
26448
36332
78
55255
36997
36330
43067
5328
46847
46685
13485
6073
20762
17362
7119
7821
29894
47007
35934
41912
19663
73201
68127
29591
30118
2272
67749
77394
29133
77945
13181
21512
80752
3078
23470
35477
46793
46171
1793
42792
67889
70279
41488
79189
19458
9662
69513
12559
22370
70648
77828
27503
41784
9303
22444
36144
23442
14601
24802
30817
11641
15756
21762
46819
67100
67030
17241
26945
62068
64029
12890
58967
10934
4732
24070
23945
74731
55105
38366
60258
2522
69884
30012
64249
73402
50939
21443
57103
44690
13315
46890
19454
76514
43529
64106
22279
54501
65188
6665
60554
43981
51639
27608
61421
11877
56171
19846
65766
79852
40327
31418
60749
16596
39863
52781
76837
31079
63226
55778
57055
5431
13907
23255
45805
11624
47870
22203
59485
42955
47399
21053
71117
23529
81516
71539
81858
13283
39133
39691
70736
77312
60759
61631
56335
40043
15148
39291
8976
4161
29908
30382
23573
20849
23916
17783
47910
17535
69601
59431
29804
653
35445
79499
35320
80640
64392
71326
32944
13028
52566
20075
24975
20300
3413
62856
32451
5130
59249
69935
32779
12759
27550
41979
29351
45121
65560
13994
46648
75439
78801
44752
61559
31217
36237
65371
29601
45217
11750
82302
81019
52482
78369
77055
27398
79202
12653
58577
4101
10046
57506
74905
23119
80010
51260
33725
16738
62159
25163
39813
74175
7380
4717
66491
26139
50095
29706
49369
70005
2329
44370
37363
74800
33353
80492
65292
48832
1873
13951
693
28977
68507
12844
20506
33715
36525
58267
55631
28493
14569
6961
7861
55400
41575
66052
62308
47680
316
58750
2483
42691
24890
58474
4800
36631
12174
24919
50417
68060
27772
29602
13854
7784
20746
17972
65547
31048
19316
45288
13551
19499
39610
79759
78974
81461
66019
53003
35180
68388
73078
5712
45526
48944
64067
56603
34738
50036
36215
11436
23024
122
76511
77048
63053
30048
69871
25825
49924
13762
26431
54086
10739
69894
7785
26082
74018
72313
61167
67415
63966
67543
42015
14942
35740
75507
24552
57706
36651
17894
36902
33417
53946
63148
2740
73261
79714
73728
53825
33165
34222
44172
80019
68855
52330
29994
4352
56256
40216
32527
19761
50572
7894
52115
13130
2209
23420
48780
18743
20172
33184
67246
63743
34666
18966
31322
37504
4139
17468
66315
60715
81696
41024
29874
72594
28532
3415
23090
48563
55555
64006
42913
19511
56848
58461
38170
62558
67292
62952
36820
56126
82078
15641
75070
82116
57603
68338
45077
34686
14595
32970
29420
28012
77475
39653
51028
25747
63620
47014
63377
59844
19641
75532
35058
63486
1264
9622
12270
56803
9163
23561
64390
9589
76854
68493
66804
43487
56654
31487
5937
54543
78486
46931
6382
21217
67616
3977
54457
4242
25880
15023
55020
80808
27756
52276
33551
60422
67053
3633
29441
68059
81492
53039
7450
16455
80033
38362
15136
32742
1071
2886
40462
66575
35
49396
72142
65228
61122
55822
30280
66829
35280
46981
23291
45144
62484
25865
76469
1364
25314
8551
54245
60696
43881
62831
76934
59107
71709
19370
77324
17857
60203
52288
23148
44075
21162
38756
4792
38875
27424
37441
38817
71531
49582
63219
30257
12345
7387
12919
35436
54602
43380
46060
60392
51393
66289
48022
60201
51372
58442
1930
58965
6054
61165
62781
4915
32681
43343
28685
78111
61889
42121
902
44721
63589
53016
31049
37884
8863
3296
78006
36168
10757
71787
10259
50530
23186
1744
47645
47069
13691
33053
21682
35767
47017
6943
49146
51418
19564
45976
62173
59149
27208
28177
5398
54858
67270
61574
3875
52465
43655
24389
48538
70406
49998
40661
38233
35467
17126
6774
49943
25081
29317
77655
5371
23987
48810
8534
58711
40965
889
63909
3969
67254
20333
65122
13841
51815
29670
66689
11855
50863
43000
42058
42775
74848
1616
56979
66494
31869
75093
76878
9412
80118
51354
73303
42763
30940
33071
77617
82171
54992
45991
38299
9810
55150
20343
31674
30222
41242
21181
53677
8015
12487
14982
65206
62400
22183
6934
42279
18387
16329
9956
12356
73919
52362
43767
11919
55566
73697
39147
9922
49194
51489
16415
74528
19275
48153
39156
31818
47661
34120
51918
62656
37366
64373
9700
70693
81925
59086
24064
26802
504
66947
54781
68447
22746
24646
36628
46286
56531
6793
75740
40560
71710
61109
43685
45447
63848
63919
57658
73331
48275
20151
41239
1967
23773
79672
27765
9366
9744
57907
7324
73927
42176
56942
59515
24341
10796
55690
1254
73259
15748
37090
51578
35441
20271
46124
51651
54330
48501
37658
40882
37183
82202
34831
63614
14562
57212
15123
47775
67454
12941
27201
60818
52725
58741
4286
21756
65217
79150
40075
65367
41294
35716
20588
17250
12361
19098
76694
37086
80955
6370
41130
68521
79786
17503
63574
37651
5851
60544
34579
9356
15108
50540
45849
77953
27796
33346
27560
47483
76510
11741
77123
7453
13873
27036
48833
16520
76358
9972
44018
41040
40066
42153
14520
22332
25668
61028
231
5614
58008
74909
22691
41168
74863
21031
36515
44218
25496
19423
48035
26730
63799
76151
39829
9140
37791
64335
73626
81293
27586
11591
53401
73072
61995
59116
19593
17202
67589
14358
62980
19594
71431
24600
18139
55980
78488
28896
6302
4556
52426
78277
53826
49036
43461
4830
1198
3191
67278
16567
42620
38428
81885
80305
21807
7143
29659
10249
56044
55758
14465
28267
24938
55601
4950
4486
67418
32579
2128
50617
34850
49226
61907
73346
67444
16058
54550
32373
64155
34013
75307
9194
33928
23699
5539
27992
75630
38034
39343
1803
15793
71605
63725
15142
17980
58061
62961
16030
56122
51577
9458
8744
999
72609
3292
49758
34792
260
44699
2927
6632
40338
17108
62798
76251
7025
22676
79473
6147
11783
3607
58364
51844
78791
12825
60119
38250
50002
28100
74372
23064
25307
66115
9506
14552
40265
17347
68983
59176
6804
66075
21664
40303
41569
19809
23190
40258
59456
26052
30023
77121
58763
55595
55918
28770
44078
49147
61479
67459
79013
28592
49230
33809
48977
56634
17115
74488
12637
48004
35810
68462
38805
13386
72071
17017
78204
3124
18435
27031
40887
33954
54238
66153
10180
14544
20143
29988
64552
21608
5378
48718
29982
25456
19920
48473
42407
36544
54098
10860
8000
55441
52993
43962
10235
61128
16067
81966
80693
10545
32598
73996
15313
75720
34620
30576
65648
66106
44744
42702
55838
31375
52573
14115
79708
3894
55697
58896
62356
35543
47569
66411
9901
36067
4164
41012
60069
6403
65764
69647
37865
52847
4670
58916
3354
3827
31425
69618
5551
26172
29448
45257
5203
48223
81508
55726
48889
10544
37778
25978
38054
37130
63323
26358
5983
22181
59506
40377
3289
8544
5700
53440
54259
2641
41055
28045
62025
68655
22943
36412
74796
31360
24056
78138
36671
14146
79641
66752
37453
58823
30648
15175
53535
10413
5279
60609
48044
54876
67052
77658
35852
1457
60241
54924
19217
22987
22871
67428
10849
66788
59793
28936
51045
78441
3240
55900
36618
80005
79439
44012
76828
22246
73306
28331
29346
29727
5073
63656
80221
62207
40320
53085
28697
5689
53877
37256
67089
36730
27280
31905
7417
6821
40403
78062
68209
74555
750
43990
61924
21101
13586
46701
19049
5644
21935
65081
3105
39226
36774
58885
55137
14479
17975
42246
25032
16603
17057
24509
55175
19435
70321
14874
55646
47981
76557
41082
66560
36032
27423
39736
55389
53747
23386
57647
31134
49160
23267
39958
71608
23400
4417
30595
23050
44422
81594
52667
25579
60954
74778
8932
34859
59532
72358
74334
9197
81210
75227
55477
23668
2981
41593
6976
24584
23256
35743
60256
13308
36569
29684
63301
26936
66054
7434
23542
60695
10194
44556
28849
39775
16019
33717
26089
71423
13968
15528
79383
24859
79764
7199
61927
18891
44228
61665
47353
46242
56642
44295
57013
8872
36242
66099
78673
5992
74362
41392
76735
78644
17161
20967
66238
46119
71034
81564
69565
52133
69914
34128
35167
28775
75161
39173
17819
61292
51907
35821
58097
33427
42360
6823
44287
12204
39712
63653
36894
12999
27623
81778
7265
70262
40772
72980
30267
12631
73969
40989
28213
27042
12864
16184
30838
25968
59288
8019
24372
24980
54609
19024
48029
17179
50568
10383
13575
24811
13276
53329
28351
47134
25809
39011
27778
32876
56378
45918
34990
60333
68505
80563
63436
77225
75757
66603
4851
51291
28921
27722
73214
37319
49269
15087
17810
16485
59553
4954
1547
29018
51507
22660
20405
17263
3661
56991
68566
18289
27857
62568
70479
51149
79674
28869
57943
80379
67088
61735
46956
11929
66407
55956
48702
38975
51546
6392
15184
44331
41887
643
66318
32749
38610
32362
1338
72811
63592
3790
34951
79398
19865
19014
40675
17847
926
76438
35514
56214
33120
57566
7672
58107
17284
46101
62216
35559
32488
49676
37226
47861
71883
33906
76425
13133
44246
34732
32683
50680
8761
69474
13358
18204
18357
66366
47670
48337
64937
6101
76314
51988
14320
39722
80180
28838
65418
64725
15572
48284
49091
5895
20073
47427
60174
36048
16383
51833
22933
28249
46715
19988
68191
21859
69585
62744
52329
40385
71775
23133
66076
43274
56524
22155
51570
63349
25518
7736
75952
70558
5704
11530
21372
19627
4160
45429
24397
70987
4170
62526
1597
49606
21276
68807
75609
33029
35223
52282
4135
40981
42531
65492
41131
57386
50084
45641
30004
34716
60966
73362
19791
20357
2380
12721
4664
68956
41786
46396
59921
51796
41837
6547
11616
35322
72691
31860
46705
1356
53598
25999
38748
1129
14656
33630
8079
1293
3146
41517
66863
14782
32108
12566
1975
5491
53200
27248
66904
21352
54774
62109
2967
4532
30661
546
2276
26066
12459
57085
19419
49192
76077
75510
22073
9470
15252
79428
17410
68250
69828
23776
26147
48105
46757
51607
80796
1305
46420
51705
34720
26195
6457
13667
1514
15437
59864
28549
60250
70021
65805
37934
31249
7887
12962
9969
59219
19626
52209
79951
50997
7262
45570
5131
79090
17287
36781
57578
53816
21914
12393
58426
39364
24430
46781
38455
52417
64533
77163
1433
35909
65782
27865
8243
70195
16682
73092
280
47205
71866
27658
45900
5698
17957
26625
74924
18218
67736
16800
42726
18529
24622
17756
58732
23538
72946
69196
3403
24334
24546
17420
51444
6926
77684
21267
68804
25500
62789
80918
40917
47406
16402
62988
21393
20581
78795
28642
23208
59398
4008
71478
35323
50119
2426
35096
35964
11269
60416
31999
43736
60380
47150
77790
64892
49200
1111
53027
31929
48927
22120
32164
46856
15082
59610
78593
51066
42884
66786
2316
25188
23307
81352
47314
45254
63450
10856
2578
64879
21146
79803
66802
72028
65562
74191
41794
15847
9714
37807
17316
44096
6220
56968
27012
45518
21825
54913
51571
1218
25221
77788
26903
14012
1637
76531
69661
81491
35866
3059
6701
68467
34532
1300
77724
48699
62859
72558
25713
67434
78921
22979
69258
77960
18513
4760
37053
52628
62635
15716
3593
38019
160
4835
20252
25993
11567
57399
538
58177
79311
66735
53704
77281
9840
31744
72203
77624
75233
47940
44823
73727
81448
9171
48920
5520
29210
81750
16585
47270
17045
2871
7833
39970
4440
81500
37195
78054
9999
81243
17665
24356
29369
80050
34414
75428
481
50285
53914
60799
29027
63242
61144
64277
27690
7353
70884
53580
35495
22632
64532
6887
61546
48830
35750
49320
58902
22422
23860
21655
51853
75938
17946
19999
28147
32631
27779
51462
45083
12776
79041
57977
67173
51878
20734
27981
5586
70272
38575
1955
29484
11445
7899
55616
44432
70378
64604
78091
16293
40143
73125
52381
39677
37584
76159
49003
49244
23478
79888
55088
52454
77818
13075
22236
35114
33461
66198
50770
30420
9359
13194
79556
76126
68751
69698
40846
3736
6151
26177
42111
71914
52753
60348
64770
41098
79621
43421
33971
46435
6063
48270
2588
31071
33191
38768
64693
72701
63518
72400
73016
74286
73637
2069
17046
75816
74141
66170
20414
20023
58491
34966
32093
71792
5385
20548
35631
64963
11184
2899
72643
75015
73623
62069
21542
43907
54307
16713
53388
9202
25107
32956
66392
74226
67142
2934
48073
46877
37520
52444
47903
39611
26915
52911
22319
15278
619
47284
52023
5866
57302
62010
3008
66138
53077
68416
41466
29886
21333
217
63706
32061
42850
78481
45742
66296
35379
60410
67508
18323
14651
51211
75487
22148
26290
34656
41753
46887
47926
77626
21867
42077
14460
76610
2284
29632
75415
33743
58028
55323
10153
8397
61438
57328
72457
80205
16777
34461
13316
40126
474
79276
29926
78742
78540
70212
21978
36559
40525
44684
58667
74355
74100
68095
11951
64371
34376
70410
79553
49741
41198
36275
41510
60223
59350
38636
58500
48994
76914
47276
15454
70610
42274
55127
44240
82070
12165
25733
23317
79083
12611
49446
77143
62513
41502
80678
22526
10096
56153
75685
27629
52619
56199
11849
55610
32729
81574
42522
32812
45883
65191
7971
4264
74472
20310
1891
57243
34824
75927
24036
9943
29622
83
50229
21015
60683
4657
33802
72468
45175
27726
79833
68234
14498
49720
63787
33237
52016
4037
4784
14489
38914
36154
52983
80919
17781
80196
3679
58961
82150
64396
59466
4892
72688
77501
66644
70134
81010
51454
58479
4373
81286
15270
77414
41163
45582
49985
65431
11815
20048
77065
1261
52510
52723
25866
3649
79145
73270
73279
56781
73180
29909
24310
6537
35216
14947
56620
681
16505
65053
48139
13048
39453
75209
21918
67516
15923
46780
65038
26313
59139
67553
74676
36973
45524
17298
56980
42790
33496
53304
30527
46550
5723
18189
68553
41292
65272
17130
44009
58984
3312
67942
62269
25632
5924
4847
11651
21505
23670
62716
18488
53420
11109
23762
67924
858
69846
46849
32504
15352
3221
72649
33834
45933
15854
17684
63151
69466
44789
69035
44498
58044
35777
76395
47724
74667
15560
53335
42895
24612
74184
1563
455
2403
30833
53309
31064
32904
45305
75881
73509
7652
12062
67338
3435
58631
71101
43117
12317
15022
11097
61674
54735
11532
21313
35774
19093
38614
40779
46796
73834
33574
62711
47249
55044
63030
80697
44711
10500
66738
32415
71218
45282
73661
60576
62409
11498
21635
27073
53532
24804
46626
48534
75170
15663
57115
45406
13206
65027
31837
35604
11206
76167
52657
78020
7239
73251
45510
80910
48435
18235
44993
46996
61379
81688
35413
22855
21199
58709
34297
35988
7878
9637
20753
28985
7850
44
47452
69675
30232
8087
34910
59348
20306
41143
5560
76763
35289
33109
60198
54727
1317
17097
53277
74052
41282
22320
27969
22666
7647
66381
70586
72194
39088
2233
17759
8799
26279
5764
31893
76448
35039
26356
26372
39320
30512
75855
11810
37719
19707
41299
6848
35676
78361
33549
50852
12529
56602
77135
6734
62295
44773
23036
29533
28510
22990
24417
41401
64784
80483
31988
62306
15685
48247
31208
5603
15986
55498
5402
66031
69138
2547
42998
45422
53287
65442
26754
49844
3671
14690
20391
30651
77457
73256
77967
44872
71360
79636
52312
58209
78984
55538
58568
15512
5420
75547
6517
72956
81002
47006
6444
53589
4272
4727
12416
3044
16862
61565
28093
41264
73332
80740
177
67027
10324
63772
54182
37524
74434
69883
68544
76852
65962
8374
6352
9311
28298
39424
33584
28296
40539
67180
61627
18662
11982
12534
34487
78397
57969
75137
54376
70086
31451
38620
3490
51006
6182
75599
22581
75197
9240
75614
35915
22193
36760
50720
44983
39743
44663
26361
5387
14364
66509
5000
7264
51533
80154
70699
18656
72044
12494
64689
66587
58879
56177
80400
50833
26445
70757
70976
56135
8708
38725
54714
58166
14640
29224
72493
81487
72655
66525
15467
47050
52045
52074
70235
6024
7979
41747
72706
77466
61512
2249
9187
70853
77128
80070
32223
42106
72051
67175
71678
55116
7870
7756
27151
43645
14280
23986
32641
78620
58132
20243
17185
60212
17296
54919
68186
1841
50748
786
59751
46337
56893
7968
66733
68572
41965
77894
75868
36340
43985
20058
54791
57986
69764
5617
47652
25299
61918
69886
65847
69956
61689
23838
78331
42458
64587
56648
52810
49726
50104
60310
65426
823
55877
42843
74626
67059
33618
17788
77385
77902
27848
2604
61839
66835
75798
4931
60622
44341
1050
3826
61018
75355
53955
62403
65779
1866
53556
3767
81245
46579
63163
29643
6292
40786
26569
23790
74140
71216
45496
37019
45371
1259
2336
778
73947
48964
48737
9620
56105
69002
48398
24247
51553
16207
27300
13097
62894
8447
37184
58373
42412
23583
44470
76063
50304
42144
37902
69306
14370
5304
28438
35710
79705
1961
63594
38825
57491
54567
19037
50747
40369
7312
64288
53514
34505
58641
53656
63047
60841
33307
21517
38726
76302
43511
14168
69230
62663
45319
80207
7196
73651
34335
33261
76706
55592
68266
21647
58623
19842
66501
77965
49183
1909
20469
27355
79793
11282
72518
56860
22592
24619
61061
42336
51805
18689
5832
2515
31968
58125
30487
76597
19357
12092
76385
80055
36137
11939
14921
78700
41273
6599
52880
61146
62950
69791
49022
69899
49904
41490
62632
41993
19464
35236
72887
5532
29797
16727
12189
19676
9835
27283
14398
36501
43620
38350
33525
77891
13121
66344
56263
70008
29030
12693
1121
58195
43104
41853
43220
51188
29717
4509
69193
28091
3274
61089
2538
54663
24075
54625
72210
53662
76750
69641
73132
75105
8225
52558
48776
82063
31625
48706
73498
35003
49348
19749
39375
9940
9992
31780
26185
26262
52432
49428
72819
62702
45382
22341
56857
39158
48169
82225
78964
27342
3180
79168
67628
63549
35952
81679
18195
24179
65307
21593
22816
51876
63710
50843
74979
38685
67773
39167
5148
14234
74697
26030
25158
28001
32215
3520
58677
24631
60987
26659
3836
56775
19951
33301
32172
29697
4341
56110
64212
53663
54107
73372
70192
19778
59576
1986
62629
23747
5009
33110
38125
4388
21724
76032
60511
78496
23438
82293
6993
16640
39587
5874
24638
70037
46142
61703
20339
67963
38921
14467
74883
68525
22499
49497
67420
68734
41075
26277
29562
72487
15530
60613
25795
64838
33629
11949
25893
35078
39390
67531
26796
10283
66001
9251
10411
25950
4564
20162
36485
41692
71968
28070
36693
3773
9531
41342
23073
7567
53953
17839
72659
33426
60667
24457
57591
79829
47901
79250
5593
59644
32044
30902
35497
33045
6847
68826
67120
31883
62888
30727
3132
426
37869
2059
63239
11583
21289
9238
73910
18939
11010
3088
34800
48798
20223
53633
55622
72080
43790
38580
6637
23352
36014
50349
82067
73563
65196
64256
55292
70450
69994
60190
17574
35144
25281
33150
48741
52823
26439
27705
29247
71085
39527
74287
79288
63363
68355
36797
4649
40105
69597
25992
75398
81803
36102
49404
6575
50276
41999
24852
23512
56720
20382
21207
55830
63247
70511
5098
57305
75661
1945
27002
81824
39874
78608
61787
12126
63553
11143
45068
27983
70221
11901
42302
9975
69645
75647
75290
26223
58853
46045
31564
62653
74657
26580
17137
31826
64090
56633
8384
49808
80708
7495
60060
30508
78461
53485
75786
64447
44280
68681
47307
77765
5235
63704
25547
43044
47173
63882
63663
65210
26481
33041
52591
7414
38625
16926
65842
51272
11028
13153
67232
49601
18504
53661
65631
72993
43711
59129
10726
7942
58055
38476
9413
20499
62203
6617
13646
70599
16160
55273
44517
51480
25803
48542
19153
37357
55870
26744
35265
47631
71497
52243
63823
26993
48316
10828
76956
9998
70810
45492
15571
34380
55554
40669
18047
80603
6605
44273
23262
57123
24936
5210
57721
42833
38647
64569
65039
30979
40832
47329
61899
32793
70943
30189
56052
30337
35610
60976
40007
11339
80290
68272
8415
47890
44204
63267
4647
26019
41985
20792
34009
9884
25148
9090
34390
15687
69862
30287
50527
47546
60536
9018
24009
66295
63956
77239
45086
81646
2786
8510
18279
51647
50452
50753
41325
10748
74849
51475
30524
7918
40587
65075
33897
35228
40906
82194
49695
11890
64108
78233
66718
15185
76349
68004
23993
22250
32537
9037
71168
9760
9402
55414
6873
62612
77991
60660
20747
72603
63690
69858
26590
55029
1437
8007
33423
30787
54345
13106
81249
23960
68237
69654
64592
47700
28819
55767
33517
60033
76768
5914
67958
61309
67875
70054
81022
40156
12146
8905
72066
41127
27917
28820
569
16152
75477
80038
6410
80282
10363
77332
39485
5043
39402
49356
33963
67144