17617
12338
23757
15661
13393
51713
4434
6531
8918
27027
5706
33410
48861
5552
38713
43329
50722
40585
48980
14227
799
23125
21501
24591
54128
218
1547
14689
36379
27440
3064
36788
38519
5173
18391
25116
907
6507
18097
14555
29360
52050
7738
50506
31668
44060
12896
27908
47899
30796
23146
28457
14718
52212
1326
44190
17456
38831
2918
11762
45287
52663
39553
17484
49174
3487
12749
33935
50730
45261
53122
27847
31972
32742
18035
52008
7892
45862
49310
31084
35136
17335
8455
54265
10740
6267
47758
35751
48888
45895
4894
33218
26305
41608
12489
52485
52585
5797
51613
39700
17391
47764
18402
16062
3603
1698
52899
18199
18432
47398
13939
33007
25673
54080
28195
40580
18599
10097
49442
54417
29858
32041
2403
4528
43760
34933
47739
34897
40692
8303
2812
26487
50658
53002
48906
9046
23927
2187
36952
13312
6234
31369
34036
46006
3248
34508
53311
9348
26326
19491
43795
8007
14960
23578
16417
31636
44489
19323
25434
51414
33149
35334
38020
7804
53907
40913
37209
11257
2970
41209
41695
9743
1161
41673
52994
48178
48689
46407
38983
44657
25715
13220
48747
10906
40055
30360
10035
26240
11984
19868
12929
17398
30693
22281
4826
52964
36669
54312
6764
45765
38550
12967
25997
54332
22054
46695
31581
4978
13527
12653
8739
31343
52551
54904
13911
2130
20785
27790
36996
26655
41521
5930
35344
9763
29156
49307
18490
44121
16233
43132
52568
50573
27837
38986
14149
38075
44514
15469
30859
21981
51641
24428
4159
13634
22586
32617
40395
53271
40994
7370
14381
30307
37603
17204
53812
11483
13175
27634
2840
29798
19518
3947
35232
8900
18569
2021
4481
41417
8350
35662
30415
36101
25463
15268
34736
38227
41880
14026
51579
43234
43843
40848
20633
54605
4802
24894
36894
53467
32709
23287
9917
17181
8870
5067
17238
48654
28320
43152
1446
30822
30305
32413
25141
36394
4169
44229
11490
6568
3401
23200
11034
8084
46868
14018
1024
8274
42619
39517
51819
29734
37476
31082
20033
29149
708
11086
43496
38969
53453
17956
8890
52391
25886
32565
28880
32572
27174
2763
4540
17596
46414
42498
50053
36869
2192
53936
15251
8982
27120
12909
48330
6592
28190
20172
7739
38702
40864
1145
10071
54045
38367
53105
10667
24404
45273
12364
544
16276
15383
14123
18746
48440
24155
8259
34047
1630
1251
50311
22509
37752
28185
34329
23313
1368
53643
41080
48169
34186
17096
19532
29647
47783
35958
8813
29351
52103
42254
12000
25793
10898
53778
37997
3374
50604
21721
41187
50772
45396
53672
29326
31610
49574
7449
49912
42120
47126
21465
9793
38188
34127
25209
28263
15579
21204
17063
15992
23113
8121
8018
46316
48061
2156
43321
46952
8128
38641
20537
13040
32527
33960
24421
37375
38907
38044
15654
36093
37660
32941
5063
47211
29459
32014
11601
18162
33533
21271
50090
52653
27727
37500
29551
32493
29169
42332
13865
53571
39483
40408
40743
4323
527
18674
53323
28186
36728
27379
51071
29561
45302
53064
26278
6075
53050
20494
37402
15567
49386
27804
2385
45585
14
21917
43958
52403
35646
37295
2281
53725
7454
7834
10384
26702
29077
48881
39367
18915
30963
32984
22691
9691
33173
48511
49006
53281
31761
39837
39464
23904
36242
33573
3639
22672
39479
18516
25966
33954
13827
48099
10742
19782
44360
16790
25828
3135
48637
42890
18309
44211
14131
28039
25355
20691
16548
38038
26023
45202
2246
11219
53657
32968
13371
23720
34263
36491
54749
3577
48009
19499
23659
7946
16198
47280
10000
42952
1508
33024
8667
41412
43279
25766
37694
34447
34292
54430
8061
45455
15448
22020
48850
34386
52111
13562
15886
27278
52614
41801
16077
43141
25566
27340
43572
30395
30106
27306
54047
39098
15176
50186
2924
11915
4501
6856
791
32395
25895
54921
12081
15671
27997
44036
13814
53001
24250
28588
37966
35894
38695
19658
25620
34001
43067
35813
42912
24051
16562
42417
44797
36076
1494
1204
50884
35095
50403
23349
12675
22458
10584
54591
37947
7843
32581
27097
13268
20084
32456
37873
36290
54665
32475
2582
5539
50868
17516
45732
20860
14947
2162
12843
10240
14324
35450
14783
16423
30934
51602
16044
48107
24254
22152
23248
39988
36724
47486
46135
35560
45595
4509
32522
54093
15957
2118
8023
28631
11505
38565
54197
49998
10978
42778
26986
53377
45936
45943
45791
1241
41941
7028
17808
13774
19969
28332
41643
38148
4293
6879
9947
20040
7789
38122
54495
52159
20142
43343
7477
26821
46795
49749
44145
41779
7082
36679
25289
41710
24181
44072
48345
52233
30703
13646
41237
10255
33328
14772
49793
7770
12417
14136
42134
38732
19359
45861
9362
36026
25486
7855
46392
46560
43895
44382
49820
34093
3594
38849
40807
54210
50248
52329
50955
47628
10025
35767
34569
13202
6441
6139
27916
30830
26147
43656
29651
27609
21129
43737
22180
12916
12099
5766
48670
54748
6756
29959
37814
48504
13451
45378
17021
21791
8537
34015
28636
39412
30877
36501
5438
6374
5065
42463
7977
29345
16157
53178
12345
27922
38064
53417
54471
23633
47351
33811
27516
37270
2104
30266
13116
38103
6962
27883
51081
29160
42816
7147
32509
45325
5403
15752
32928
49258
21214
54078
49250
34657
37149
43056
45241
1139
51201
5120
24511
21615
30259
3134
18271
18638
19091
27694
52465
9866
37479
25704
30150
49076
12181
22610
21407
54550
48223
28205
42222
43003
42305
46342
46745
32292
6797
45459
10761
33206
28738
52533
20717
7814
52957
10506
28913
11709
17966
2265
42892
30092
48449
16324
8287
52374
19353
16248
27389
33188
48179
50990
37253
14735
7425
31125
49032
1525
30625
30690
22160
21987
33079
26256
15459
928
38058
28710
35109
41734
94
12796
19602
36034
53541
32781
46509
12480
2142
20461
7461
9133
28351
54655
36498
37243
11807
25480
25752
43965
10944
8582
36745
126
49061
30032
47303
2647
25744
23120
37081
6360
31662
15778
14698
54958
52849
36342
40164
17167
28048
36623
9187
4254
49955
21020
40874
36970
26208
8698
43441
33934
22403
45229
20577
45163
36254
32159
42852
34403
6457
922
36511
52099
24190
47396
23874
32087
36156
35125
40393
33
13996
44718
3382
38007
28519
36754
46799
32597
15495
6892
22455
8897
38552
23048
20517
35516
25773
35068
40275
38414
31920
18826
23300
13932
31648
13905
36594
34136
29741
12398
4051
21974
25601
43223
52543
21592
51314
34758
39327
7482
44997
1052
21425
20822
39666
12405
53464
10989
29889
15895
31101
16513
9273
23624
32693
44967
4212
44590
49315
8206
20726
24564
22602
43990
38925
48146
40597
54286
7271
33879
43337
9812
29945
46403
16141
54871
39859
13670
47594
41264
16027
52524
20883
33052
19615
21764
5983
6086
43966
50483
21383
48607
39321
54948
4357
35110
36828
53084
22986
26942
31281
49233
26833
41307
28167
19335
52758
54454
36319
958
12407
33501
33298
41019
12899
35476
20619
7451
29526
8380
12844
8282
18774
53712
43833
46837
23152
261
6209
50389
15509
15535
23336
53478
54275
3111
51462
8051
4370
5777
4309
3956
50800
20551
10717
5757
18589
13781
46051
26502
35372
46292
18689
40209
7543
24760
42044
12409
18924
39561
343
7402
13507
29727
1751
25821
8269
46758
44806
1573
5526
203
19347
36148
44472
615
33396
9373
54912
31256
40297
289
53166
33208
38619
21415
3882
35302
1120
36315
50155
54784
3806
6095
34427
46575
51984
20658
42904
17359
32464
13476
5247
28472
49879
24438
30646
48292
24220
16566
12731
3185
15409
25193
39255
42875
38321
48034
49229
28447
33344
42578
36934
42252
40101
28595
23162
10827
22997
38947
18786
39039
18757
46687
14211
5046
26777
50195
35001
41599
32131
39355
19771
41193
32507
41977
18417
36164
23343
42195
50516
17299
44809
9761
51674
8323
48569
14955
8649
1664
5490
23198
54770
3416
19921
4639
43019
39586
27618
48421
16289
9368
16635
15046
51377
49990
2098
51985
43024
15320
13802
26979
16196
17799
21850
53609
16399
31350
8707
31994
40889
34338
7182
51440
3727
32965
44055
8858
25104
40441
47547
16586
42283
30718
34521
39975
17857
27418
344
32191
42668
15269
748
3542
52667
23474
272
41717
33088
41400
33248
27985
15674
1043
8814
25184
4004
54416
41709
49335
47618
6514
37096
10751
15008
20410
50228
31222
47188
26330
43098
3165
20571
11613
14551
8306
29189
46009
12124
53486
39709
37653
15809
32128
32201
14923
6906
45139
26647
24795
52819
20392
2968
16433
32028
32784
53368
42308
53409
22869
35018
23887
35936
49363
47748
49787
52183
33853
22479
49322
11822
8195
22825
25032
7292
28784
13861
36712
27061
10775
40041
38083
40096
26711
31891
23354
25216
17674
38302
8559
18821
48194
28815
18699
3788
12814
37038
40565
21976
31933
37807
39228
51289
52035
28485
47847
41442
53334
54384
30874
21801
5339
28413
26923
10671
9317
40174
28878
12987
37228
17086
1767
46653
30243
13350
27268
29871
24699
48483
2555
22082
26149
45279
31448
28555
44759
30076
8988
38575
34800
31613
34449
19647
23508
21669
46573
2697
23755
45182
10576
3105
47930
44830
27793
26162
45598
20224
26364
18196
8513
37620
17774
42868
52109
52904
46822
35371
3223
24495
15517
22033
40839
41724
36530
37977
53814
30898
42949
17244
37858
19010
42938
18812
25163
7394
20780
27593
54938
32105
32468
51270
42219
40118
51332
19378
39823
26388
31886
39248
43695
12517
4382
17257
48539
6167
4597
35622
43217
5354
8996
9737
15449
50239
48339
27750
52574
24708
32750
25249
1470
22545
38316
36636
10346
32346
26539
21727
44021
27142
19843
20411
5374
4936
51436
49436
27137
32960
33158
29621
4629
29522
32860
52829
54168
13021
22685
12390
49185
22789
51189
32663
16916
41548
44577
15184
46793
26532
38560
22073
9014
805
18845
7187
6869
42380
15638
38181
9145
31416
14372
46738
6938
36903
29395
419
24902
49277
54839
51878
25849
44007
1757
36764
41284
16860
53209
9
35092
3873
47364
45755
20332
20303
40334
52149
20748
6476
27743
52283
14011
16496
8035
20472
38480
10695
49178
50193
42124
36142
41451
5673
17525
45784
29794
11376
39057
36352
6107
42281
54365
25852
28627
47218
44714
37179
12493
25709
30256
52522
27602
28098
53268
20545
5349
1130
46391
23731
28539
50010
33774
23013
36918
12145
26856
37881
18197
37727
9537
14061
28477
37934
7870
36108
2906
35693
29808
20360
47112
22191
7872
49802
1888
54534
40777
40193
41244
9140
32873
38685
48708
28623
38387
43806
1608
39286
12394
17104
13530
45833
12631
16753
13535
14667
48047
12228
53078
48802
36443
48781
28982
26897
23171
22734
37016
37949
31804
50063
9190
44340
31758
38810
26865
35998
32108
49465
37760
53768
44252
53160
18072
41203
42994
24121
6097
7283
53978
5268
15248
53917
1531
24835
40628
19776
32599
41014
52810
39926
48556
54565
29279
54962
26059
27326
53303
41869
17983
48132
24535
20862
4724
54177
11560
23838
52932
52309
28108
37153
19
18709
2966
19225
13209
44138
38397
37763
15708
12848
33100
20091
51159
47824
38784
15204
37667
36408
8077
6572
10302
13556
7205
27382
25983
20243
38452
30183
24610
4750
48349
50301
3296
42067
50636
50782
23953
5494
36844
9217
31217
35764
13051
14202
34407
25218
43166
3410
54225
33443
51976
12691
54218
24293
40826
23898
13810
10120
23040
46727
30373
32381
43
20052
22724
12846
5720
16826
20788
50008
2480
34942
38809
32247
5211
3924
46167
21602
5946
28764
29498
35127
21274
10455
19070
49520
10592
43252
6433
4072
22881
35199
45902
41617
44572
12251
6963
26783
24612
39919
35254
25745
50081
52364
2893
52258
3495
31503
45707
5692
30786
51175
49966
13744
2540
3226
23245
37491
35684
2256
2626
26345
3096
44420
29
49040
29074
45709
18488
50562
38154
24095
13514
10757
19803
15530
23383
17226
42515
21071
42399
41364
24801
47151
28730
40798
4414
42605
41910
13492
53839
45680
4861
16087
23570
32878
46832
12237
1173
41983
45904
14557
41039
13792
41363
5771
5824
4934
37121
52530
6597
9394
49502
53516
11210
6166
23860
29214
36438
48185
45800
23237
1585
16217
4788
26701
14535
10911
30885
4048
34323
41502
19438
38911
35392
8614
3026
42787
33315
40842
6633
1110
6088
2785
25454
26114
21966
7908
3649
35106
32759
54796
51210
47468
48182
48234
6425
13731
46493
21653
30381
13576
40459
35815
27867
53190
47597
50843
17733
23080
54005
28613
54543
19330
38538
11586
19949
53218
25041
34842
35900
11108
20534
12625
30037
11116
45116
38665
28371
38151
17116
37821
692
31773
1902
51935
1409
53578
32771
30147
21797
45440
50745
31968
31258
39722
14579
53849
50700
5839
53069
9411
51185
26898
8224
47440
41964
37715
39510
9564
3620
11965
11623
29782
13419
45297
12072
22918
39936
33701
8866
36228
31821
9086
47774
14935
3445
5212
30724
32063
39575
41718
35737
33281
14570
10221
1259
15963
52525
43533
5044
40011
13291
19761
53795
5309
13439
16762
22560
31191
45568
48291
38884
25958
47436
4808
46222
6269
51795
4075
38331
54864
42504
26924
54915
13585
19595
11607
26262
21073
2692
47376
53242
37896
18760
24600
40702
17901
34273
41956
34546
50
28092
51117
29718
15210
51550
10711
30988
8963
18719
18787
11717
48955
20130
39118
42306
49521
44102
3907
2440
37419
47569
30542
54146
8507
3378
53598
11300
15569
4445
54630
7225
11366
8848
53739
23589
29767
50212
30731
23498
38230
13383
15145
825
49893
21566
44601
49810
16453
15918
11812
7332
48202
14263
29304
10939
14658
2140
11792
5746
884
20454
20094
50279
32947
21898
52926
938
41540
20888
6196
3929
19398
44242
8416
7724
22321
11091
45291
33481
1728
25955
20639
12740
35934
1112
864
855
19102
19439
42657
12600
17381
27387
37719
27241
11900
35292
31731
50418
2063
115
10115
19634
54582
38818
33041
51494
28886
20812
14157
50801
727
2755
47611
30906
12011
51032
46829
52324
21777
52789
23164
51312
41136
28005
18407
19423
36874
32673
38762
652
19800
20136
18825
50029
16355
5854
10574
36284
47503
26374
52933
54039
41144
49050
25047
43540
54200
24970
43664
6983
7752
14170
28296
3720
36430
7457
13409
24671
9027
43905
26540
5549
2141
35396
13499
28673
35266
24148
50322
15835
52043
51106
45267
17657
32808
50944
51833
26957
29567
33521
5569
18990
22144
26565
46030
41429
40113
251
40723
37943
41787
4714
25725
2049
6204
43208
8262
13539
28831
45467
36201
44093
16059
398
25128
21229
30527
11733
13895
29661
23725
35256
11443
8747
17029
53020
42174
43972
41640
35472
32815
3795
2862
20573
37558
38679
11561
46076
28612
8232
40661
5459
3055
52140
42420
53040
44130
10287
15021
2309
33543
23984
11354
32934
46243
6345
10143
39443
8797
8242
4297
38672
11339
19667
27873
48594
29510
26612
6148
42635
13001
11144
15736
5808
10084
39921
27657
53148
8009
24627
53716
661
31168
6226
9943
47177
6486
11211
39573
32332
33068
54122
26120
7588
34740
51538
36271
9786
2331
40770
53433
21804
45804
18913
49585
2748
35583
25024
13149
2444
24284
18765
17429
11141
32165
52340
1618
51960
54517
4952
45977
24515
48488
48116
32531
32980
33453
16607
28136
44631
40968
31180
44250
51323
19257
23482
47395
22511
44221
39956
38601
36363
18591
33903
4094
32099
17979
37364
2122
40944
14823
50471
51526
54255
39965
34795
33250
1794
48947
47990
40266
10468
54347
26707
39696
40877
17306
24312
14813
18286
49927
46813
20070
16522
30837
25149
4559
25503
19618
42934
7257
12117
31814
52750
44672
33700
37786
52452
41219
6415
37625
43887
12554
40832
41515
20823
25201
42075
16765
3377
42643
11616
21518
5285
13216
22609
28964
53945
43977
10403
38244
52273
12624
38400
294
46066
39351
48730
20377
6639
45353
37698
5166
54439
17322
30337
37522
54287
44923
11479
14318
36331
33464
23423
49768
25001
13967
35679
29582
13169
27313
32242
1720
32451
42220
41831
25076
38389
53434
7207
15492
38739
11388
54007
18581
7973
607
19289
51271
23041
25630
45827
39301
29237
8967
46648
19165
27993
44462
54638
23441
39072
38707
14980
28570
19916
17283
31693
36793
47714
13405
18030
44822
51225
15083
553
32423
11706
39829
39811
16910
20235
32976
41560
29380
50926
2429
20097
12299
45612
30166
29371
44852
46061
4110
34139
5761
41839
44635
1787
30603
10472
27943
10913
40891
51731
30992
19049
42141
3151
45331
29127
31053
54250
48592
7456
41934
28227
53961
44785
14797
33777
1952
34360
37970
14169
4498
50282
51858
33826
6045
32452
53928
49109
44668
20841
50613
48023
20436
16304
16901
49789
11634
23742
4773
50560
16353
1986
31999
43853
43029
44871
4527
5290
40371
1884
32615
9137
3386
52470
22075
41052
50201
51850
7076
47100
53331
17297
27566
31809
15781
9757
39016
25159
54112
1958
28848
42947
31590
22861
54499
7510
11675
2450
37370
44641
54967
32385
16947
42664
33561
47871
29103
17946
52027
24201
10062
13241
1031
46399
32834
5261
340
12535
22095
11959
23276
39198
11636
48494
14592
53720
37802
31376
40511
16895
43123
14405
11696
21258
2395
18841
18781
32373
47571
46961
30541
51305
1697
10339
44902
35059
46482
31525
49394
17571
53253
22215
47604
36665
27647
31504
54322
30856
2657
18191
41112
27963
27675
45298
49595
41227
54848
51444
10496
12271
54061
47485
8912
9580
1771
17645
47495
9964
20255
18356
111
32405
20147
33176
6519
4854
42018
39945
51605
26017
22559
25617
21189
52715
7617
4963
5674
16977
11212
572
3460
40226
20592
35397
30391
11922
1917
34318
54599
11455
45510
2578
31302
42559
28674
23262
32322
38917
49944
23632
42136
45914
10456
17872
9639
1307
1926
1983
325
45173
8097
11539
47564
49011
3662
585
51657
3584
15279
22501
4795
48726
29689
12334
11365
27332
52546
45950
10598
23112
52080
50706
22846
40760
12654
1033
28470
39798
33399
1017
697
54779
22926
3392
50163
35204
29843
84
27671
9689
47653
51755
41554
47476
16166
14572
36265
28776
45198
12868
32034
49505
39458
24562
54925
36798
45656
4238
7462
36185
33973
38922
1361
49206
11645
22390
10955
37919
9077
14086
4114
5813
53138
7937
4140
21104
27880
45448
46539
16520
40127
13686
13629
13968
17256
44283
39733
15136
24841
35078
7092
46454
48762
4783
19902
32518
20492
3354
15777
43746
5380
33888
28013
26293
4929
26876
27218
44293
51058
2568
21294
15193
12501
46592
6273
46988
38591
9908
42809
30209
3379
19472
15533
34202
31326
39784
48695
37274
45824
46776
30754
26014
16969
40492
52172
27738
47415
10673
28946
18557
2233
52719
14129
7383
17435
27008
51699
47623
4581
40250
46705
137
22273
10726
11264
13088
3611
40903
37984
52335
24456
39842
47224
40647
45776
15224
49621
17804
41767
14296
52136
47160
54289
45260
46330
20576
26803
30609
12185
2283
10993
40468
49350
34436
48894
44919
51065
53208
12729
7935
20260
50534
45887
43904
28990
36384
29531
50353
1788
4618
51357
11673
43537
50107
48600
44238
24109
18165
13060
32188
2586
35399
28337
40988
26975
45097
54240
22450
2221
4771
18556
34856
38488
43650
1971
202
637
26528
38932
27523
41473
10382
48206
39814
39713
2535
6671
43687
42962
4637
27658
29097
36735
21926
41182
36705
51027
48236
22291
48363
26213
54698
12922
5191
22880
7691
37520
47886
32786
40120
25581
44581
6319
17423
46291
33747
46904
21048
29204
49822
45830
20215
11078
19277
36649
37053
14217
14444
53585
1679
31607
34560
45107
23969
3728
36353
2979
24720
27401
8932
6772
24724
2056
49561
1095
5615
14805
37747
51800
16810
43363
46177
38467
44454
40469
53595
15623
37411
46373
7882
35872
50559
5701
21083
1555
20368
54651
50445
23318
45570
51706
18713
13081
21876
4304
47911
9352
47662
21257
13636
19733
50908
31644
29116
37312
22427
54242
18577
14727
42152
26339
10623
54317
46684
33673
29112
6333
28242
16125
50112
28530
3363
35577
40241
21245
35756
15660
8838
30357
1109
18087
38380
25915
43171
7609
5906
29983
26250
33923
8913
40548
8950
47815
33611
23374
10047
22638
39107
14144
52315
48336
20642
9384
34620
39884
8607
5636
11175
29810
26817
6742
52631
22989
4118
16018
24145
47997
39984
48161
7745
2417
29036
8499
7536
19676
49985
14615
5012
9163
18834
12708
17034
16188
13975
22802
332
38129
15592
2913
39685
49265
34948
16458
11179
2223
53734
28214
21461
12129
39368
52223
36581
46439
11019
21166
20279
30588
18888
49844
25281
48525
12768
3204
40112
35601
32353
3766
32729
16376
49603
18054
54856
22753
14248
1627
16543
15215
8047
34832
5812
34566
33999
18897
50620
51736
53385
37423
25395
28418
30469
27193
45930
29224
20931
12728
13611
2618
52948
10528
32910
9030
19184
29185
4217
38157
36317
44803
1267
9359
145
10565
26557
3466
25908
26027
38341
14625
40816
36674
52275
19804
2363
26241
394
15927
39174
17079
42261
52685
24355
40712
32123
49417
53500
37296
27930
21268
44303
29490
27511
2997
5056
36960
31298
23522
25665
17817
14119
50982
10014
22813
33626
44318
46477
49806
52348
39469
22643
30375
37156
3451
10557
21449
34597
12209
26640
118
22043
15109
8443
40929
20944
7411
26465
16270
47969
33642
9509
43827
23136
51004
32711
6330
24656
30766
3891
23942
20984
4735
30918
41253
2754
11452
34420
18063
37000
29051
11787
14691
36064
15415
47204
47844
49671
49424
8104
34356
36451
51368
13875
26506
5902
12291
18332
31335
18900
16670
48837
50817
22087
40611
46521
34821
34396
49634
9834
52745
22408
43717
5791
4550
36418
16320
3423
1691
9643
34702
46081
37796
6929
48871
31837
8803
17825
52198
21523
371
46301
876
17107
31720
48309
43943
33817
6227
29486
7850
42650
51094
52713
15987
33807
42773
45161
36944
2384
33461
183
23787
11233
47042
15380
3429
2006
50848
52839
11266
20387
53851
9990
19301
17498
4613
14632
10275
2366
17480
47766
36559
44654
891
26301
3114
51995
52602
22999
22424
13887
33604
54688
11617
9410
39468
52384
53699
37678
7036
36138
52203
20907
5632
42628
40653
6336
53151
14241
46084
39701
33910
5009
27781
8414
35223
34588
45265
35785
37437
227
7140
5312
17833
51880
38948
45538
41894
4590
46711
42309
35528
30949
9429
30747
13948
4575
10834
5002
45293
33793
53965
32071
19121
28059
52506
44906
42748
10193
53524
24522
22130
10515
19224
10352
32823
242
25383
10230
19110
30495
49755
22223
7573
34163
47512
49067
43159
15371
48195
29913
4562
13981
32712
17289
14180
41439
47349
2205
43021
36332
32213
17557
4416
17782
17388
11000
8214
43864
47808
35146
39106
16419
25873
15735
37924
33663
4625
17011
1011
2902
30016
37586
26313
16689
52564
43000
16203
12261
52562
5614
23296
19837
6605
41095
25544
12057
11540
14571
48855
39549
912
33388
43907
25922
7319
13105
15588
9562
47532
53155
16095
16630
31152
26183
46960
421
33646
39601
528
27469
29748
46557
49375
52705
43633
50595
29435
8714
4314
5196
46717
31106
44939
7735
24927
16829
4973
42882
37048
2989
37162
29573
46871
26591
41172
19018
30785
4059
20182
35317
1044
35099
20762
9261
13281
19628
42402
20934
29082
47771
33463
645
20743
19834
29046
45472
35869
53627
5973
24744
35776
18649
26675
36100
15489
8908
15162
29289
54133
6951
39079
1681
820
38609
38582
16904
37199
40217
42407
50141
36390
19951
46450
52190
14272
36747
39210
20119
46719
54817
7582
6642
25311
53387
15866
35279
23876
19590
45192
38222
17579
50582
53469
28720
1345
3519
40531
635
9219
12009
11550
42644
34351
26625
19897
5877
51464
14325
29833
24992
51101
11523
54205
31925
39584
760
42826
7808
9858
46548
6990
52129
43494
24358
10360
38671
17761
18854
1080
45869
2719
40935
27270
54394
3682
47715
45650
14484
30664
9547
11781
376
25110
46629
44949
28781
31906
16176
42023
43437
28743
52890
54736
35498
6641
36070
30981
51243
24076
4100
9242
50131
22629
12292
42271
47633
39681
29902
11547
39151
11094
39020
4096
45673
44642
40638
1163
47075
48243
5833
49139
37007
37635
37604
10316
50189
1342
26196
25535
3138
41812
438
44839
8546
2855
44266
18934
46057
49747
47388
31043
42350
34463
50909
43653
22061
51972
11020
27581
16267
47681
7199
26603
17679
18462
1892
21937
20114
6778
28234
48302
27500
34961
39767
19293
12793
35418
18660
5563
49156
47049
1797
42843
31834
22353
52513
34625
36421
47797
17409
21767
47068
14454
24173
15343
9671
53431
42232
44311
36369
17483
15120
52437
50496
6432
51547
6304
34123
3438
1911
52301
40104
16769
11464
37611
10157
48933
8604
19880
31478
20330
47596
49267
883
28604
42927
52409
51476
39524
33733
51865
47972
562
26778
33307
1577
53887
42072
52067
6716
201
41946
30890
16739
34345
52457
27166
27714
37063
36197
7840
31844
815
45969
51111
51588
25573
31392
36045
11251
359
27370
38030
8432
39778
30451
27631
15970
22301
1872
18423
44000
29938
16205
46855
31190
32498
31572
53277
9530
42446
42186
17055
48704
5256
47034
26519
18860
6831
21288
20968
33958
19036
11241
48329
24275
54524
54585
6883
9196
15422
8179
16556
6693
31443
44411
37783
3851
21786
29088
40751
44676
1621
43423
3090
47167
10185
34578
51683
12465
20831
17133
24337
6313
24931
35413
51650
53424
40556
48665
54933
42548
46580
23377
39730
8806
48752
35908
46262
48459
26951
22256
15551
53986
41988
18965
1085
50365
51809
30460
40077
50020
17437
15985
23938
44333
36237
13074
33541
42052
36055
49713
19163
10076
7824
32253
51221
4450
45087
15767
19793
49194
46661
50598
401
4614
11514
33370
3211
41860
18292
29707
38974
14642
21810
22835
37624
45515
35712
3071
5644
26529
35229
7162
22171
49365
15617
31788
35947
35116
25296
2494
48326
7317
50564
27929
49544
24326
20350
46200
10429
19746
21596
32005
50234
29005
34759
29407
45025
25785
3258
6819
48377
12684
3277
51347
29344
49494
19176
50907
32551
4020
33716
53833
38723
54545
1889
42924
10883
36554
52474
40769
3318
9516
51021
7987
6325
37644
35611
29230
17141
10855
19428
24988
10921
53243
31146
50793
16637
11486
40383
44894
10474
11319
25408
54508
16504
45460
17708
51281
52986
51532
22911
15436
29453
31726
37507
37420
48937
2700
31313
45118
15680
1211
21535
47878
35180
51970
37360
33490
26199
31541
24058
17692
37893
37532
4903
37992
9928
22331
26462
44296
7284
38288
31860
40135
37946
12589
16382
14301
27403
53061
28578
42532
17173
36699
54329
192
5716
24772
39531
7137
53086
17613
48196
23666
41346
25123
16178
51730
50270
27645
52934
40987
29709
5132
6921
14236
43641
14354
35167
36820
42059
36252
7172
2039
41576
7506
36783
31344
19031
39774
14605
49661
29473
39563
41482
16153
6878
48026
43942
34723
8158
53827
33293
49988
30974
18189
53492
15237
45500
36200
38259
29523
1559
29277
28395
31701
3939
11167
46252
25875
5605
33760
22416
43444
47020
16994
31952
42712
6729
22042
28073
53353
11068
19155
51778
3081
21373
12973
8189
1417
38125
30488
5558
16446
21463
11492
16028
31686
5328
428
1835
16590
23571
41996
25987
23398
40951
49052
15301
38028
15198
38651
7772
30936
11409
25304
34822
1005
11009
28904
23718
18007
15084
21492
13319
21041
30925
33635
30722
33986
38169
36806
13991
41377
43928
23541
33044
42162
51907
11884
30065
30139
23885
36131
3668
42488
12311
3113
2376
41087
2891
5147
36338
24938
14240
16437
47404
26683
51480
20634
51448
49525
26576
9802
16664
40092
22245
1707
38531
54353
47456
31259
14216
45989
17298
49908
7118
49228
5524
3630
5592
19577
22704
43593
53879
49199
20946
22010
25698
21869
38066
45393
4275
52736
41422
9291
4548
18806
49170
27127
48534
37661
11288
50552
28405
36527
39385
31014
37525
24036
41461
25856
13044
23407
54411
4390
48579
47438
26867
28425
37431
14188
42128
42779
9399
33941
42268
51627
30740
3205
14057
12134
4023
48257
51483
52162
26274
12378
33829
3227
21368
13184
10450
47116
48052
29295
38271
19059
42672
29541
14613
39868
29466
22696
35688
6119
4028
14896
15629
30760
53546
46591
741
23223
1810
3512
46231
50342
28534
18184
3476
5505
39008
29253
7059
35778
28920
43557
7108
1827
47009
13138
53776
47217
45049
1186
26095
2446
49314
51325
54573
42298
23967
36372
35156
37139
12307
42051
5665
9449
52492
51515
30191
21007
48897
16624
38901
52609
32654
13783
1759
7629
16654
9101
22902
42564
18011
31783
45128
26042
15731
17267
50597
23417
9706
1862
7308
28216
39856
45482
36118
5116
16297
4518
44708
9824
14710
2416
51533
47592
9192
46583
42454
51235
39951
41270
47591
44780
32430
2464
29962
23496
12804
13506
8956
9875
42587
45005
34874
15104
9250
19492
24113
5483
11893
25307
43380
6894
50532
43978
3432
10777
21398
49313
24887
27557
6035
21270
39145
46611
5638
15066
3192
23808
22775
40546
42032
7114
32339
12200
972
45069
10249
46503
5329
7262
36381
17845
10951
25519
7675
41006
30425
655
3963
43371
24640
4433
28980
34684
17959
18590
19390
30955
9004
52106
1027
9225
14215
52058
40587
15019
16339
17770
6646
29784
28361
40387
36194
46206
28247
11053
29697
42090
24137
28541
28146
10641
35874
22286
8779
49536
23181
37955
5534
37460
31317
24968
36757
8587
37830
19919
45340
22385
16913
19754
15479
29310
30590
41045
45991
40436
27672
1126
15384
50370
46090
18347
32055
26812
5022
29756
9733
23073
39743
10649
25091
681
16086
49800
36993
6084
34479
42573
37879
48079
52648
9341
39878
44075
45190
21143
21431
44431
23697
6587
1
44353
20596
39779
29908
21062
22120
50865
50121
27685
8597
42724
42595
29335
45903
23464
30515
50818
52874
19141
1048
51039
8456
34711
3972
26793
20925
46773
15359
4066
22396
54096
46307
50605
17125
554
44401
21158
44499
9479
25688
36928
21010
43855
2405
38758
27721
5422
20328
25936
20867
23995
18951
17644
18116
50791
36007
15684
35240
7667
20974
2732
35459
48264
4490
18470
29880
16929
3030
10170
43781
20023
6947
3559
35470
35789
32389
3163
30554
13346
26264
40083
46882
33600
30499
6397
26466
46856
47083
3717
13702
50755
36657
39439
5990
24381
32091
21950
30277
9420
38201
20525
26304
20341
22365
18942
18742
16407
29849
17897
42682
597
4678
647
39311
10657
47589
24784
41371
25641
51374
16576
48362
24661
10173
23762
46132
29255
12191
6137
733
38431
35374
2089
45149
173
28517
29674
49092
41759
48267
26033
28224
15206
14958
47271
1963
28120
52215
15443
8015
24857
12281
46616
13421
19219
40124
36884
26169
35703
23642
10564
18905
566
30015
9865
2682
53370
45364
24414
164
42038
12823
13025
51916
10634
28474
52504
54306
21149
43693
46747
5389
25055
4683
32078
44783
1155
49086
19791
43805
19065
39592
44342
22815
14832
51502
28139
63
11118
23683
50695
8878
43361
51402
5303
25424
10162
19248
10605
33656
33683
40746
2564
1001
29426
25905
51009
29954
21320
54895
13178
25247
50689
1464
29023
29922
39595
32624
16363
11318
37906
22702
32631
53189
14276
52815
39658
19261
48721
19939
46596
15849
37913
5676
52294
40140
2947
27731
27753
49832
13095
18057
11743
39809
38978
8129
33948
16701
33529
4347
33196
25056
29744
53902
33718
21683
50033
18732
14556
28523
1214
53403
7904
32658
12137
2445
27806
23857
23758
18044
35607
38618
50178
41667
17436
13600
23476
23249
16801
4923
4965
46285
47585
21643
16239
52092
34987
52025
5338
25513
13265
36158
46529
9900
26572
49345
41365
41527
5428
900
11874
15566
29418
22138
40031
3486
13519
33011
19101
8575
13142
47059
13572
44199
20970
49213
43446
44014
53315
10381
5599
2126
402
17474
44165
31588
20681
7497
33651
4121
12937
4084
21770
37669
25865
51361
775
23055
12108
20824
47281
14349
38945
6200
24281
32130
7959
27482
51926
41118
7373
30598
50763
35026
20327
13892
21665
25855
51611
43351
22313
23518
49861
981
16876
9749
7132
19538
16715
36576
21585
8277
43294
26414
18253
33982
16781
21357
6406
33153
23328
54235
13214
53687
54460
42234
12697
21625
46381
43090
34018
36282
13204
31461
497
15426
29352
51848
30241
48277
50265
27828
2153
2431
18871
36911
40152
814
16478
44543
11871
44170
6681
3758
24933
41105
11575
22967
44535
4338
47383
19461
25132
32077
15205
5608
3402
38408
12692
51785
14762
18980
51439
9881
2819
15334
32783
702
35043
47885
13912
37186
13486
27766
32689
41154
34641
17791
34054
44931
30047
43868
20396
36293
37584
22188
8087
8452
26396
35713
28644
31409
22650
24410
7439
43356
24367
15962
31482
47366
14582
47945
43922
27295
32262
24579
53059
43728
31013
8778
34231
26084
40601
22708
39641
43512
13922
45655
52502
32500
8485
21000
42807
46240
41031
2677
36752
52942
46763
34247
21862
3013
42478
8623
14390
14757
11103
5234
29619
4472
5210
50281
25436
50184
38010
35289
18628
21026
30101
44991
52788
5661
47806
48463
13263
54717
48638
14337
51142
14189
29146
40148
13278
5409
4670
13874
34748
2598
29548
13120
18595
48014
43950
31159
34455
42702
1989
20195
48044
21956
16709
18204
35311
37740
6017
46174
1807
6505
25286
761
8425
13374
22370
14837
34041
22875
12426
43177
40343
33570
11186
19653
16746
23365
10736
9719
25774
39695
42723
46568
51900
27574
22190
7903
12052
22265
3999
19404
10611
54504
36276
22651
48913
30296
54477
28599
35444
11726
12245
15942
53051
10307
33427
39750
28872
12688
42524
52575
10374
18323
3552
4993
38793
20535
16162
26066
34765
10283
25015
47304
12758
33842
36004
44387
31069
23651
28388
45368
15604
2545
50480
49353
51742
28801
48615
44696
17567
44660
1987
21661
4411
14803
1058
51404
9997
50327
54346
43525
37059
50409
49240
28127
12809
16847
9774
22027
27177
46884
28445
2665
15356
22364
39780
47517
52676
19078
41495
15389
19342
27088
54701
8331
1389
29602
24328
54825
83
32647
36718
30700
6186
6724
44638
34196
29508
21511
46463
33765
36261
12354
24480
15816
34442
22005
42127
11542
4753
24205
22888
21704
12369
14920
42550
36300
15056
29270
29066
36218
26239
1497
43929
40325
50042
24822
25372
35988
31543
51668
389
53616
47555
13030
8249
9667
17508
9775
50308
24749
1378
11397
49676
38025
43195
10701
35288
30816
2531
20508
13259
33362
9057
28660
12090
46430
46236
52728
36391
6690
30579
16114
51165
14290
20605
52243
41822
52781
13848
35722
27253
19820
42184
32182
22569
1777
49529
19396
26453
38173
963
24086
29614
17586
29851
11503
14776
49231
22293
16983
25174
39331
14614
42169
17047
17360
35096
12927
46093
27224
42500
23777
14431
46158
26090
37844
19508
28079
37193
46371
43634
48252
22206
1966
53759
2517
10585
50431
22551
18228
7653
48321
46731
38542
16775
9325
47639
21985
26756
6174
27462
52804
37329
44156
54762
48627
21327
3168
43623
9308
31732
16394
54131
37457
36604
39180
1319
50364
27048
11752
34062
14853
35797
24234
43274
23768
7356
4844
34405
39723
15229
29996
15444
8692
16837
26826
9903
3773
8316
17405
2689
46976
44027
8792
7766
52657
22156
46674
44751
26124
23952
19960
3532
9607
6085
48880
7005
47105
45029
43723
552
26048
18136
15399
19192
43254
45638
10457
8758
32886
51223
21238
34249
26995
18110
31290
3305
9696
18536
5584
22068
40009
15292
51
52091
7326
23867
40287
49563
4697
32294
31141
52866
27347
29721
723
43101
53848
11532
37383
29529
21117
7572
33606
4264
48656
8554
45186
52071
12981
33330
4195
38437
41126
19940
24167
25495
19220
51278
3287
54186
52355
18375
27328
54810
29057
48785
49616
7816
23817
43577
43844
2814
8404
21239
49852
30366
42096
24230
48842
48926
38841
31137
28436
27454
23061
11363
21859
1418
4134
31419
47603
18507
17045
14472
32608
3098
44104
34135
17848
9298
52791
24831
32918
14846
19835
33467
10205
21335
3515
45391
44959
23988
44791
44258
44265
12649
23557
32218
8921
9496
5500
464
6988
2014
31220
34982
41862
32733
2879
17627
27951
24551
46297
17683
27607
15259
4762
21865
1466
39188
44622
27171
4728
40907
16486
9808
54557
16042
42859
32139
41070
38138
28118
8378
27626
9490
49949
39566
31444
28159
28313
23806
38113
45346
36689
15830
46247
19239
47086
14030
5993
23678
663
24505
44862
11035
35010
51086
7069
54404
266
22229
32173
28072
11820
39122
765
40346
26768
48811
781
46622
38477
45439
1317
15540
29194
42510
46861
48770
21119
17535
14415
5591
32326
38301
34209
26349
33073
14003
14977
11769
16850
24979
2882
21092
13548
37529
5874
28304
8827
8656
13579
25831
51231
33513
20554
24506
47742
49134
47184
25233
40540
19264
16601
29678
35995
33510
50669
13229
37441
50348
19639
6528
23976
43456
9981
32397
33348
47430
37591
9631
6806
30281
5964
2487
9680
5123
1195
51272
49379
22049
41510
9176
3750
10949
34882
46968
15948
12193
27231
45207
7117
12495
44769
2079
18353
31810
8550
53964
366
26664
37725
46588
17813
54022
36036
39166
40455
24372
1424
41589
8021
42758
11920
28652
31564
43657
12162
53293
14226
53011
20319
40810
11849
2355
24958
5074
25326
6176
4870
22912
31822
12478
50347
25473
24717
14384
32445
47705
23491
16130
25548
10551
16375
23090
17547
24219
50837
43484
47500
17647
34905
38099
8134
35841
11436
47328
43817
33930
4989
25734
6243
39319
45821
2710
2497
24501
30478
9663
17742
42737
9901
21696
12445
20490
53119
43678
42337
44273
32848
13469
49719
27668
45677
19909
34552
47675
49821
23789
49002
39900
35923
10620
28266
22698
40404
8976
54782
12069
38039
10265
38769
22162
20481
52928
43573
8445
6128
12218
3796
5913
35888
20334
30340
16211
21549
51386
36708
23258
54358
9570
27045
531
25777
1311
48355
9125
42242
33184
15677
21434
16227
34610
37279
46851
772
33493
6781
51893
6005
46481
26382
10964
53378
27586
13835
22536
12172
3048
21054
12545
39489
789
12599
15639
12618
45571
16646
482
11654
3505
22425
14545
42470
29930
13423
2627
8754
11898
12432
26570
25804
36121
34873
46142
22240
34113
14232
25649
6708
18298
48580
34493
40627
1445
38744
33944
18971
10806
1429
40027
10187
39649
42370
21311
23233
22859
32794
14732
34465
12044
4916
44071
28810
48932
5754
22524
45529
1042
17248
43264
45056
23007
36965
10543
38938
39220
9117
20650
46601
33204
30169
52636
30912
14998
2213
11569
30085
2058
36981
51049
13227
45370
21831
20961
38875
9933
17347
36314
39544
40008
17834
15635
11678
40921
206
50961
19995
8202
37574
34771
23107
5822
27114
1358
23912
25977
27892
30548
4234
46103
13605
16517
52833
10415
23025
31532
41387
6070
19592
22816
24018
36321
35117
29030
41984
29465
48056
3989
49159
27070
50935
34099
43506
33165
8175
25578
19979
33871
18606
27325
34070
24146
51603
19087
42372
43763
34308
46997
54190
30228
19028
1506
46022
11048
22612
51132
35845
40156
15164
4057
10862
13819
24198
13289
10674
42008
35383
53749
31099
30953
33014
31364
39521
7418
34904
52973
12705
18720
3859
36467
23391
19718
52714
26051
7759
43478
11156
17465
30899
5425
2268
41750
8288
46279
4818
20266
50358
40130
52859
21736
15769
23455
54239
3256
35440
45215
53666
10435
7215
7862
8640
25050
9652
7630
51508
42764
30540
14082
11276
8675
37804
17199
47919
14048
54905
42984
27490
11194
28507
51393
187
14756
53169
14961
17182
25756
29863
16396
50292
30135
37512
38802
54646
33568
30411
7712
37582
12284
20662
11853
2829
53690
33471
12325
34887
36277
47194
51518
10421
38950
36211
29367
43470
40039
39378
15612
20840
17871
29941
54298
22660
19859
46559
15563
50950
31516
1933
16798
20421
46215
42103
47375
26849
37167
1820
21198
19303
32619
24464
36706
54297
25170
52015
21690
41097
32374
10164
54501
15721
26156
51940
47311
7056
14480
31016
16532
46878
48641
31386
35430
9892
16985
9392
48718
37939
22361
15925
13154
47246
35004
33335
51840
43402
11482
26082
41820
35357
1828
1602
17923
52173
19131
25237
47239
26173
33435
18882
2457
6814
16054
49427
51824
43652
32416
26746
18938
4580
2322
49101
10366
12575
35967
13126
5622
11909
42221
48546
34412
43310
9237
4569
47722
5574
24255
27693
30632
11137
36072
52141
1328
5025
27251
9926
44728
24756
27973
6970
41907
3807
42405
9374
51162
1768
19547
41629
31627
16928
17216
21323
33621
16255
28085
46939
10370
50464
1592
3783
22939
8687
154
43710
29448
47690
37463
21301
51382
40672
37481
20419
16853
43275
14526
23830
53109
9502
24690
50468
54926
14720
6277
34101
25178
39429
28951
3995
36622
22879
20010
45387
38211
2585
44282
35825
8923
25343
1206
25446
6713
11838
31022
10536
41945
41397
18481
19286
35593
10842
353
33022
48406
34532
40960
32989
31658
5707
22783
30008
39089
52265
12487
53262
14910
14370
26739
35093
44742
16385
12881
45414
17639
11896
19068
39231
2337
46712
39590
20305
3267
32246
25335
2136
16306
46356
2070
13510
6142
15106
8823
31728
5473
53969
3583
32236
51363
34473
43244
48742
53633
53508
31864
3220
26303
50181
29590
41514
7558
46327
42147
18736
14879
44538
7460
7948
45967
20062
30485
54548
45690
2427
34080
5178
3143
13668
6998
12802
35859
30568
46308
5722
1568
42797
54835
11687
39852
12327
8048
50641
1942
47458
14534
22249
23270
20849
48620
45535
20046
50828
23069
9018
34016
41402
47856
4162
32194
6976
19088
41897
11949
34060
6370
41844
39572
22128
10815
51722
35336
10492
11348
6616
50739
48619
2869
34008
807
53802
21248
46486
44700
29417
16266
16618
12375
6051
10790
42317
45316
51592
45040
10568
53752
46384
5281
7911
14229
10153
54803
17192
38868
1170
53182
54012
32073
41863
10241
2301
25075
24570
10619
37356
24030
39501
39874
31764
7150
22143
9039
20892
7968
37285
39630
8155
41738
46191
22484
35550
20078
50197
43411
8366
34922
42036
23693
20013
50969
44175
8973
46181
25098
31293
35325
54423
50692
2999
47419
42387
11045
15073
45700
16348
41519
30995
32908
54672
35545
21355
3011
26815
33147
16473
54614
24848
42867
15585
24504
12670
24578
39109
34255
21297
2215
48836
17661
11060
5090
1036
42621
33759
29946
26965
35746
32504
43617
24888
31247
31
48984
48109
16010
22806
3052
27483
45829
24913
20001
19698
12833
52305
21197
2962
46113
35052
38191
33028
50544
50923
5275
30869
5372
1233
39403
5128
27820
35624
13901
36812
38306
34170
53283
53531
25236
52912
6790
16596
31654
28546
14973
34648
44509
39611
22062
32074
50911
16105
23752
38055
52307
28936
16614
436
11626
28856
52497
44
24731
44216
3159
6552
27957
1655
7116
1349
38518
26724
33451
19205
12388
210
30803
3726
30576
45699
2844
48063
27865
34327
3414
33565
48589
24394
8731
12443
8341
43080
3707
7909
19477
38597
53233
2491
8467
631
52252
53396
44407
40224
27355
35979
17788
24655
21911
27077
20898
47016
30704
33185
18656
50103
52767
11414
29668
34675
31199
52499
28871
45563
7360
23999
39398
14491
33783
26477
44423
4149
25393
50600
17000
39632
43465
32553
4401
32843
50651
10195
21430
11204
4874
49416
27902
52674
50522
689
27776
9074
2240
361
31399
12511
21135
26637
31489
6025
19559
3835
30489
4662
21555
47319
44527
22762
26138
54643
30350
16283
20512
26316
12188
1386
21123
16779
28068
12938
44148
38896
2507
16146
24390
43336
4648
22443
30057
51873
4453
7386
34912
5102
25640
25276
24243
3744
2495
52431
52445
43184
53030
9108
1459
7124
46074
39453
27474
34097
49360
26915
41164
27447
51789
3125
16962
17209
12891
42614
28753
24470
11595
31374
31036
20561
51534
46266
33162
26672
23878
31989
15851
38774
37566
25044
28377
10797
35854
30002
7562
47027
47153
5453
20294
1243
22587
23702
12013
21112
31927
44652
41373
17919
26005
26407
13443
47091
19156
13772
29014
36075
14857
36496
36568
54011
35810
36772
7575
11445
50421
21863
26940
31033
25975
37489
10965
49921
10256
41851
12854
34956
45064
7926
51248
36013
12356
23439
18687
18218
21943
22303
16934
18545
44062
46979
9746
28275
50071
44976
46755
40572
48617
5998
15330
27757
17939
47791
30304
11101
28095
5783
23602
34106
31268
11945
4732
44889
40555
39552
25816
27473
6861
31556
37656
384
50455
27186
36688
29670
31825
28928
54491
31914
29970
54920
19752
45960
3241
20284
4179
15111
53549
5005
48067
26761
11571
13302
27818
7792
14142
46188
36756
41620
4693
20205
20144
2110
51257
8970
10930
27364
32898
51083
15873
40279
12401
51505
39869
12263
19149
40073
8726
54070
22380
52411
24721
45715
8148
9632
3760
18594
1221
23438
10042
3700
28176
49699
51887
27037
36154
12042
11329
17605
9552
33138
354
1178
21748
41490
7657
48395
13332
24873
36413
44126
25418
44112
34547
49148
15557
9153
2802
45197
23185
5956
12488
24693
25969
37526
20299
6312
26999
30121
14497
4284
45854
14167
30199
37543
36309
25488
205
28152
9954
26600
50686
38349
12718
6651
38508
36832
39297
47290
22495
20757
11227
45814
18948
42436
7635
20403
54106
31073
20417
50380
28840
290
27362
2956
10908
18124
40185
5462
12257
54879
23208
19666
18306
36112
22747
19233
35656
1781
9559
48922
18665
15625
25959
28780
7744
9263
44597
49739
38669
46274
3025
53533
6289
23949
37289
53602
15087
3550
40521
22839
47130
34784
13153
40477
27642
12070
37319
36779
5221
12628
31001
6464
2179
28311
50151
23283
28071
14332
51052
18101
20735
15859
39006
47577
24580
50892
28508
19741
16752
24540
32204
25938
41099
12023
12996
24815
24260
35619
304
3689
25070
10787
2003
38633
21545
36969
14886
48829
51574
7684
49016
49203
22952
15311
34622
30100
22898
46045
18175
48130
37540
7192
2017
20503
18020
26402
13765
36297
3038
30764
8393
23548
9107
11310
33852
15197
32112
50765
7241
2172
10682
27565
38045
21223
17228
8115
13363
18911
44712
25661
17037
14620
10688
45720
3843
47648
11632
53842
35213
7235
37170
46229
16357
5922
3346
1538
25883
5355
27265
11165
42834
14478
44083
42247
15878
18153
45428
40317
6511
39208
22468
31429
33551
45594
42541
28795
37427
50448
9070
18644
9711
21422
31739
24041
43396
18437
28601
26255
26377
26351
47921
43705
32138
26617
12610
29125
19929
18283
43934
43306
48142
37474
47823
43786
14198
47697
37959
12368
383
34026
11971
45558
19465
869
50913
17176
6897
28029
47067
47698
1723
10089
33062
33939
11147
7967
54623
41581
35832
31005
12872
37601
8795
10215
50676
22675
15969
37024
51473
35915
43117
26627
39276
19787
53554
24646
38498
1333
16134
4011
29144
4189
5809
15038
35406
3909
21678
31110
30544
9274
15243
7487
37366
51098
33124
6337
17816
36366
3123
30317
33913
51445
39971
2030
41681
52421
10985
30148
51559
449
24497
23922
40666
6809
39018
50466
3672
20920
43517
16036
18049
7887
33243
12588
15031
18315
1282
2929
38890
24719
14872
45018
30479
50314
21612
2483
21279
25594
34916
1020
40995
43547
11797
25650
41876
2835
43916
47601
54509
13660
14683
8212
37352
51338
2954
9983
8880
35922
29893
26834
33750
27587
21560
1996
43063
48679
19377
23608
12946
25868
7896
23432
27160
22982
49580
21304
42686
10101
836
14522
3015
29516
21165
303
33599
23098
54710
1277
26653
9198
36643
15797
18908
31060
14966
54372
5030
20186
44793
25528
48820
50337
18726
13722
8942
5364
38747
27208
32273
23675
23116
24588
14122
21498
31272
48973
45405
27778
2145
10175
39813
41291
9409
30941
25223
29247
31853
43146
40487
47084
27305
29735
30389
18202
38296
22573
22070
43319
38825
46329
12455
17481
34528
24532
35938
21633
34149
24557
36840
5464
50349
29461
27704
18445
41917
30743
34378
49896
20594
13969
45796
32494
4268
31633
11594
24318
25901
20570
21472
4458
19987
15806
15094
36169
51751
43006
16924
28737
1729
45248
35635
23003
18734
37777
23529
48840
34696
18409
35493
2184
27548
48788
8490
7995
51120
23711
46115
39336
33129
33797
42280
7551
8534
4833
33263
23586
19610
30677
45033
51211
6867
16553
41476
15911
2671
48559
1067
25840
17971
11384
47343
1949
48315
20269
37224
48000
45121
30234
10075
835
23933
34971
48838
46606
33964
31232
4440
37863
4052
16370
25842
1685
28935
30331
25889
39271
12777
1436
5807
46665
30843
37235
6946
9783
19571
51999
17401
8524
22347
14344
38053
19116
75
15740
12106
30520
31623
4541
37335
51529
30157
22336
492
23458
21900
39888
40950
20520
38219
51420
7224
42593
23706
8293
49479
34947
16771
38673
24313
44569
3899
3634
5182
23533
42907
34815
28680
456
45664
6000
39512
26688
17275
18543
41998
2523
3869
31713
12818
8768
19512
50037
50989
46369
52978
3702
27413
51492
11936
32119
5277
29364
50764
14427
50174
13300
27796
31944
13128
24302
17350
45740
19448
8248
44275
9975
11283
50256
34240
42746
18377
27291
17188
44323
11861
36345
32093
52207
3815
39895
33240
2612
53861
40203
38269
13844
49559
45491
7734
53988
22743
53099
9231
1702
40307
13503
12892
23408
48965
41961
24949
39091
5582
22277
23285
6613
7621
44678
18028
44372
12786
25874
34370
54486
48293
48994
42068
47905
7249
51714
25556
29673
24210
31774
26356
46934
7593
47962
41651
19329
19197
12954
9166
29760
24566
29135
19558
47143
33009
32798
35902
47230
32954
40428
3814
9675
12640
40642
48765
35173
38258
54453
30403
49249
16866
5094
8385
26143
13618
30584
12473
40680
19043
44757
36974
24216
16957
25906
16521
20388
6157
3337
1881
34865
18289
7435
37531
52883
32199
3208
26103
47850
42766
52554
14651
49606
16465
10442
29639
11928
35628
29221
47539
27286
16063
7279
53201
3905
25058
28435
22641
38965
45629
48091
9067
3745
23671
4363
10021
43991
34719
23545
34191
45620
18811
19603
50630
47671
5273
30507
31468
36346
15152
12767
35572
32085
15017
30094
19714
49925
17331
7297
35642
1261
39266
25797
49453
14073
39492
5515
31507
1752
37215
36227
7603
26191
728
46895
24742
41212
25717
10516
3964
11270
31120
38997
49920
1643
50875
12429
16506
49965
54081
34993
26379
23133
2771
7219
5535
16680
34690
21892
1495
29848
51141
46001
42694
1890
34604
18171
17882
38459
42085
5717
8660
3063
38253
38895
6393
49045
37342
15350
45753
24485
30638
9845
44247
8250
52287
13623
20568
23047
43751
14040
25030
6055
101
2670
31239
33380
29664
12959
24633
12318
45790
29246
11990
7330
41569
16802
19890
47338
26642
44940
49457
37129
53343
34503
26473
4113
26543
53863
29081
41546
29818
49704
12928
53648
32820
42958
22533
6723
11783
9494
25129
14110
4531
44881
19487
24068
46786
40896
31305
41258
6952
26425
20107
1980
593
41492
14654
52154
24620
10783
46365
4103
446
33869
22106
35465
44588
51125
26719
48123
35524
11614
49627
21251
15082
16000
22769
12527
517
25084
13073
24447
47135
29990
40706
42727
47963
5939
1793
37707
31091
8227
40790
10129
25257
43654
9459
3917
23213
13817
19908
20768
36537
20674
36630
29429
33924
13431
40047
9282
47732
15794
54380
32714
8438
38858
49524
38170
7922
23596
28497
14749
30034
20252
13755
53226
12568
41921
8162
24766
49715
38163
29406
43036
50207
44208
40733
43585
27255
42471
3268
46913
11423
17379
44056
40017
41275
6295
10137
46420
26698
49650
12651
38446
36849
16561
109
11916
32892
14799
45878
19443
11012
52299
2725
16820
713
5554
23650
5038
30289
34284
13899
3825
17120
5045
36982
22931
50667
52825
31655
19414
35506
3914
6284
32826
11713
13692
10556
40860
23132
48226
32633
14925
44689
48795
54031
52821
36020
10626
21367
41987
32305
39066
46634
22434
21980
20611
40965
44912
38094
47418
10494
35420
23021
19587
37648
39655
472
53677
38655
53418
21963
30271
8113
42964
8793
32223
30535
19309
45398
50717
30219
10837
17989
33098
23848
51105
49570
3177
22670
44986
45847
19272
31562
21634
19421
27551
4003
44343
48215
1717
45730
524
38576
37092
5507
22236
16549
43970
12663
1297
1228
8716
4355
24101
28787
9439
25882
21573
34631
29974
10712
43878
16311
6701
8376
14742
51573
54444
21824
11399
23095
73
38599
30129
24713
4953
29868
27259
20770
11361
39790
33354
13858
10721
18143
6352
9129
27709
27254
9592
43320
20196
29396
26112
19566
37539
30558
47524
54881
38036
1006
32768
22616
19974
46470
5528
29927
32280
18115
44811
52400
22636
14882
32436
19526
6144
36482
32645
54019
52588
54572
33897
34544
15984
18748
20625
40821
4739
21145
27533
44171
45766
12030
21475
38240
41404
42714
54724
37550
147
36818
1633
24681
20274
20806
37674
9260
27856
44274
49696
13331
21022
8458
4279
1999
20954
45782
34517
53920
14463
13717
14775
39419
14606
39049
23197
12965
38310
3765
44444
24589
5226
25309
14864
18764
22078
16557
16609
13171
47411
46036
24740
12060
17911
9885
32020
23722
13758
40379
18243
39833
45120
11570
38374
6394
36614
26907
33742
37256
2372
39291
47980
25611
10767
49762
9047
21814
74
41841
25956
30464
24546
32594
19415
48111
13592
24008
33844
2575
31676
25923
6539
50098
20550
39157
18964
38799
54156
35086
46015
35948
47354
17725
41792
35270
4745
18230
38421
16885
6562
42441
18324
11349
15702
22197
40167
35367
10009
49689
11832
46333
44046
23403
37735
4318
54143
47645
40355
32628
45008
43564
53562
4328
7981
16118
33271
3193
26288
3369
312
6949
1625
34483
37293
29595
25005
45552
24026
52854
4288
53995
30616
11121
22578
32151
12862
26492
21988
42213
16588
46323
48156
19463
40539
6007
51472
25681
21744
20924
10393
46443
15272
9292
34177
23893
50168
25270
31899
45203
53787
26232
16194
14213
23741
47834
29776
23868
5112
7335
26893
27960
35805
19814
45810
30615
21934
30162
51000
6912
45453
45053
25180
22661
14843
4606
40363
36845
7159
19319
9184
26211
24811
43232
52479
13677
45575
52087
6549
17250
32313
19124
26878
22790
31435
14373
43968
35209
2138
41160
17836
35663
12559
19707
15170
26113
32863
28970
1651
35340
12550
41657
29260
48368
44521
12621
8531
10172
46126
13250
4246
35190
43668
4224
24213
19849
9838
47446
21392
44820
5738
27116
19234
22097
38629
13957
12340
52998
2946
17139
12668
35038
41356
49023
7715
2527
8399
10322
19694
46124
9764
43010
41491
7102
14915
13754
30192
14533
9470
38678
23315
18829
28865
25682
25345
42115
41413
49729
35028
47745
5082
31706
26839
16732
41804
33006
23763
7913
16258
29390
41550
31892
34222
486
10297
20709
28055
14916
7258
17147
43471
39620
48738
24954
46382
54077
41498
18342
24864
20582
14095
45548
15595
2345
49118
1738
44029
15762
7877
11573
5344
15249
13069
40850
18070
53620
45603
4399
51198
1730
23798
13859
29109
17864
29273
50220
52743
37106
20306
27981
29177
17689
18245
50984
7639
28134
50974
39470
39361
49450
21820
40879
43771
39671
28257
34215
39540
17715
45532
30442
4073
34781
48220
38626
23728
39345
5205
43610
11294
30654
37886
28254
15994
35058
54682
6218
24943
1103
1846
7643
32997
44370
6750
25869
45475
32680
43201
30970
53458
53305
11127
5648
26198
32483
234
30778
6626
19690
8032
37688
33859
12436
20469
39699
54113
48102
51261
19872
45130
51692
37083
317
52771
53506
48441
32362
8141
15500
37266
41332
19006
6609
28954
52587
3005
20914
37080
7569
37072
30126
6064
34499
21841
14402
37730
21233
36461
32302
18209
44186
2362
851
31531
21273
36983
25900
49343
33076
18058
845
49220
33832
4843
46697
28289
11430
41931
28700
37032
34158
33371
19367
45047
6382
608
26561
33109
4469
44613
6824
17419
49287
21581
11899
39969
21345
13340
33418
42078
52623
40530
46428
20556
44467
50045
40985
22515
42390
11580
49127
25770
25735
24345
46639
44314
39821
2414
49583
20427
52763
1760
38190
14511
50709
17888
33267
51569
12152
6840
1303
47007
18796
28464
23358
21996
34275
15842
54743
27152
17315
14250
42603
41350
61
29630
37986
36573
35569
18552
13839
24634
33581
9415
30745
37788
14505
32269
45986
2318
43735
32703
1617
14600
25579
538
39758
36857
42732
23370
30067
13566
35276
32286
42974
28323
44479
49683
16693
51299
54280
16426
31330
3353
34932
2741
9599
29288
4909
15541
54819
48745
19828
5415
11643
33233
5297
17670
22397
17345
39627
33359
28554
25998
37447
15630
48171
19000
45749
42343
32200
1515
30708
53574
42286
5394
9567
41979
31030
20231
25317
17637
30175
54170
40236
16069
19825
6896
4775
7010
27599
6636
44033
48703
24270
36908
22488
16161
11403
42919
50285
29317
32720
36792
20664
54014
19557
31957
27216
33223
36186
4420
15701
28889
45520
46894
51017
13455
39831
13326
26873
53095
32637
399
19839
39998
45647
40182
25810
12103
51453
29663
24379
4122
32227
46803
22897
5152
40065
15369
33990
18366
10871
43233
411
6849
41068
54162
25947
42095
43983
50443
36083
51114
4719
53049
51430
13650
6466
41529
29354
1354
42203
19366
24790
35000
13355
14419
14103
33285
35160
34491
18500
14066
54593
14677
6579
8661
22947
28852
22110
7046
20311
26003
11470
24879
18867
7276
18236
45078
46843
23110
50857
38992
5486
19680
43976
29686
12974
11347
23303
31451
32906
32702
2602
35669
31405
4911
45308
10106
8631
4376
1480
37905
8477
25065
320
10841
955
27130
16524
17007
37850
47293
9973
49640
13182
7592
20067
26760
7768
30246
8037
24162
36306
37328
43979
45354
22795
46916
9963
46644
27667
15749
13194
48710
35788
12032
26734
37330
17183
31941
35670
21441
7518
34667
21397
19180
38674
4038
17933
16508
6113
42539
41319
9659
25367
25118
44739
5238
50519
41314
47344
34541
53393
9835
43109
576
26459
29316
46152
34660
14059
44736
33253
30852
20164
17072
5732
28022
37768
33589
753
2798
48748
8683
3194
43603
28551
50586
7696
36178
6334
1472
15932
23031
18394
3233
34770
52010
34594
30744
18981
7704
50194
1674
31198
990
51753
18004
48990
41636
22968
31959
34809
2505
9624
4563
31703
29825
9724
21822
22562
52783
43374
49106
43681
49779
41303
53704
10122
33785
31598
39457
3697
49398
39342
32314
18475
27538
45889
30505
17810
37836
34615
20156
33308
27319
11683
36473
50394
7051
48470
18119
13465
26598
51025
673
28284
21455
21754
45223
50810
39807
1316
5949
40814
34441
32541
4167
28771
14364
36179
31749
33690
47264
52124
31018
10285
43897
45433
48069
43872
52695
39332
2593
47866
22340
26076
33141
3568
4734
40398
25392
36585
49462
2289
39850
26888
44603
50399
17700
50528
16805
13232
4654
4944
53443
41328
16887
52118
14254
9207
7470
34731
45838
41704
6766
38752
17202
27445
41298
22594
47617
45978
16350
39238
7232
2244
35977
33119
50003
17488
9390
24920
54470
39135
2778
52677
44818
27421
14588
23084
50976
23618
37185
8828
44552
38743
44752
29812
36517
10330
11030
28919
4704
30670
9586
42894
26435
33496
6447
54859
44397
18278
14708
25442
48779
15522
7800
4886
22972
7285
45499
52064
945
36343
26130
4428
20994
9560
47936
32045
29943
51661
8322
43188
34778
54729
43303
13958
15691
623
2486
9096
2864
36411
51152
37468
9851
484
15140
4129
18024
30116
9785
1402
23099
27081
34789
23562
21714
49886
18259
46926
19140
44740
31207
36546
16939
3522
31981
17745
40332
49870
44177
5683
39388
10463
17530
49805
45423
42799
18565
44846
15790
3112
17155
14902
50435
9460
49637
54687
17755
10053
49551
44279
15905
7298
48479
10520
11249
31798
11494
17471
49160
43046
25585
11277
33723
44904
52594
50643
3738
54753
53951
281
26582
36024
25358
36403
8437
28070
51509
18319
22210
29636
21343
1840
43386
5895
19053
14280
23193
54449
48386
19723
21222
39137
2854
41886
49837
41943
18608
47474
21886
32755
5522
50783
2291
7020
20128
34083
49902
8246
47424
8166
48431
24781
4459
27351
13877
45921
27811
5690
28822
9614
15647
43076
35881
34489
54053
14520
13571
20963
33447
9331
30285
40687
9029
38183
21036
7778
2121
54891
27200
16336
49489
5162
42869
15980
51768
19174
15824
30405
2471
10310
23446
33320
38592
45286
20509
25728
26424
45258
50264
2096
19451
41741
21526
35509
21910
1053
29065
32590
28342
21184
248
36618
33043
35248
3659
880
14989
8789
25376
49408
17996
18450
47993
30428
18955
22884
32428
1414
12274
26223
37679
45896
17775
53194
1283
41255
50487
42106
54788
10888
27107
507
32563
14153
46516
42290
4205
26931
15838
44559
49183
27169
40446
25489
130
27509
29290
4779
28422
48515
32367
4985
7636
18267
25932
3400
21095
14825
35702
2895
37302
3399
39029
41023
33038
46977
13734
33711
34846
52921
16604
42322
21962
21421
43163
19210
13797
31098
28999
874
8348
536
6737
13400
7247
9474
41685
30769
18400
35842
39154
53302
40418
47256
21805
52799
54336
39873
26544
12397
18052
31876
34126
8001
5846
50901
46348
31156
15715
32324
39105
28960
25263
19105
26445
12580
36860
40501
24963
26451
30432
35732
25199
40257
44409
12247
10825
44680
13159
24650
7780
10899
35295
18526
41061
22283
47833
41535
3328
3395
26509
11774
26801
22959
2278
34301
38526
50049
28756
23957
2361
6248
7954
41770
22622
7465
35932
29478
8523
8068
51764
46949
5887
11665
40617
6387
22714
31851
18618
50110
24203
35640
31450
53405
49068
38955
9484
42360
6089
19892
51948
36610
30024
14791
16329
49978
45154
14025
39126
15284
6661
49657
49774
2504
32143
45288
2795
32342
40978
35526
51633
35485
1663
38357
4736
34159
24129
20981
15974
31358
13727
44662
18383
17165
18127
28665
28379
20834
48415
53817
2936
16033
29672
8359
42019
9815
1070
49649
9245
35882
18459
14561
499
11892
35676
49470
3032
8567
31227
48561
18878
17447
49332
33297
11663
54391
1257
31127
51911
20444
35445
1484
27702
42427
5141
33192
9521
36836
17906
46996
39263
15129
1291
6050
53977
29382
20999
47890
47770
5656
5865
31496
39142
33021
41967
3982
21482
1746
35538
38084
33382
1529
5319
30741
28591
45524
4576
37450
10846
17698
48286
11980
14435
31172
42534
30617
18473
2821
50425
13011
47954
11846
18681
37876
547
11184
40785
22472
50097
20700
29443
19386
48658
1543
16536
48972
20795
17263
2202
7348
44435
2
3946
53870
28841
4286
1690
49975
14397
27053
38915
33761
49297
16177
10970
6786
39910
41342
52646
28690
49513
43286
16622
31840
21913
20856
49720
13947
29211
30682
42243
1450
43724
21544
10879
41279
27391
33128
5217
5855
28495
23825
30806
27430
17539
26552
17677
4879
19157
46294
12330
29604
3311
43413
5444
40035
25653
37116
1000
28563
32854
13089
53131
10484
40999
22850
16723
54091
17369
53894
19482
54254
8495
48084
21171
11298
47113
24906
44776
53141
7344
48644
20913
53784
49936
46609
7231
53360
51951
35349
35134
41469
10408
21175
20804
31553
15628
51621
20875
17507
22066
43807
2653
9979
40718
38184
14944
27935
37392
6496
11753
27018
34973
7528
25402
2637
1852
13710
33400
28894
18080
14310
43431
28647
30324
31869
13148
45239
39764
13113
22679
1395
43295
18442
48405
38279
47026
7881
6257