14393
10973
3865
23610
20649
13118
859
22948
11849
2450
2042
13221
25918
11119
16934
2802
19740
1935
16968
22352
4171
6639
20758
24587
25644
7133
3669
3751
741
24137
22523
21407
6050
15203
2073
19100
19238
24170
13059
6144
16316
2890
2967
822
1789
16903
24457
21992
8117
25608
11754
18751
15047
20456
27284
19700
3416
21728
19739
17395
17235
21537
13099
17632
2977
26736
4645
16260
9613
9242
18456
21977
2577
24373
15435
19756
6927
12580
16617
10713
6022
6937
1019
91
7485
17299
15821
14132
5353
17734
4225
3234
22836
394
7038
9266
6513
10714
4509
4651
23078
2512
14805
21929
22668
17769
3083
6577
1051
15547
18126
9146
754
23340
22722
14256
25393
26741
3465
22202
1988
10781
11548
3894
22934
26776
18088
18904
9164
9009
16430
26346
18681
17943
24622
12531
9609
2389
17538
19765
5974
19106
2374
25312
20593
2684
20333
25514
25291
17035
27201
17036
19800
22555
23707
6252
7709
27459
24915
4070
15262
15440
8708
6865
6310
18747
22564
14920
22776
23171
6759
9827
25031
11782
1968
18696
734
3591
11815
25360
25753
10223
20788
6096
12419
3977
8520
19521
12566
5461
3072
14753
9806
949
10256
8748
5197
22696
22769
11461
3832
19110
9142
24064
22998
3725
4718
20296
231
1316
18522
9056
1066
3425
24392
3100
4440
16990
11924
9100
19024
13559
18559
14338
14481
6909
24290
21383
11265
5868
19980
2427
4275
14704
13818
19119
311
10875
5286
13360
484
10571
11351
10995
19269
20036
10279
20583
15655
21428
21307
5838
16257
17767
12086
27141
18646
22963
19308
5038
16804
17636
25231
15790
22193
25022
22532
9989
21598
9228
5161
6430
13376
20166
11208
21441
22125
12279
9055
16568
15746
7874
7746
12740
13648
1837
1231
5766
7479
24768
26963
7660
4017
1530
23310
8985
7059
23163
3942
20579
3956
12819
3535
18788
11587
3743
17539
13673
10078
24321
3622
4113
15719
20279
257
17388
14580
14106
18587
15232
24849
23474
5705
1999
14395
23422
4376
7426
13566
13109
19498
20448
15944
6689
12874
20445
25911
23284
22522
26615
20267
22473
7634
16793
15769
10318
8127
17385
22126
23844
12147
5743
555
26001
12689
21954
12183
18734
6875
24128
26148
26076
27344
15293
13069
7601
5770
12191
6819
11134
9657
10854
23209
18181
8071
630
19317
5190
24859
9561
6020
23461
366
25714
24266
639
645
3830
2607
7591
25091
11371
17634
12225
27300
7258
12510
1734
8013
14083
12404
22297
10324
12105
11486
1016
20056
6016
22311
27434
7098
8737
26640
2087
8067
15877
26450
20290
9955
23599
19795
6182
6491
14727
26283
8036
15931
21941
23295
18068
19744
17159
13873
25265
22440
2025
23929
10190
22256
16324
5359
2352
16223
19435
7302
24412
22915
7185
10623
21169
12128
27472
26916
16286
5642
24252
21640
16590
13592
9603
24307
587
5854
5592
24433
25157
13998
25931
15761
15285
16517
23900
25658
22335
1615
8543
25665
22060
20526
7731
8938
17935
7162
26216
26403
15741
13521
7182
3351
15145
11504
26550
17153
4582
7818
20492
1
20453
14551
26572
5354
3165
5804
17847
12656
24725
20532
16840
7950
7554
8858
23641
22490
6261
10345
24049
17778
678
1808
2219
13576
20518
21546
14055
16778
10091
18643
20624
26560
10304
25796
27294
17519
3904
9680
25386
25072
27444
2144
27382
22690
23347
4009
11683
17913
11598
16162
2600
16362
14262
19884
3333
15566
6278
3960
11125
26364
27606
13062
2899
5924
8190
10795
20343
26910
12080
15507
5245
3918
1103
2275
16022
23059
10170
14071
24938
23348
17116
23096
10055
24710
1163
26328
12230
12238
10103
23140
24835
19970
20794
1927
13733
18849
25996
20760
4968
7533
21527
23247
14513
7248
13309
7041
4585
15525
3695
7430
26979
10247
6657
5862
12863
16076
21396
8682
13715
22755
11350
1001
20304
23621
25252
5714
7783
2343
1803
10329
18099
5563
15876
25129
23819
16211
14669
24536
13848
25196
25305
17911
14854
3731
19627
14343
15414
26269
20485
3188
1554
20822
27169
8226
8812
18129
14992
27553
4844
2404
8203
10541
174
7067
929
26256
13191
4599
11532
18929
2266
27518
1171
4500
13889
23111
11871
361
15857
7773
15861
8312
19362
9365
24904
20895
11300
3061
2442
20439
13637
1966
21334
8443
18604
11690
25208
23799
6466
7871
12593
22279
10783
2376
4159
9126
452
16641
6714
21183
23550
20469
2461
25172
12209
23028
4410
23362
4779
20703
5372
17374
8616
3659
22617
5695
18932
5724
8261
9066
19051
2284
4594
7738
23442
26315
13073
283
15953
3080
21539
12203
12974
5419
17745
2221
14973
3128
15477
10958
12336
21760
22195
15359
23746
15539
8093
8357
21139
6392
1732
2694
17549
18634
27040
10101
7816
12654
23444
4178
26794
22375
19781
1645
9541
21160
8481
20502
2593
6080
19229
145
19014
13242
15317
19637
2310
5581
13303
5209
11879
23452
7627
4480
3786
24331
13908
21609
24902
8342
19518
23614
14290
1624
21638
5406
16658
3015
15732
22179
2888
24273
23021
15298
10359
15701
21700
3435
4992
4824
4656
5947
25199
19929
11336
21710
17724
15628
18537
22814
4363
9926
25582
15918
14561
10865
27112
8053
21174
10531
2878
12
22703
4901
5735
1883
8037
13732
24519
17471
6545
2460
11505
11361
14936
26945
56
3345
2658
21632
17758
4496
13691
20933
6293
24881
7620
23560
23162
5902
8769
17499
4633
26970
8005
9022
13137
5470
14239
20194
9192
4600
20463
12455
6989
12607
20417
17477
25976
22315
11129
5326
2031
17382
22588
26175
26352
8600
15926
14215
14136
15343
2800
1901
25035
22711
17161
20491
10481
13000
14560
22427
4557
19836
9857
16409
6914
17325
13065
14644
2153
16322
25652
10549
1633
23733
27648
20783
17411
25813
13488
24298
15712
21736
9692
11898
4379
8470
8010
18826
6993
405
14888
15436
21589
25365
4160
15570
5514
12996
8921
1961
3499
10725
11130
20885
15089
22568
24865
26976
16381
4613
3304
16069
14900
25451
24152
17071
6138
4892
4164
24582
2414
11773
24726
6437
25160
11481
15418
21248
27178
3766
21672
20237
15490
15020
4879
23836
762
496
12872
634
19624
14859
10362
9140
26939
7939
13937
18539
12820
27564
3399
778
3245
23679
20834
9732
14897
22145
27607
25103
16109
10711
21321
24917
16705
21434
24633
13229
17807
7205
8490
9355
21561
27191
14592
25889
24541
5102
4449
20118
19255
7547
23130
4884
18111
20893
23938
18260
12575
21023
4056
2013
16853
2417
12461
3813
20249
24952
23305
25522
25137
18299
16560
16002
8394
11867
3407
24597
15690
22857
7653
19670
26853
7097
9996
7835
25220
8219
15629
25257
20950
23772
6121
25790
17743
1060
16871
6785
20939
11393
9636
23655
4241
12681
23274
18469
23764
16695
1402
17259
1431
4364
25125
18403
14461
26469
24840
8675
16770
15619
3990
23781
20666
17333
5619
14243
22494
25278
13944
8267
23484
1098
22186
4215
153
24073
10757
19148
20496
21104
27438
17228
12987
8452
25502
3488
7698
16169
13890
22897
23991
25902
26149
15679
27669
21257
10741
10157
14670
15373
26920
22054
13709
8424
26488
2907
27660
5495
21433
8930
14573
15306
21852
1863
5319
7093
18506
22723
5452
10859
17682
18425
23634
10457
19845
22605
6353
12666
27283
8641
5060
5015
13498
18830
2816
22464
18561
14312
11126
11734
13495
12004
18515
12910
2299
1595
4566
1663
8897
18982
25819
24958
19171
23180
21522
3887
15913
3598
14869
20694
1166
8798
3629
8289
15768
15584
21112
6500
12935
26237
22725
19178
18350
7469
13779
14618
4979
17064
20028
20993
21232
14694
27492
16060
23087
27155
5295
14889
20508
7588
27354
2781
18468
24778
23698
8096
19527
6715
10858
9766
20556
13725
26841
22042
19429
25695
13316
27358
12517
10126
12920
27273
10029
11569
4411
22746
15324
6771
10682
12884
10728
206
3790
3578
11
13366
11243
11911
8410
25358
22269
19211
13091
11085
7346
18718
18806
21690
14190
24241
246
2190
2118
5915
10774
5442
6622
23401
19004
4814
22103
20630
14634
15884
26109
11776
7797
22215
16221
7445
26602
25401
357
14659
22651
23942
13898
12671
8632
17360
12018
2946
24606
17275
4139
18218
24667
20959
20756
25055
13675
19290
20656
26225
7001
27303
8372
4922
24819
25429
26178
14905
5052
9538
23389
2485
19805
19152
12908
12747
11882
9346
4625
4977
2077
19923
198
24341
3998
14846
13750
23193
7489
468
13212
4769
5031
24282
21417
27214
24436
17879
22572
22642
2128
22099
24660
7997
17691
64
2518
8864
11383
26456
19073
26780
17297
15010
20263
23877
9188
16353
7293
25240
16090
26877
16082
5728
21928
17402
5636
19545
1611
733
15230
5380
7550
19128
24005
12848
4378
293
18334
3257
25928
8740
14558
13900
9156
24144
24752
22343
1651
6284
26454
19771
16248
20970
2983
17561
25333
12631
11284
11550
24089
14807
329
11605
9038
13271
3538
6629
3059
1566
10848
11103
25164
528
5155
20068
21159
13830
7227
9399
26336
22093
20541
379
13192
5572
25875
12324
21010
22985
21682
11836
3323
21426
19947
5184
22203
17526
5585
17554
701
17952
19576
27326
25121
16927
23523
7712
1204
10946
4094
9145
1080
444
21831
17461
24380
24937
5846
22158
19897
21460
3518
9464
13018
25553
23887
15863
16323
20795
26867
2640
22332
23213
8677
25377
2759
16632
18728
1115
22143
11173
4196
4677
7107
6710
13917
26049
6318
17625
20144
6520
10812
4455
249
10895
5999
8089
1069
15177
15042
18876
13311
15830
10704
2992
23514
21756
94
18922
24362
8705
3607
20687
7556
884
20284
6923
9406
10734
11325
511
11948
18024
11073
10967
6256
20224
5531
23962
4188
17840
25666
20688
20429
25548
19565
5156
1982
5252
25689
16679
18743
26120
1798
24349
11102
4967
7850
2309
9258
24287
3949
12789
12146
540
3550
3963
8807
10785
6606
15739
5520
27360
16978
11343
24058
26742
27651
26840
20726
5907
25685
24897
1875
3559
12804
15463
8495
7334
7289
17089
18594
12549
4759
13050
4333
26680
8557
12662
17657
10803
14491
877
8460
27682
6977
16867
22806
8970
3003
13444
3653
17480
24891
7403
8318
17021
25955
22023
5065
15002
23012
2859
12797
15815
23099
20965
10346
21220
27308
1408
970
22478
11395
23418
23379
26667
16888
26086
15697
8851
6373
15518
6150
11200
715
5900
15408
9312
19850
18971
9860
9595
24031
18032
26094
18700
8386
3380
2900
19138
26705
8626
3303
6801
2731
16750
26243
19877
8240
27613
4805
11010
4462
14609
18625
1128
10980
23783
26276
8556
25090
21339
1256
1472
23756
19720
24467
22656
10467
662
24446
25348
22674
2259
4470
12349
21874
11667
27096
6299
20162
15275
7700
20311
17987
21359
18076
9724
6214
14121
20400
26709
2587
24417
21751
25144
18393
15190
18639
17107
26798
21887
5143
3839
6248
11805
18426
9058
24764
9876
25952
10448
20769
9935
4128
18282
25984
4400
10414
21445
3225
24106
4077
12035
13388
5217
26449
14966
22293
19003
22819
5332
17513
22341
2127
12622
18096
1558
18666
15524
11218
1036
9791
8029
2278
4285
24367
12982
25286
1544
9534
2713
25262
10023
25831
4532
515
23436
7126
12503
21984
8249
7454
9716
24140
25441
27549
11865
8015
26385
620
12922
16338
18487
985
9200
22110
1491
2390
265
24228
14183
15433
2984
27055
15351
6959
2120
11889
493
11426
2868
5557
18273
2743
11454
1854
19253
5235
20707
12261
5991
15637
3480
26863
700
26486
19537
26101
9408
11676
7444
13281
13331
1219
4084
2365
6480
2650
828
7891
14467
7460
9512
11711
27343
13748
22436
7512
25573
5182
25616
19439
6451
22289
23201
6124
13143
14578
688
26194
22132
2041
16229
4572
23914
3309
16040
4434
6758
19082
19540
13550
2003
2103
12184
24757
26305
12485
14360
1378
27319
453
26544
11193
10352
24562
3335
15031
536
6230
11976
13602
9089
14534
10695
27603
17436
3529
3808
20272
17272
17027
18545
5132
4999
19829
9550
9585
655
19708
7508
3760
10707
8399
3888
1940
13324
9309
25849
19416
22146
22224
14199
14927
919
3544
20876
15368
9253
19595
14098
1686
6090
14751
18894
5602
9509
6870
17781
18293
17620
22602
19468
18283
24285
11054
12735
3847
26526
15249
21041
15329
10431
574
17699
14058
14589
25001
13561
25724
25460
25857
995
18016
803
26065
13930
3764
24197
26616
24333
19037
16348
5459
434
4800
14412
3458
9110
17291
14543
23150
24006
582
25840
21809
27515
15793
3267
4167
10060
11986
10082
26612
19912
15393
653
25540
2990
592
1785
7958
19678
15780
8881
17207
15903
23693
21839
3460
9823
15403
21552
4332
20129
17919
15171
15181
12952
1440
19812
25945
26462
6191
1088
21314
9040
22582
11236
19965
14114
7142
16474
10369
9017
26478
8328
25595
20866
5969
19220
18452
5685
19426
2315
20437
1283
17833
6361
10321
17861
8983
2768
9444
8363
5796
2050
20947
19300
18661
18163
1292
1761
2920
18781
13582
26807
15811
18527
10722
3283
3635
9232
4081
12814
14376
26897
4696
15753
5952
17092
15057
12589
21340
4260
27414
17826
17785
11475
17241
275
23159
5938
14164
2068
3389
7170
14878
5485
5997
16533
21919
18137
10260
8001
1499
27306
3297
12621
19396
25730
668
6539
1950
19215
113
8185
20067
20988
7239
19057
13600
9209
20005
420
9830
13044
24320
14089
27126
12052
23790
7722
16363
24471
8611
4331
9299
3805
16282
5196
3685
7264
8585
19021
13769
21906
14653
11002
327
8154
21325
13421
8139
16829
12370
10109
14924
752
23134
2808
26727
22234
4038
20804
18044
24454
22301
4703
18755
13460
26957
17251
25236
1818
10177
11955
22452
23957
14495
10399
17875
2762
17592
11830
18680
24625
18949
20784
1188
8
26295
15822
8908
18674
24476
20139
2471
17075
26782
22808
12293
10200
7028
8213
1392
8827
25473
18536
10943
17244
25941
2752
10585
23221
25706
6665
4811
6484
1994
1347
15427
4125
12748
15071
1205
16494
6969
2623
20759
16942
15337
21961
4919
23044
1296
11293
24081
27476
24213
2357
16015
9572
27554
10796
12779
17644
17422
13542
14402
9388
26202
1368
22726
3260
18205
20813
14651
7867
2237
17212
23955
7228
19135
25468
1764
22283
21662
11897
23848
6410
12944
17128
6473
18798
6270
6901
7843
8107
18438
4909
11559
11420
3397
13816
3213
26719
16019
3796
4726
13427
14063
23167
6166
23324
25886
8099
8537
795
15970
1386
24236
7021
12409
10123
5627
19605
17264
12746
6019
25080
18986
5611
18344
21384
7644
1696
16196
15111
4346
7923
20905
3196
15533
21653
27465
23282
3508
5665
17184
17415
1032
5813
21357
25646
6065
13089
8433
26899
15939
20669
5150
20205
5414
27138
23089
24177
22735
26263
6988
11907
22410
16756
19995
7655
12406
21897
13641
7973
21617
8482
4723
7676
20639
23672
16116
17971
16614
25321
19027
6368
17667
23190
18212
25062
11521
18194
10472
504
17192
11512
11000
2479
24702
27407
14964
20078
3445
5391
9665
22918
2527
22924
8135
12557
5084
10231
20359
2199
14742
1030
9136
21270
7113
11178
24400
6008
11718
10261
20479
25564
24178
20612
24258
20161
7206
12546
2864
6795
12114
12390
27443
13562
12796
3468
519
13210
21371
17017
26118
475
27389
354
17493
27080
11335
24359
7341
13149
5266
13008
8550
12160
2917
753
17782
9962
21525
25052
5856
19044
25264
12218
18079
10534
8168
5167
16799
2273
23426
2798
960
41
20012
20572
17217
17558
14910
22241
21090
15065
4485
18571
5741
4837
18758
11274
17815
21040
5848
21827
14709
1600
9802
25768
8729
935
27638
17717
12443
4590
10133
16428
2956
23128
25803
16242
22587
6073
11928
27369
22557
13165
5362
5751
13346
9368
26174
9185
320
23720
9275
7180
6809
23575
9290
13389
22055
18243
13716
24527
20415
3361
11160
13101
21194
24521
7776
20926
6367
3969
15268
26752
10598
15592
12317
20917
1683
12657
12001
16464
16482
13874
15442
4991
3657
24916
13973
24739
20389
26923
18246
7377
13991
3704
19006
7282
24207
10638
21453
12828
14439
16687
4312
4526
9324
16050
973
20998
6883
5119
13516
24142
25275
8350
23585
10207
23743
1715
8408
14207
15106
24687
8040
11750
14232
11546
8902
15487
7765
26210
13128
9630
22592
13801
27088
27676
15517
11938
1268
21203
23314
16294
27505
5271
8741
5465
9430
12843
17060
19161
14430
6981
20464
10424
9840
18956
4775
27386
3692
22117
1024
7122
18436
22791
12253
27373
11763
18317
1604
12068
17610
12435
7217
4793
15674
22547
19490
10632
10287
23858
4632
8527
212
17366
6391
1249
20850
4060
20046
24254
14834
22626
11698
2636
2807
21873
2617
18840
18050
19210
21712
26513
17928
16839
21792
15985
15575
24808
25436
14957
22537
11653
25532
24792
17308
4157
14265
4619
2664
17564
4637
4519
7610
5436
25355
20002
4638
1706
25245
21545
16129
3002
23747
11656
15585
9909
16177
14866
24375
3737
27380
7071
15610
10166
3151
252
16735
5655
854
297
1956
2437
21800
23600
20544
9982
24486
9675
1215
1990
14038
20106
7611
27536
5782
11648
23648
25217
14253
6845
12965
832
22383
27413
958
26250
793
11990
22080
3772
1892
10311
168
22369
5511
15923
26625
24830
27495
20985
6505
10579
20323
20908
1112
7
12519
26658
21496
4007
16107
8874
25557
564
14368
18455
646
4747
1661
12642
12369
9792
9555
1749
6895
124
23109
11963
19890
2085
20173
663
21374
19273
16814
3710
5779
9656
19286
21335
15703
16951
2183
8378
4302
21786
13414
27015
12837
13963
14829
20882
10820
18996
1631
24580
19101
18824
10300
9118
2520
9702
11248
8822
5817
4143
7884
22281
15013
1199
12168
27334
19381
15937
24091
20963
25971
23069
4719
699
1254
1433
14842
12831
20044
3280
21035
11620
26059
26432
17892
13840
17978
13111
21199
20863
20088
22001
18964
23513
15846
2727
15380
19682
27388
12399
12173
531
23294
20413
27626
27548
21571
5979
21468
11084
3111
27205
22327
22938
4823
3581
26999
11025
14717
13631
1828
24919
27231
17601
4932
25638
18102
3780
3209
17869
16309
1423
5895
20844
2047
9349
23907
25700
1120
2059
5752
21605
26868
6027
20147
1074
19504
23048
20611
16962
16141
24387
16724
20257
23368
13778
8143
900
11665
12244
5490
22400
8125
6205
12702
21799
16329
15182
14017
7695
12929
6946
17124
20634
16689
3028
11319
15993
8952
812
16154
16596
6203
21096
18905
8416
6122
16272
26958
2333
14279
11303
26321
13027
16875
5044
20395
8080
7569
14245
14515
4734
23920
12276
26494
22346
19614
4136
18802
11675
10648
5142
9395
2968
2210
1409
4396
4743
7608
12962
14570
16744
16046
10918
7854
1339
25409
21722
3378
13662
13356
25446
17852
7317
148
18061
2659
20678
17131
6152
23003
25179
1093
27258
6173
12957
22886
4956
16918
26810
23975
19197
19718
17877
14607
17999
14679
12041
12347
26648
46
7770
16264
3352
17503
24822
3289
9030
11151
14482
20616
6838
16304
9578
26228
9813
14321
352
24377
12718
6595
6541
20151
16917
6378
16571
7914
26760
9848
24565
18652
10507
9728
23501
23811
580
18612
9247
8842
1806
26950
8610
20825
21016
12358
7985
16626
8691
12616
5005
11038
4429
16504
3962
3477
18405
23058
4027
22072
23508
244
10108
20748
27421
25624
14299
4399
22484
16451
26507
9466
26388
5558
22247
4361
17295
22801
7011
19659
7370
17757
7268
24691
12453
8159
23219
2095
24809
26154
15960
6402
9708
22975
12903
1866
11538
18154
25744
11233
6146
2069
19488
14915
7344
4229
24098
22695
5675
11132
26769
16351
26409
8575
1464
18480
17820
19931
16133
27248
5831
12754
2836
12773
12281
20643
10674
26287
13824
26375
27072
4757
16379
25230
2936
17203
5828
6153
230
24647
9428
19327
16751
18324
19476
7821
27176
18365
345
8871
3568
15354
18307
26603
15702
9771
3517
26035
26132
13538
12298
3051
12061
12243
2161
1777
9866
19139
22561
23695
16789
10442
6643
1077
3404
10899
17974
27036
24674
6568
27576
6775
14554
13958
5396
1290
10554
1767
18368
8758
24465
8655
21126
2703
7851
24262
7087
18887
8566
867
1812
1903
8850
26262
4370
25343
26002
24193
19669
5426
67
18333
23931
14682
23570
20565
24343
20363
23335
17863
17523
21083
16766
18234
12303
8994
9327
6886
6199
817
1635
1644
27109
17528
24975
13431
5279
9175
15220
12163
4296
16017
11464
21116
20777
17984
14179
8128
11930
3174
7515
8512
19262
1955
2402
3259
9213
27213
9473
12868
11840
15098
1593
17220
8476
12539
20560
23257
6456
22848
10520
9765
8105
14803
14047
697
4292
338
685
10614
9892
7929
26417
26928
23018
14602
236
4493
6444
10275
16441
23685
13272
13467
23421
13485
4119
13122
24874
12471
26025
19481
26534
24314
4872
2305
15663
22460
3014
18494
1246
73
22050
22560
19311
7564
24602
4019
1724
11059
1688
10622
10907
26565
19512
9524
9617
6015
22826
5884
9224
2586
20680
4854
27024
23331
22390
785
1626
5054
8613
18357
23829
5112
22894
14519
17573
2384
5231
7688
23594
26874
17583
4550
26596
2138
8238
19313
19644
4336
25632
20021
17331
14660
11941
11906
12075
14025
9407
14388
22172
2552
22163
8321
23036
25924
18912
3611
8505
19195
16535
11833
3931
12794
17902
18859
22166
3642
10607
14626
53
18665
16987
5885
22405
26996
22412
27599
18008
5607
24695
13477
11438
12598
24439
26695
16234
6107
21228
17708
20527
22858
26123
6767
16388
26251
12761
2844
11827
25364
15415
11045
24039
7666
15385
384
10747
3958
723
4205
27010
6587
24113
2826
6338
19893
17247
2164
20672
15840
26384
10335
1326
8315
22048
9622
25100
396
6537
13789
18415
24857
17082
12097
772
25412
19560
11995
27635
18374
24415
10379
3121
13051
19212
18702
10593
21771
4987
9322
9497
16649
8003
3612
27174
10764
1108
103
2198
20242
27679
14227
14354
3826
24121
12101
3650
11259
1576
23805
22954
9337
18459
2490
19164
25723
15669
8134
27528
14105
10784
17168
1355
19192
27031
19574
17672
13451
13470
1802
7232
11034
5475
11076
7012
4153
21625
7809
1702
5241
2240
14930
16574
959
5975
17878
21366
15153
20736
26360
13321
18534
24438
14457
1454
891
8656
22
4838
24191
27014
13046
19375
8843
19772
134
16382
15987
15035
8776
20055
2927
13782
21787
16018
5071
12887
14958
1263
4788
13202
25871
18890
11279
22760
1509
912
10218
1949
25020
12711
10368
7386
5878
8113
20644
474
6850
18712
18492
10651
1241
14521
23118
15195
22734
23403
27264
1222
6429
849
10151
7356
2707
21817
3899
20196
19387
18478
14485
9704
23352
8887
4687
24065
26704
16373
6691
7543
6328
4029
69
18550
26786
8720
13168
27153
1478
9488
2108
22713
7685
14274
5960
17145
14331
27453
7440
20589
25187
20026
12344
23277
5799
14912
19333
8255
8260
14317
19348
23725
26830
16514
15870
20063
17517
24013
6960
19746
7190
19247
24571
6784
20640
12329
15724
9098
22611
9887
19917
12484
3144
8335
24936
27195
18768
5859
838
27104
9958
13681
15998
7360
20217
11141
15773
6036
17056
2539
19954
3316
160
23376
137
8702
27482
3651
21456
3387
1448
12157
2852
11227
5221
3119
6168
24966
20673
22781
22670
14257
10924
20595
12250
25183
26633
9041
13433
21214
74
10838
6419
14983
8918
615
21436
24145
21078
1791
1192
2777
20738
16099
25964
8464
13856
12095
16104
4321
12635
21777
22435
32
23031
1305
1418
14629
11297
17047
11588
11018
22006
17424
14955
11434
26482
11492
19353
15258
4269
18578
6669
14310
24505
20379
7978
3347
24222
14918
21650
1907
9414
15638
7323
17659
13264
17889
10971
14794
24586
6062
9986
22069
14733
14818
11022
13173
22248
7736
5200
21867
14246
191
14781
22324
5177
23540
8779
3951
3373
12384
18600
8747
11061
22504
10186
25011
22448
16824
6546
23095
16422
26453
24547
25776
1009
24609
23872
736
14303
11614
8137
12725
19870
10168
17483
2610
21402
11185
2413
23995
6647
625
26587
23378
8147
6056
21976
6597
20098
7395
6428
7793
15208
17167
11379
15011
11576
26012
18169
24196
19025
8788
18276
10658
18072
1085
16395
4843
3368
17442
25096
23228
18147
18224
17152
7849
17578
27399
6143
13921
25898
15445
1675
25374
26112
5093
24965
11410
16878
1179
7944
1137
11743
14472
2789
21910
19406
18421
5400
3182
25794
20210
21261
20888
23011
3138
20761
15102
22613
8768
19289
13667
10489
21368
7208
12646
8176
13614
1923
1139
23019
23557
17039
5309
7312
23157
6612
25897
4207
24429
27059
1332
25647
3133
12896
18690
23482
9751
14689
10216
22420
10328
12854
18177
17323
21289
4501
3069
11584
4940
8765
21423
15500
12489
11635
17881
7755
7994
2229
21583
25115
15139
4862
10914
3927
10014
22359
13882
12044
17281
7152
16683
3159
10230
13245
6255
14151
11857
22443
13338
19184
4165
25107
26501
6383
25124
8277
9282
15113
7007
26164
8228
26015
24985
12428
19869
24720
10933
7578
25271
727
14796
20184
6724
15600
22661
17199
14758
1998
12478
7022
6679
6102
20754
16896
16145
16861
12529
10115
6400
12364
13513
7251
11310
24696
7946
15444
20233
20108
21762
4092
19790
4571
18694
3252
23127
23794
23467
24513
24097
5850
7051
5788
6835
24158
20605
11121
15978
21807
8883
26581
5820
4446
25416
27218
11706
9746
18011
18041
4610
14804
5195
26373
3572
6982
17961
26398
14939
2963
7415
10006
22893
6859
10143
10527
6371
11644
10272
4541
3793
10268
25138
20549
14379
7189
13854
10440
7273
26683
2498
12494
16783
9082
24744
10538
17003
9899
16858
2734
3875
9884
12693
25784
22079
9972
11617
4658
17317
15434
15122
10719
24650
11473
10047
430
3244
11726
15430
2669
10953
11838
768
15684
5198
15561
5541
26044
13703
21205
15649
26521
12795
27573
4049
20976
9552
14171
27120
12137
24428
5302
16909
27591
12194
22633
21487
27049
3204
1703
22739
21233
4420
15534
8043
17231
15214
16526
23631
14261
1937
21186
6804
19985
14219
14911
17351
19279
24730
9479
13698
13612
8459
20545
5342
14280
10332
13621
13797
26811
26862
16984
25229
402
16673
6912
1360
2626
12856
19943
8430
546
16492
2739
10643
5575
9782
23967
15455
17568
19962
24496
1844
6321
17433
6747
5819
27623
27145
5981
20388
22232
19459
2719
12421
173
17516
17801
20855
23440
18249
996
4238
27475
3274
2569
21899
10513
22864
26907
26836
15154
23864
18410
4831
7787
24561
25484
22843
1216
4352
10409
15357
25636
15164
23411
16202
11109
7831
17613
7525
14763
21849
1153
9942
21349
16542
13384
26034
21744
3036
24639
21008
22694
8773
13997
15396
10383
18172
18052
15467
14784
23556
13254
9021
21519
13080
9416
4405
20716
2813
14220
27428
22812
15849
21308
8025
16849
25863
10556
1302
11971
23711
26357
5547
19200
14079
19245
21243
9435
13613
22680
15646
12289
6054
2393
18772
25056
2560
19903
24185
9773
14691
11094
6041
18868
27232
10681
7796
23425
26932
9977
3153
17109
25598
11184
2123
25485
945
23946
5262
1917
3044
17341
9168
8281
15079
3485
14122
10038
10666
26986
18117
26820
1801
13370
21509
19597
5853
24929
962
975
1538
26745
22153
11277
7803
7197
14347
13379
18838
22693
6481
23047
19859
1147
9036
19895
15023
5438
7900
7697
25762
13738
5206
12326
20997
10671
24947
2537
13395
22092
17444
26075
7959
6128
19649
27160
21279
21294
744
27221
6348
24784
9917
10501
3521
7707
1973
9000
13529
17989
22630
26884
17973
13435
4910
25822
13887
19005
23238
16883
7498
19710
24358
14539
21145
16047
21389
1751
24278
11168
7908
27301
24251
14816
4964
13289
19550
8355
19591
26425
7519
25605
11554
14160
8307
3018
21391
25106
411
27107
23875
25046
1641
3218
3819
12788
27185
17179
11444
2072
12639
9756
12269
6686
18185
25420
10600
21259
12226
3984
4212
4106
8650
18255
22993
6740
24024
19706
19734
8326
979
27052
16663
17173
221
9646
3909
4114
20153
5569
1739
19691
9499
25036
27203
19090
3091
23265
21932
27135
17454
21882
21385
13807
12660
26689
2115
14007
10240
2885
3577
19144
10921
27570
19263
19252
21137
17140
20405
20701
307
25734
21949
2547
16539
16010
22016
19458
1586
9167
22879
17786
11742
4251
20423
4525
24727
3717
20608
19001
16120
21967
20937
13759
24130
1482
11791
3305
8693
18448
11149
3546
17400
8590
3974
19449
8963
15241
21857
27600
4482
21303
4905
11903
7859
19773
13035
22154
10986
23025
25680
24469
7290
596
17703
17084
16954
10128
8652
13505
16609
8561
18097
24615
24020
14143
1276
9690
7417
84
14053
9420
10886
6555
5614
4093
17101
6206
11441
4044
10599
5527
26701
17591
11817
12768
13156
11254
16414
16459
25589
9223
2037
4388
9318
839
3107
1616
26158
22874
16604
14452
4423
13183
2015
15996
22969
27572
15131
21392
1311
15553
14948
19583
10935
24799
2218
15492
6564
529
2882
15640
20349
27069
25328
25885
5042
4059
22905
3941
13916
13230
14448
27519
5933
22033
8711
21661
12690
27309
6239
16431
8953
9051
10497
24163
2323
15310
13455
9455
26894
4709
12311
12010
19340
23500
9519
20057
13241
19155
605
27540
26641
8818
16696
11630
10393
27574
9993
22601
9378
4481
2481
5346
10604
14773
5077
21132
24553
4650
8836
10112
15475
25149
15894
25169
26964
7942
14865
2074
10882
18269
10559
11919
8193
10853
5512
12170
22210
19782
9475
22261
5024
3857
7058
6161
12145
26998
9738
8594
2502
243
5505
20563
16354
12379
5651
526
3016
23985
14529
11495
24548
8666
6472
2235
2820
26901
11431
20941
12120
7948
12883
4474
2200
24995
23890
23393
17653
6349
9500
19871
20321
24405
23533
16999
27260
20031
13293
6953
8060
3449
8032
25483
12027
3013
16070
27189
4949
20177
10829
1189
2861
21033
13652
2152
2180
21058
157
5051
7491
22084
119
11052
19266
16031
24425
18931
2863
706
14503
18981
9544
8138
7331
382
15452
369
23466
19370
7078
17796
16551
4074
27525
23493
10729
1670
4663
13948
13098
11795
21151
10069
21050
3881
4561
8297
5757
10564
25492
21477
1116
9569
18616
905
22899
16400
22988
27585
23629
24681
4636
6826
2215
13405
26140
7413
23925
14822
19727
6751
13941
2457
3678
19934
27079
5058
10717
18814
24911
461
26900
15819
22134
22900
16341
1041
23842
16187
4864
21443
27362
19371
11530
5002
8942
8023
14831
6117
216
3496
8977
21581
16733
21501
2679
17458
23801
14756
6701
13866
25991
181
27004
13983
6529
6223
17013
22597
19858
2171
4099
2076
17748
18196
14847
4515
1220
1214
16582
14522
4246
21101
26540
26845
18733
21068
858
4659
19822
9946
10293
20373
10686
8555
18941
21295
11064
2944
7968
23820
12007
6387
13724
26442
15826
21535
4865
2484
13234
2918
25511
25306
26405
18560
21105
1516
2250
16457
14741
6307
19065
9445
23723
5050
11401
9075
26186
25670
22314
18384
26382
5216
10302
1520
15802
5388
14032
27238
23977
24245
23664
16715
19511
15130
9217
21256
17009
25300
9495
11835
14422
18886
22514
19874
18496
6730
18523
2293
27417
26673
4671
20124
1850
5123