45159
14230
80846
82526
22208
50703
59574
58928
77735
70981
21211
70050
76009
81545
57761
69588
50150
28902
28550
27039
29581
55912
12728
61141
15800
81884
6629
39329
20936
71756
42916
29505
45946
10233
67222
48758
21014
13097
22850
24656
72868
78513
69558
35731
80662
70803
78563
7525
69792
63230
32485
10349
79016
9713
6123
4087
46699
11706
40851
81777
30304
74219
25840
14835
4816
71591
75842
68422
66565
70193
58373
47091
52382
7370
22816
7999
66580
13184
3830
22766
58326
73698
7945
43625
36691
49588
5305
74201
58836
55689
20217
36887
76384
46199
79826
56388
80357
82533
1466
61630
15054
46723
61874
18634
2757
42093
18440
13356
73996
54806
64508
56816
39384
43729
347
74464
20608
69054
64832
80857
10708
74191
38928
77543
36842
35290
79007
19521
62358
21388
8
59014
80929
76958
44600
52729
70972
60380
57349
12737
32632
72465
65950
66539
67034
57289
57673
45754
25380
53509
80782
52902
65555
46046
80798
69411
62367
62282
69980
31605
45970
51829
65195
53426
47962
22944
82050
33195
17857
7559
54770
67314
66980
15197
19275
4294
67050
16700
69974
70311
15433
12214
45937
31191
76721
63811
53845
80423
74583
78104
33615
38287
32975
27432
26754
9556
9405
12660
43284
27342
81279
33850
55458
13936
19284
50381
72477
13495
67476
63420
56337
49937
82303
35843
14339
82460
17842
20261
80902
35345
71539
69806
1451
74035
68487
32576
46942
69137
7250
24901
73294
73381
22192
55130
24256
81205
44850
38244
70715
70229
38373
31714
68030
32311
26609
54637
66130
67488
65157
79469
41081
74216
25683
40345
11788
14028
22894
74443
47565
76911
33740
38746
77398
193
51096
10874
37930
36863
15172
70582
71055
2308
66490
20398
21454
14686
25303
10110
80165
60166
78269
47789
10520
56543
34291
50249
73245
64390
33301
56767
67043
49163
47409
52470
51697
69621
22725
47705
64060
43651
10972
23311
67374
80316
56883
27902
23281
65218
69482
49339
3732
5274
20095
79729
31264
54207
68842
8732
59976
3523
77816
66128
11242
65633
76198
63293
68140
1092
66475
3469
14693
8917
7762
37653
72389
49436
69372
13920
54556
1111
66019
76591
66549
78238
81585
6717
11423
25759
64696
71480
22143
10769
3248
80498
1166
73922
29645
15534
43266
75175
57028
26570
39587
9413
16691
2337
51253
37514
79538
44051
45472
30208
56975
67339
10115
2838
46066
10788
41853
56416
80005
35095
18156
18122
12606
50258
19228
40775
23285
78616
5494
5692
55804
9792
57845
5647
48526
82473
35415
76557
5578
32980
49239
60001
68009
57619
67695
22706
45555
68742
13175
61313
22743
79074
25776
46098
51940
21078
14661
11104
49530
340
12487
29495
18695
25842
81510
69425
65109
11022
82161
1370
56791
30166
2885
34312
12770
29252
38067
80064
51144
54541
69296
18593
58658
23460
39612
10262
77885
50914
13365
30324
71036
29099
32159
10824
76568
58331
63072
75038
62428
30484
24592
77335
27748
11374
23682
45834
13859
16791
72809
80820
59107
78342
51998
36941
24537
71229
6738
51335
12751
40243
77575
66241
34939
1004
28020
60066
3518
75278
71666
29756
82214
51849
939
79326
44760
51170
35736
72621
61527
3303
57370
57889
80176
42642
45080
57804
60173
29908
6153
1955
26022
23265
76836
61540
76688
54302
6480
43324
11307
34968
51972
75747
71364
42465
39051
36675
52100
74545
75869
30142
44645
46781
52622
71946
2795
64299
30023
25708
46815
68532
45257
9772
28136
43120
15757
37736
61360
15409
34000
78986
9516
82513
36796
27207
8229
54342
8545
81309
46355
3947
61764
14255
312
42699
52605
62718
40080
3007
12577
33170
6140
44298
43782
22825
23584
56769
70361
81449
35946
40465
5999
15614
17776
5763
71515
80655
29387
36684
68563
56176
80478
64166
14557
8561
26208
54535
51782
24536
62154
42218
56924
57576
34589
2247
18940
50984
11575
52469
60755
33303
17626
54255
77486
77215
34826
72433
70195
33015
30654
35389
42825
41929
59022
66946
16025
60993
23180
69900
37180
79606
69161
19838
22498
19141
38848
49058
61799
69969
78180
34614
31080
51193
20822
70694
55897
69146
76442
66686
55013
53641
54279
64082
78076
24986
63732
43157
25315
37498
65417
80746
2658
5041
4051
4468
81434
24712
54034
6219
43326
57416
61957
19053
13796
33803
8552
74888
12062
12989
50493
7108
28407
62
73892
9315
17755
62651
74716
60435
9755
63178
20570
22890
52972
40259
6263
36847
47036
79111
75165
81046
65659
76787
79450
40864
25848
10070
20771
21943
41508
10951
81619
78733
42816
22235
1031
28739
66939
70132
43342
30499
51615
44191
19361
34927
3908
77276
51949
76598
35439
72085
38156
70117
36660
44692
7951
70670
30924
51830
80081
61189
75650
37978
28995
49134
6270
58354
35322
26605
31931
6758
73715
49377
21972
59747
53255
9024
50845
16925
20299
76952
22626
57379
67945
31910
36631
2074
33388
9072
75962
44892
56426
63043
2936
19658
62667
18978
35695
219
71841
20953
75544
71006
30241
41202
9342
41096
81820
16324
70656
23968
41994
74726
46642
66276
24848
49321
77655
65410
41518
36174
27175
22755
4925
798
9583
28029
19696
67937
59797
79468
13845
53202
75948
57050
2334
61415
22490
28891
31840
54493
59604
867
50239
80455
58693
78046
67000
8814
77154
82359
16073
54073
7950
42018
13067
74254
49277
29189
75929
2503
47244
39994
23487
30002
33809
41277
54892
16152
67450
38235
54371
63543
6163
28709
78140
19344
57258
10141
4681
42914
5432
17630
47053
28113
8030
41190
63977
61440
31342
40661
25725
10806
46785
41707
71217
45951
8985
24835
9668
72854
77896
78568
79101
684
64259
5805
52423
2584
24515
10302
27328
27000
54265
33853
71554
8812
47770
59908
41835
55875
64738
73283
18207
23879
33591
14268
57472
59046
74654
80322
82411
12393
57727
76686
80883
68289
1532
76661
69500
74554
43433
33619
16
19930
17018
11204
69867
49856
2511
1426
55041
39903
75395
63636
20470
5439
56183
53829
33347
23439
49246
27457
33949
4503
40010
76041
41827
5781
48868
81384
80037
21408
54874
1897
3808
32737
13384
72788
24552
37684
31051
31593
12583
82057
76062
41875
56532
59892
81803
71521
35013
29175
55208
27045
57923
53161
35243
28625
71355
80973
12468
17728
61567
81972
69845
76416
4007
8307
46848
34568
20243
76584
8943
72410
58641
70655
20812
73675
75072
7548
23812
45398
74763
13426
41139
36924
59062
38289
55714
74025
40474
30965
24771
65243
26755
40926
23749
15657
52316
22437
62396
26920
73978
20132
34279
19353
21214
4149
27911
37430
62384
45405
70389
20201
22635
17878
27086
62227
77158
8740
62128
55019
40800
15869
30093
40180
53537
74488
63740
19270
55181
4344
74832
68969
59502
75669
36606
34322
69051
73915
1226
9504
53604
2923
16229
73059
71959
18778
56472
23729
47732
59072
32320
45795
54458
55124
34834
52589
46261
51343
65140
15378
28750
27818
63664
42658
14142
1455
68359
72506
30400
64962
47688
36377
8910
64988
1307
29721
81152
595
78943
12854
18234
74075
45180
3000
74822
61082
13447
82349
51629
21468
34691
65948
56732
40214
23659
32882
62625
35538
70898
55468
32212
80194
49703
74918
27359
35590
26991
30544
28103
55263
70845
46811
39806
68894
46498
39313
46867
56355
12647
51966
53305
47377
81909
50585
29551
73521
38183
37612
67141
56929
22632
15698
11385
35810
52491
2023
81289
33470
56995
25705
58909
27891
6578
64580
65009
81065
51545
55842
28527
45990
35567
5933
74537
27404
69996
9231
35787
79594
68260
5553
80585
57523
3680
68376
45750
24717
1273
20176
65200
81844
40764
505
72112
25175
48050
56522
26046
31309
18093
67121
28939
61637
1076
50723
56040
58084
60859
58160
17807
10028
40983
17964
75330
75520
55601
51605
55921
50378
21244
46761
21102
32650
79222
6286
56075
13997
68787
51002
356
55273
71464
38271
5499
13799
31900
3351
47661
72716
1871
34151
50485
76939
23507
53908
73332
10977
40602
73883
40095
24517
34846
26380
82393
64608
38260
43705
33629
69926
21714
1796
51962
41318
11259
82193
36619
38812
56292
45455
6444
1312
26797
66166
19416
221
17542
52984
42712
31486
28280
80848
19394
45156
28435
18665
66404
21757
73594
59407
32275
68282
79419
74495
39780
77582
18613
22746
3545
18296
25134
9093
43801
11433
28070
54163
12987
71476
40426
78867
9038
53983
13563
18816
15988
33777
14213
57546
82262
22703
65422
23362
32025
42713
53417
14221
56863
69455
40918
39072
19404
74081
5818
3256
72310
74947
38491
23128
50637
72723
76558
51992
26507
69773
45284
78940
33685
81113
66919
45929
79062
15766
15496
66286
35931
59476
38880
53373
80893
78528
35722
7976
24542
30873
48823
70257
15537
63244
20610
12216
50854
36206
72522
79429
66210
32667
56297
34456
41157
1689
75263
49095
37472
45107
77339
18868
78195
68458
66680
79339
40122
52617
10653
21985
18188
80401
48010
62968
35474
27075
82200
58675
60699
56439
41553
63163
24384
32152
31535
33543
15646
21042
10645
41357
3156
25435
29403
30099
72352
52697
36982
73228
47417
41672
4567
68606
53280
55082
9403
78219
53212
57204
76706
53909
56371
66319
48048
6523
76934
76280
6486
21430
48837
41597
13619
48289
60262
19498
33107
63774
76452
6553
54548
62878
12276
15824
76355
74208
7446
31401
23084
39707
68655
54632
22491
21329
42066
20421
73153
14054
61248
76645
59768
61840
81603
1133
64519
28704
28632
17858
37354
39126
67530
25574
40066
82480
53332
58215
66731
73573
45449
33954
2204
82335
55151
62198
19818
63149
6628
58838
39306
78577
76257
65978
49855
53616
60130
73322
35571
33016
10229
54091
28948
73412
28240
17222
66432
10684
35883
24198
27469
33342
14104
8291
45934
48420
8745
41575
687
57090
60710
31368
68475
72576
38378
9576
49677
23719
68994
15831
54827
81210
42921
15422
17213
56844
17797
14152
1719
12939
64983
5078
47805
71349
17432
26243
32344
81407
15119
43219
7232
72269
70738
65183
70371
48699
40250
24390
53236
18106
54739
33182
63875
36436
53168
16784
73458
56900
53185
61609
21337
22480
34540
79251
46855
44225
28155
35893
24235
25558
55644
8344
54104
42785
5507
21645
34325
71415
48965
81605
66352
2546
36130
45880
60327
68799
26132
37034
33921
26720
861
57242
66003
54908
51820
16148
25872
21139
69572
12400
21164
57874
49002
33154
72496
46757
12248
60876
65273
75513
79895
10117
72405
79981
28106
63108
25227
46057
31873
63662
73801
60355
27637
66154
45502
5127
42048
17457
30838
68073
41447
21363
75998
27581
76618
13050
48335
70988
65512
43037
65177
73877
55111
27905
34176
42038
75908
33362
51529
58800
55342
79152
34749
11722
67097
50711
47930
80882
53956
2281
69601
3413
30510
70810
44675
74508
66614
25379
17737
5659
31498
27865
72704
3685
63468
10235
67653
22679
55491
25610
8354
25363
79159
69802
12855
52706
37883
53079
70812
46325
59126
57296
42548
78721
68277
18034
24833
24748
76333
29160
70570
33074
48899
62499
2780
66740
46591
33180
43063
56173
65480
75788
8797
39880
53114
14492
50699
4424
6124
77476
13377
7387
60500
53210
9473
80667
12902
14042
59177
21615
14863
76542
36418
31939
73613
33649
7094
70830
62608
4787
59080
69204
54909
55028
11931
71669
4674
37986
34972
50592
68593
8824
36906
39713
68249
1662
40574
42069
23356
51128
47026
7735
14450
42624
20858
69075
53365
3154
32552
24631
33434
59263
46904
3332
58429
58138
73026
54120
19649
10633
46452
57542
37262
77772
6141
73987
55312
5329
64751
76540
60309
70109
69539
81518
30361
32403
31547
56481
78599
38763
48106
46833
20165
75301
6541
50094
61130
80796
53874
7316
56273
12310
36040
27266
55090
55800
49985
57957
17130
10319
36714
47768
64953
76133
53186
53147
22853
41967
52444
54862
71833
32989
69903
11669
14078
14827
34640
4728
3860
45061
11353
72755
81609
53718
57928
49445
19894
53153
21
28566
72284
13768
80601
52507
11012
3412
69666
35939
2517
67316
61759
9721
28417
40287
54015
16663
39784
54929
41043
72184
35685
37971
4385
21953
57849
31412
41404
35751
41808
49921
35820
81271
33601
29596
33254
11041
31193
23845
50476
63725
3371
70946
65326
18549
48383
5132
63090
54293
5645
25041
80123
30713
71042
39464
25754
22031
56845
8776
76255
18232
11753
8658
29001
1371
57644
18918
42613
46382
72558
54787
81763
40437
59845
16183
40043
79444
78416
40589
32507
22797
30990
27382
59646
61877
15332
64872
72247
66255
21990
78937
50776
58794
36055
57015
13214
33610
51071
13536
11918
67146
12814
69034
78547
49299
80147
43595
38210
8606
24299
14322
77796
33693
8419
61427
42761
36319
22956
11976
68241
81438
31644
54027
1434
13734
47921
1941
27946
11200
54202
8268
27512
48041
37347
72848
48790
77349
35898
72715
11401
76933
67513
62919
56440
27815
37162
18624
45196
1250
28269
54591
73019
67979
73204
28987
43820
22837
54701
68811
58390
14163
12962
17062
50172
29995
74971
60022
68904
76664
38477
40081
60451
36657
41180
67416
23853
47719
55943
58586
34260
74130
30420
78087
66817
80237
72432
39877
25010
44384
13647
70683
11615
82254
76487
75732
9513
35510
60350
39793
40911
74815
61786
47297
69466
26187
69186
3409
54893
612
18250
78315
177
33833
28919
35354
69695
17046
20904
62422
81197
63000
54229
17068
15377
40528
55704
14108
19565
69948
35647
52914
65388
68186
81932
41658
44954
39332
77126
78402
16771
60907
15302
26648
10350
57275
18080
15050
67780
4067
2307
32240
24976
43216
50893
59171
74501
80756
10469
67977
27305
22086
72727
47814
63113
52754
53390
18553
66553
71648
41602
80758
51356
61673
75807
76729
68668
74518
69135
25638
19208
55716
31098
50596
68089
38414
63928
38203
76165
67822
17343
41469
55363
38392
48088
75882
66468
39643
47606
1678
63363
4551
25296
35267
25228
36819
40815
71449
15528
43139
11488
66534
52251
34644
39982
62995
80945
31727
64856
61699
28578
11416
19467
59688
76374
75377
75697
16550
77308
43709
78316
6203
15460
12409
49370
3388
4125
80464
73349
36490
48586
482
19655
30571
39255
64458
57572
663
77355
79349
61460
5130
73398
61931
51453
24681
5732
28804
23022
20725
59229
7342
43743
34023
18383
30125
48485
20465
39665
50755
52022
34421
4557
75713
52220
10492
69961
54029
1909
39116
64395
41109
32028
23188
9455
78685
40529
60635
68397
56082
24191
55662
10397
81645
81912
10581
53192
13976
41454
6087
79752
66787
3954
41135
2881
21999
42161
54762
66437
16083
45388
6116
80517
5648
14203
16600
48274
46794
27652
70453
46679
76649
1095
5452
82524
33373
67642
72572
78847
51701
8091
54956
70289
31607
831
60931
48160
37875
11537
53753
64697
58526
65822
54620
39954
14974
4665
5565
58314
25287
52162
5336
43454
4334
14424
16952
11518
71077
74702
61596
50475
28178
80972
20875
62746
77468
17700
30289
7662
73603
12327
74965
81429
49234
31508
66427
34242
39067
48095
32503
15361
12846
61190
75048
76400
57596
32122
77604
31870
80695
6133
17350
72121
61682
62413
11585
29789
59334
69017
76627
66635
44264
16753
35786
29940
32489
81783
4550
28901
81448
30896
41503
80394
62830
64707
4786
56488
68585
73146
56985
11036
53800
78573
47467
58803
65392
27094
14547
57782
24262
70066
7324
37722
48196
48629
54060
32138
8214
51765
76323
36994
13376
28630
38547
58324
60416
43368
31912
82084
15877
34913
78204
21803
523
69520
76594
55044
3038
66761
64806
56322
61768
81920
26809
55048
68694
56282
30375
30600
59520
50442
77002
76409
51921
62551
61277
53284
30580
42356
33564
20704
12286
40836
19891
43607
59491
14508
16559
34954
74647
75552
3655
44412
48149
44868
55519
64546
11163
14895
15258
20210
30343
57980
7414
54815
63866
7807
50602
41988
28092
80265
1113
35240
55191
78700
58106
28328
40820
21676
62618
51892
79384
25617
82074
49651
81189
8886
7078
17159
51423
47511
69631
7059
41565
39692
67993
12895
733
51119
74076
82485
37527
24710
3502
45926
13349
82293
54515
75058
24795
55327
62348
29484
53833
31947
10556
18732
76434
38445
39580
32371
20490
31984
3067
74876
69670
65592
29446
55099
6188
12089
73585
37624
241
49074
38435
5784
12687
29816
51798
62925
20921
18544
63522
55187
74977
52178
7333
56201
16064
59624
63060
79650
28385
73524
36580
16814
51747
81534
25163
49611
3574
26434
32511
14048
38852
27593
34124
75899
51723
40942
58172
72082
31319
23545
10388
14787
52058
62494
73496
51188
38251
40068
22637
43847
64779
34963
74074
80101
18346
6392
39532
50786
63994
78832
69534
52597
28954
56365
51019
22253
22458
14751
77505
38987
8178
53021
6296
12596
47186
2719
56111
43756
24724
27268
528
69271
14179
75798
15771
43909
20879
66348
60821
70951
60626
3537
61720
80533
77716
41705
53632
8727
81216
73256
8905
50124
5700
79285
11895
37819
45591
48540
78608
11660
14517
19828
60444
52904
79900
28379
68536
68269
47902
45203
60426
47912
16611
71951
67011
16513
11736
13081
66187
74384
55599
31709
42746
26316
54554
30455
66555
49403
31914
32649
59944
4908
72777
13671
11832
12395
67371
39139
50059
2184
77075
72035
67554
77177
3129
40433
80992
22099
79463
4759
24151
72564
77521
79771
70420
38674
44896
66972
66798
20003
70424
60433
42491
38345
13155
53457
72977
23303
58382
31027
22843
59417
33919
32092
64435
4310
27250
52530
73456
17406
39209
78997
27568
5995
23366
79207
46418
77028
16092
76046
58549
44739
70888
73308
75630
57517
29988
25694
366
73327
42754
31847
51314
56112
32753
63917
49089
23475
4826
73454
25400
82123
48694
9325
77192
30809
2418
44152
37197
75760
29744
53002
23537
66514
23607
31029
13411
72339
2825
38783
3623
57159
25459
43997
70248
2495
32713
16878
68226
78748
49186
1393
47704
40195
76724
81183
82209
58824
21306
29275
9816
75311
58959
4945
30469
61865
3358
20596
156
55027
69393
63580
50792
12552
7910
61405
4978
37656
56592
31758
4250
46116
51072
75204
62999
59923
38786
72288
47491
29984
57535
52482
57313
67116
27232
38968
69686
56945
44773
48645
21324
11764
75102
71772
66884
15156
47148
5917
32709
74862
28401
35172
55685
53443
5089
7743
13545
17102
47466
48236
37009
51290
5736
41222
70375
63674
42900
45972
68252
60605
62202
30868
31850
54528
63919
36176
74940
31909
44743
58249
36393
76139
40113
32329
79718
16177
3530
10913
23935
77968
33428
21355
23956
31669
64895
76311
57388
48122
31004
27855
34385
78322
47776
35274
53042
20843
27556
36920
34389
6935
35375
35405
22009
46820
77922
41684
33453
61073
71936
59929
47724
14887
48190
40224
76506
52360
60911
47163
59400
81022
2415
80284
6994
42039
76926
20787
12992
67458
30163
65658
70985
37568
76074
72468
61742
202
14798
34489
12804
2814
52963
82466
69185
51661
17556
24987
50532
29052
53016
48881
12439
77123
32877
63705
14768
40030
65974
37719
36880
79368
24611
78055
54463
77567
42832
10595
57260
11061
18213
80792
33001
53405
58414
14633
74723
12525
63066
30620
29389
78071
81473
74676
74742
568
46560
42885
1073
81465
45053
6612
77206
71163
12361
22395
76288
22813
176
6972
41024
78179
45424
56265
24170
75269
30551
44308
36487
81732
15196
56249
57321
31395
64881
17445
13436
7854
23419
41411
18604
7829
28788
29110
50138
1881
69636
68996
30062
21933
62107
77766
68695
79119
61156
898
68235
54798
54396
27719
40872
60765
31307
75355
16504
56030
28736
21988
70517
69922
39088
73555
31203
34782
2086
42254
70564
66774
23142
33054
80718
25422
77657
37036
17411
50767
12234
65755
15418
48600
41119
70905
81488
77935
71573
80876
28459
1253
71321
56619
44820
31214
51120
46106
17668
81206
27105
63328
69960
10900
67796
65586
22021
40169
47754
26636
6595
77077
14732
43873
77692
4644
74204
50936
80565
15002
66824
24485
19754
80837
37648
79377
64147
78286
48462
25997
43082
58423
31165
30014
80726
40860
3092
61490
32681
68721
10707
78361
38421
699
41408
8391
62893
71075
70854
12164
81636
70329
78232
78512
61900
80409
27054
13942
27376
26861
78796
68765
79677
44351
30478
36242
67257
44719
71612
36112
3904
59586
12116
57721
49765
44081
77343
25413
68630
57822
31553
79583
62302
51558
24493
10309
32163
55952
35604
47304
43592
39947
76750
19957
63593
55490
45646
28513
50738
17674
49040
62784
28811
78872
16828
74767
19550
59435
46684
76820
72670
30817
71216
70689
15098
38522
3292
19331
10884
5220
30174
39349
17131
70883
73251
18157
37145
25092
41772
22124
27395
26218
71771
80562
21288
4617
13229
15552
64339
8202
72343
54655
51657
12482
28264
30182
65868
26352
72431
76889
44567
46764
71639
62495
27186
26776
28335
46689
60138
11386
41785
46475
78171
15452
31993
26264
18392
53595
6599
79029
37847
80028
27247
10965
44446
9694
43528
25747
3010
13001
61044
11301
30599
80734
63281
6627
46032
23759
57423
52949
19860
79194
63949
27120
28308
57482
11653
11197
77314
2190
46124
62490
52540
65970
77956
71491
35075
50919
69442
80030
52637
80246
10271
47102
74015
15704
80074
58378
70148
37679
68808
66117
16565
65579
8971
3075
80038
27621
79410
32508
81538
79861
22910
39321
63192
62212
32010
45764
28874
45857
49830
69870
23360
55633
35585
14259
7792
51116
25902
32497
62391
28125
80530
75525
79821
30659
38138
68608
22601
48370
80387
70356
63915
64342
43323
66751
18452
33129
79994
45511
61269
60089
24290
65680
75667
6336
45376
8854
13182
63599
16985
2657
29021
50267
49423
22226
36733
46916
62765
71113
7893
21945
66047
6563
30741
56437
8929
43150
63010
77529
21681
12659
47093
54137
80031
44553
47359
11441
7919
35984
42963
835
78239
3978
57038
5653
50675
33029
11459
77086
75275
16377
34771
71748
27176
8638
44655
47227
66589
49704
24783
713
31081
45320
56010
40562
8173
15905
18714
76712
79057
36166
17553
70091
57713
18901
17412
3526
46143
5666
73280
48075
1560
35614
27617
50541
64370
51249
25442
49509
72328
53379
50137
60455
41753
42307
54555
62010
50041
65106
56642
48362
37213
76186
19934
52188
5395
27237
14219
70604
23898
30604
25324
38593
37730
2111
25388
38778
65306
8878
81669
19841
29410
66376
33067
50372
34643
45062
2407
13230
39844
17153
27673
66083
23546
27663
56910
35215
19033
24230
55003
47733
77392
62681
17719
17586
63798
9675
2907
60517
74327
9044
49977
27477
29061
18702
58118
52326
11406
75112
57071
46506
19329
76752
30000
11172
13482
67638
52689
19606
15811
39650
10949
46893
62411
61880
60027
64922
7958
46304
64485
61839
68659
80739
58955
2623
70006
22751
16654
41476
30271
39953
9204
69569
22069
78411
16522
27968
65503
12694
32657
78110
73180
23739
25023
38631
41027
77042
53761
33877
39678
14872
16319
79873
38934
76791
5202
21382
63211
17989
2316
25203
39768
1782
47798
821
1640
39522
54321
24606
81573
63881
78459
74986
36290
41143
65564
2688
79504
8530
67974
67154
25099
39554
5674
36640
28086
39052
49872
42849
22709
40414
5212
63169
23827
68678
58785
29575
8277
15154
7335
18027
40566
2943
20347
46772
364
30186
6429
47527
65854
47851
29515
37271
1777
34919
41126
17904
33968
68569
51348
14350
58207
47063
34606
16179
44205
57440
70430
75225
38177
8469
37873
52473
42226
82336
22268
72717
72894
79920
56117
79588
42992
34690
6919
45538
76602
36903
18674
35925
23293
32947
24639
2321
41398
73896
8800
47266
79168
58345
52118
44097
73697
39063
40892
60114
77465
50951
58814
43297
5116
17135
1992
41794
79638
80651
8614
55230
805
3716
67322
76421
71718
55894
13276
1625
35259
45519
64814
76253
74007
76363
78666
68495
74113
4017
80964
61002
46914
13987
50655
68022
79736
77661
81581
26054
50051
46068
27586
31963
42187
72676
74095
74282
72403
60438
5843
50334
23586
41247
39865
20358
63189
66249
6070
77284
66578
51887
46627
52993
30228
29212
16585
63357
75841
747
39753
60191
4821
5890
44946
37579
79755
35310
10066
1980
68764
55606
81705
27773
61205
6259
33098
15442
75416
25503
31219
34756
70543
46887
37554
3281
77749
55286
31251
19996
65751
64081
50680
33240
78260
28175
75954
37033
32020
22280
24121
21315
46429
38817
74318
53066
35952
77841
40982
52356
7123
73507
64848
20113
16620
64415
53519
8080
68045
34761
9194
33517
32721
12320
65052
23383
34346
37746
66389
56024
42603
66260
8284
9361
31950
26831
5822
31864
16384
19683
31148
76783
67457
2906
39049
27744
29073
10234
73967
37044
28979
69942
58185
70029
79006
6424
79727
47285
6499
78503
23467
3729
34117
71065
9937
19534
75444
4707
11941
72674
451
5022
79216
78296
53686
39848
23132
54132
70836
72131
14103
55964
61663
7967
53990
34398
29826
45347
39676
78852
69927
34549
50170
75195
54763
144
68917
79577
586
36567
39861
52563
66070
41340
73112
9255
66994
59483
43761
42201
47793
33702
45142
37290
68038
29912
19080
36909
14606
40324
34521
54965
55621
27788
80161
74609
37456
28855
16999
56560
45219
21006
16448
48019
19516
26814
2134
73898
13713
38540
73255
31245
19602
60782
44801
34126
29605
22447
2297
80093
26730
9270
77367
65830
14616
47639
35383
6318
33694
31024
53346
47629
43
16902
62590
54198
5104
9183
64239
79305
69457
48824
5619
29466
49266
60991
43187
59541
50619
1609
78333
28309
70028
39502
30369
24925
49466
40758
58852
80592
31282
73760
27214
82
30387
41424
50086
61951
39264
29394
23676
32476
27738
76337
5401
75665
62190
3939
75027
52979
57113
26093
2552
81254
64084
27697
27386
5769
51415
44731
8542
46715
68903
71402
77225
78013
26366
97
10133
71023
42049
71132
68544
32725
64014
39241
74237
16722
45350
43848
35978
65828
32986
8683
11968
44864
72836
51308
13306
58608
20813
66551
81298
73296
3771
12692
29272
38007
42473
26656
8359
11070
62293
15094
52956
3828
35448
61522
22047
14826
31016
40405
47169
59902
43754
7771
66473
61796
76816
78382
21585
55185
14689
33757
727
33228
19219
20555
68076
27890
24149
14295
35593
51070
19986
62092
61587
11478
26900
14021
69315
47875
26175
37894
1036
72418
78254
5594
8383
70049
53847
69931
55480
33496
59922
60371
16849
67799
46649
73313
81995
46049
57910
23856
49473
68815
36741
47363
27558
4482
8105
80115
17144
60684
28924
11572
13246
20724
41862
65911
65989
6193
7420
47389
50100
74148
71377
16341
18950
51714
56517
13776
8565
70679
46881
70763
63117
61904
3694
4179
66170
38826
63720
19540
82506
65093
61708
74959
26468
50002
11867
57989
52133
3458
30314
48501
24416
5239
21418
70787
20525
75315
67398
27574
16424
6349
38469
54498
50010
4509
59968
44781
23012
73184
51309
58037
38401
56602
48188
22159
37751
45286
26226
26770
38885
58938
71207
53796
65668
19162
78693
22141
34562
77369
36811
1332
52672
81170
43275
47834
33675
20547
49626
33912
33283
72696
29639
58486
73936
57488
72329
39262
58966
9173
36975
5871
23625
50055
5584
74561
42871
11249
63777
29312
39937
7799
65949
56579
42477
53946
33851
6565
68132
71503
66225
63584
18675
65071
1702
6569
12570
80251
75723
45069
16449
11138
61011
19618
44682
52922
29181
47836
56124
71470
54562
52123
73252
63205
52085
15633
36669
54061
37967
26870
57866
67710
75404
19131
71944
41168
7844
79399
38639
28433
299
68834
16301
62948
623
70179
55114
43750
61117
77325
57503
29571
11315
9505
13582
72804
42695
47170
10057
72954
6931
42877
73069
82439
58434
7490
69908
14646
52140
53562
66569
68872
7721
57152
40870
33858
73580
20284
20330
62894
68626
47472
35146
57510
54749
75889
74479
46289
61940
51371
78450
73220
80292
9022
22333
404
14465
8169
31777
75657
25289
61563
69152
15808
13640
15543
38064
8649
58710
10438
54148
48141
76301
2643
71475
48534
66030
79967
39698
54332
78034
78741
67984
22963
38481
67145
55552
3423
71678
26650
65677
21919
28245
44513
38157
72455
22798
32585
9826
9284
43954
73626
77415
77359
11240
26692
29237
46055
8959
1882
9188
72241
50877
51479
24374
53219
76642
34712
26401
54848
79712
37867
73713
44537
57683
17920
53665
79501
22758
47725
36340
12088
9791
34316
71598
74747
74924
1022
39408
48469
77379
60036
58825
35897
51088
22168
50277
47085
39812
54054
4747
31043
42782
41912
51213
40936
72983
65616
39734
61350
9434
44206
54919
26766
31355
73404
16486
56122
62368
31158
37186
62562
74058
49203
50747
24254
7611
17326
4065
2198
28493
17992
15677
77191
13367
6308
1835
81773
59044
64352
63608
65025
72095
10898
68242
62236
74104
33751
23915
25244
71050
29187
73631
3671
42655
33538
6246
53436
15503
56825
70088
8012
52544
7425
60845
41844
61890
41795
49218
78816
64792
62628
65836
46352
67738
2440
35739
36072
9304
36441
74091
63041
81558
68119
75289
66307
71312
59153
17771
41418
57748
51051
71406
9016
21529
65570
79866
104
54843
62433
27463
66419
50753
51555
17242
9127
57699
40136
6008
53782
19027
45170
49923
7924
67023
29877
48566
2760
49536
26839
59035
75576
67973
61835
71479
14138
40333
55179
54876
82499
52833
30643
43725
59937
12081
72386
76218
68435
8708
40730
7870
79819
815
14847
79477
74933
40483
48852
47745
63247
75979
48171
81651
75158
5384
57574
47632
4236
5404
29947
63303
72924
66512
52353
39603
80377
11804
27320
73151
19005
71829
42266
42578
36221
56551
17785
39969
76270
74774
33057
21473
46549
9886
38958
17948
40260
74639
52632
61726
72998
22539
78489
39770
44934
43183
65404
57899
80650
61027
72025
61007
80301
42458
81246
66101
77559
74694
19153
81349
38724
19625
67562
34785
71915
3308
50568
61135
21895
80471
71172
79229
9510
8551
32731
62045
43552
40968
47237
36161
40626
25529
70680
7451
50973
60842
64822
21604
57531
69651
36414
46070
15662
58626
6840
34874
40843
30429
49415
18014
43334
13856
16260
22402
38680
13008
16459
1786
44359
13414
21763
62164
82184
56402
64932
33925
43486
28017
75014
73205
60259
78313
23476
393
55228
35557
67599
17466
46351
71155
11783
68001
37246
56185
59936
58099
82500
65702
21791
34424
67383
51948
32795
887
57973
12079
48995
289
27261
11944
40524
38624
70383
52696
51406
75253
47182
7629
71968
18036
4648
63838
71885
33204
20379
52454
41243
20947
22344
39354
48245
80361
16159
35112
78912
72638
44074
55201
43046
43222
18682
16772
9545
23774
15479
8017
25473
30730
718
51975
532
63466
82298
17368
68578
80866
6166
51180
74828
7667
66933
61516
7620
72907
73657
34007
75214
8765
17354
40596
67479
23874
52611
29143
45649
55665
5981
42995
35271
24074
37126
59172
74088
624
50645
27057
13657
49736
48080
7560
42419
70657
54630
15164
64912
76499
48919
20459
69524
19773
33784
36999
69286
6713
22926
22117
25103
33794
37520
30413
75464
6803
75559
12314
25034
67543
68929
44356
42076
68774
39031
49911
10514
37694
14710
32049
19108
36608
42114
68355
56004
12815
35397
66644
71775
65797
27410
41732
62873
55738
58190
69591
49847
38383
81136
64427
19169
30856
67408
45102
27570
78941
56541
64002
54090
72515
76520
62039
58743
15849
50850
23051
21581
21110
28618
24937
16438
78620
69302
50625
36723
3084
21490
79503
66889
52457
4515
75149
8902
14334
1542
5950
40133
71817
49068
50152
46042
66185
51313
37293
37914
74109
14867
64965
69225
14088
11231
13090
9741
12470
34824
9383
53324
65675
40707
37707
39389
34890
8371
12429
72841
11859
46868
56496
79553
65037
8240
23697
24038
51269
41217
25938
75280
31211
73843
17394
39991
36936
67442
64524
82403
32929
60856
81807
43916
59776
81040
77683
71370
71652
37677
44880
19199
69445
37350
63587
1216
57198
80536
73970
61213
72125
81926
33022
56032
64406
69758
49126
16894
11032
18261
72655
76458
7098
77824
24001
44242
46490
44163
80575
59653
64858
59673
76096
33356
31998
6073
53334
62210
59867
68373
73535
32562
37929
44527
77636
68128
12761
21666
75338
27940
9372
66349
61504
5122
58634
54998
59154
1212
62931
74293
38756
7751
41463
62300
44243
3078
17177
32770
47175
64593
17121
8762
70086
42338
12340
73796
39660
34949
70961
24599
47583
56956
63794
79636
58716
28699
69267
28896
43443
66746
26484
74418
68266
490
48560
42674
11397
34912
47785
38537
19233
60958
25393
80256
60868
22512
65859
672
18499
61229
107
11745
48447
76298
53170
38353
36228
59299
57251
81179
74778
79131
54694
3959
43923
24214
78609
56455
51449
66910
34853
33895
54078
17622
4797
46153
31831
5373
65398
20802
30994
27020
17334
27931
21788
15916
27127
81003
48303
1301
73666
60581
31231
9628
22252
7145
29133
67773
21173
23814
17596
52995
23574
18245
76921
21397
26171
71656
14573
51625
15087
78387
51984
79187
82519
7067
60293
76110
25835
79837
66876
60318
917
23363
16012
9387
62842
58753
1602
62657
42565
55847
37418
82253
48004
13263
19059
16160
48683
72910
2104
23158
44931
49958
80059
50716
35827
18434
42947
4822
51832
43635
63235
29328
41928
7295
18934
54387
69503
82087
73643
5270
78811
71873
20699
14402
18134
66288
60738
15116
42595
42168
75055
31579
5295
25221
14169
48210
8315
70767
12030
25541
14267
22859
78903
79693
67163
10382
51283
35251
31479
3161
64040
46910
53047
73826
13429
65060
44093
46435
20484
32428
67855
51784
48766
77109
75240
10797
45049
34683
10186
50118
24257
19349
70723
8221
34362
23408
75923
51713
39564
39487
49816
11908
9763
62956
36115
65698
74584
72306
76189
43104
41598
79040
52240
18031
43959
48381
9034
1201
78762
44123
40761
46253
77705
70863
38048
8774
72074
61991
8987
29209
65544
12780
8183
6897
75188
40196
24793
52721
37281
29974
9059
78378
39426
56486
6272
5557
50031
48797
70668
9828
2180
23398
37955
31755
10485
40336
74841
66301
7173
8752
51973
30059
78566
24048
51402
77698
30633
21864
60564
5639
12956
71532
74569
44711
65551
33532
11720
5257
77738
33211
35089
78715
19476
51027
24141
18175
66637
63637
64748
63563
64570
37120
49882
5542
20625
539
59668
65266
15192
55237
10436
82240
59427
18471
8321
33972
20408
15791
46927
30963
3540
30152
65711
29771
78675
60390
72916
22789
49727
75383
25606
70469
65055
14676
15012
44619
16531
54582
74783
81145
16888
3803
51519
54097
27976
2195
2065
19224
16680
70069
39183
25730
63421
7035
67894
21088
58284
70477
25337
64531
13108
34736
56813
45548
7406
34855
70669
53440
63695
47116
7115
49326
5755
52127
9989
7816
8345
13125
72261
66782
3638
20148
30360
65408
12305
50065
67744
67019
45566
60201
59285
20046
75677
67196
8067
36814
68616
2116
62571
60108
47288
42206
4689
567
45806
82550
60389
34285
10571
37066
10523
48283
71717
59939
18723
53504
81397
61067
68148
35149
18944
6094
36122
28649
8679
25182
6135
55757
77875
40083
59118
3901
76861
27866
76121
55238
5575
73819
13767
70167
621
74591
79434
32057
78475
18891
18693
7436
35306
45261
75883
51855
54238
50842
73419
57492
9393
79542
69779
643
66113
6610
7589
69510
45561
72159
46965
70487
37558
74688
12366
27892
39272
76790
17747
2527
10096
60216
31284
39744
16104
55056
63431
74436
51321
47982
16809
30218
9922
81517
40670
4194
2932
36090
47252
40
29222
2211
21856
34673
11037
18974
16408
73701
36260
46941
23042
25933
15327
11874
52369
5522
15249
81649
28548
67879
52342
57947
38129
37302
35513
4895
30083
47694
11253
63083
10943
9731
43856
23914
47597
13998
54647
9682
59642
36297
7293
72828
3988
59514
66842
46896
45247
21070
30888
43949
72630
79252
57462
23253
9021
59807
63355
24093
66833
52119
208
16349
42398
42434
81947
5862
8691
49105
77384
58897
49779
6926
15770
21459
24728
23632
22960
47670
6752
42426
75797
45618
1538
48183
1975
17686
17235
52013
18187
20647
29109
25879
13256
6289
12103
14817
2787
30843
24354
9332
41262
67510
58218
15836
64650
71201
8172
26450
73445
32183
49051
29548
3492
64196
59215
72485
55938
4245
48324
1931
39036
64757
46278
21921
80229
59985
9869
60572
37467
67795
31028
36828
36890
34983
44633
192
678
21797
9419
22317
67329
21387
48642
79802
48628
6421
32535
2785
4257
76807
57628
32176
80898
7161
81764
81122
74233
13739
35486
40225
36750
19937
23102
75687
37640
21133
35533
61916
48024
13929
78990
28290
47633
66872
76304
68739
26298
66059
10005
73001
32086
16117
52709
628
15416
3273
56779
24097
66110
52581
62824
71563
1340
22214
34250
48143
49641
79928
33748
36502
66931
57390
3122
73196
9278
71021
73814
80988
24686
82055
56751
43459
69213
25347
67144
67547
2898
70043
62174
61965
45137
67872
25771
65896
39975
71304
29489
6500
67721
71698
72446
75429
52277
78007
65921
746
5165
1575
71184
29127
58004
38668
19243
80712
62405
55536
54275
41009
27171
17252
17427
10627
19527
82032
81987
10380
18662
34637
59824
37536
1982
44366
80001
51793
56259
8011
17729
56049
26115
82272
32366
69417
37002
10077
44372
26432
76211
19110
7621
72232
68987
47706
19299
376
27181
79083
44496
62205
19678
53250
79946
29082
60076
40093
26695
35431
27952
49148
41235
51053
38431
22550
68683
47420
78650
49261
3378
18848
56869
32672
72800
39363
16281
77783
51078
49047
494
67832
29946
13419
48976
33335
66093
67755
14411
55302
18984
33577
81634
1066
20650
2603
71651
51431
51219
54926
69485
4545
72816
80171
38017
54411
61560
69604
38648
56031
788
30266
70737
55456
35989
44693
24675
14294
19632
52269
42238
32495
51596
41394
6907
37149
43632
31298
33992
38158
57734
74161
58090
70417
58293
11649
18722
31699
56537
26949
65026
70142
56363
4466
20252
56328
33308
18853
62547
64117
81034
18299
24906
62275
64617
46864
78370
60321
41068
22450
56917
23623
70107
19744
39913
22229
64321
35634
63080
40278
10288
11217
2779
18966
3217
7784
57426
36801
61369
49686
58953
1551
21965
63456
2052
70819
16548
37972
82269
9800
5152
19370
38215
47524
12652
75364
21128
77246
36964
62136
71254
50252
78292
22138
27828
18928
25956
48816
68707
9527
7283
71369
22805
20023
53385
72753
57004
65493
39343
26102
60472
13461
37669
13060
62457
13191
16914
66139
47350
52108
9483
17864
57018
38040
25053
79661
40395
43310
2652
68192
51331
39503
28536
58793
4988
57610
33730
66990
29799
38223
31364
5036
44989
46539
66218
73780
34160
73503
43583
21979
11640
40112
4918
68032
7884
73853
48656
70501
262
49432
30058
71914
50395
19321
37799
33597
65915
31766
43166
21157
841
67911
54250
54719
62206
42798
4790
40185
34353
30252
51442
20588
24462
20777
80367
26129
41742
37716
78586
62513
6198
64309
78791
44363
65743
67278
61735
30011
67183
18776
62862
81317
28037
49866
22874
22081
67147
58828
51484
62526
48567
9462
16972
154
55887
65358
46297
14750
67172
72143
70939
69043
81966
8222
49554
59658
78506
70352
60487
5459
72581
77395
15753
1305
45019
67289
34288
35997
70772
58298
9174
7473
77638
1446
49789
62314
71788
781
31430
68400
54598
72729
3917
42987
44173
70234
64786
7925
17780
44857
57902
30681
16286
79105
45705
68760
21182
71432
12093
38058
30268
21143
63730
80657
52761
93
59289
78017
8580
31724
20446
3226
22547
75411
25470
60773
71629
11597
14543
9872
1804
81129
80188
10754
45860
12515
14964
53841
14311
35965
50611
58565
73034
35213
3553
20185
17761
38249
20445
66905
44814
55398
1713
24288
58569
58108
11934
25012
3838
49573
18337
25243
55226
10080
24055
60086
22423
31531
36024
63683
13868
79145
34301
47612
74425
15708
70697
11701
53970
43765
34467
3969
28596
4269
59348
22325
75637
27724
75284
63926
54331
60977
46990
6649
71045
11020
38834
75733
79306
22828
66895
15944
2804
38806
35792
72138
76532
79624
64556
56564
67467
65074
42957
40774
39840
46404
23927
45330
31061
58140
12884
21935
9706
51392
34741
15174
75065
62090
77642
31012
11564
66042
7314
56719
67520
12194
21415
7477
11288
17961
70754
26011
38002
28319
42830
47145
80422
61377
35332
71093
55100
7352
6831
6107
7693
24574
33120
23030
78554
7996
5147
29261
76393
72668
37019
11519
75534
53307
11190
47972
55557
33987
73172
20810
52006
48334
5611
36904
25548
3781
35643
25299
46047
52499
46976
54846
3910
18142
5836
21912
17583
47125
74993
46368
24525
8422
80207
11886
68184
74792
37406
59915
61595
44335
51840
37318
28013
61771
35223
24204
2845
76025
19688
25466
39549
67299
24887
13028
34270
82409
8074
7187
16645
30249
63143
55977
66175
57653
27864
1582
72347
6786
14357
65861
6252
74576
67334
60217
7392
78654
71720
45251
67786
64914
2329
61437
18448
32540
55907
38261
60057
8997
73145
35654
43480
65036
35853
41284
68685
16135
77778
55242
18005
24707
31030
45969
23438
59814
64941
16496
12084
42707
29377
55509
79269
13512
53809
54775
128
1402
15611
53477
54674
41880
73858
19191
40708
1679
66767
59467
34388
68505
47489
58213
31969
4780
53077
69664
23747
73765
46091
511
77008
12707
69506
49846
31813
77912
7752
19134
63536
27614
35003
10358
37254
72256
62130
25648
76146
69679
28519
17228
5500
7373
36612
14746
61173
5142
46766
80257
30259
56120
44183
24575
54708
37599
76586
8432
33259
68081
66026
21709
37775
78186
40075
25332
10553
34843
71125
34797
9915
28482
16041
67212
33378
24190
51227
71482
22576
37668
1801
61872
6463
7454
53773
35755
21350
68345
33261
20546
34988
60568
40884
11626
3115
47758
18709
15245
69275
24071
45947
62703
52344
13736
64860
71799
18926
10488
10118
62479
77893
53403
46024
69749
50730
14625
38736
1452
8778
33005
46244
28301
15323
3891
28961
48610
81149
15211
68165
63887
42365
9047
30416
33502
47230
50225
73940
69163
36367
62902
62909
77595
38521
5959
58261
46597
8299
65375
51686
49481
25156
73903
43786
13583
46191
35134
69850
81160
66434
80013
64766
10443
12537
34241
80349
24873
8287
79777
62747
78957
1968
40387
23308
47399
17522
45482
24826
67066
76321
8038
7642
77495
24697
50953
33726
32189
31573
2523
7361
31440
32748
41193
69322
16571
71739
2235
23390
65150
39251
54326
12219
80216
69194
48530
35757
8266
50390
41146
20536
13320
4885
37155
4420
6859
76241
81872
21203
8340
8980
81074
45883
51336
25644
17931
34513
79295
68602
5197
21831
4996
56156
11210
61715
25109
54214
34854
81683
38020
72221
80913
7715
80681
79314
11864
49192
31554
16002
49349
31376
69890
19916
69837
69843
23340
44670
24088
21343
58509
68509
80206
19999
16907
21257
18641
36473
14637
3173
18221
26032
80148
19443
3105
49566
77531
82186
78277
48253
13682
2472
49001
4043
47317
16296
29704
50495
13454
53209
64203
52132
41348
6885
19042
18750
70224
67758
35157
37573
39298
48929
26254
5120
77425
25174
2666
31126
8355
50826
7540
73770
71973
29245
45035
17828
48877
636
32330
75784
49199
28559
45175
49083
10252
64326
12565
3101
24144
40404
13390
80759
11126
32169
44521
57447
32442
56408
31887
17950
53341
67202
62704
79685
65870
19474
63504
66705
13595
63655
51509
74172
23910
42467
64175
63491
76370
79275
30180
59596
24341
1845
18650
20633
8612
49917
53548
20163
14185
76340
8156
8048
29031
9149
22598
26522
75850
18798
59548
11801
48098
79
17971
58726
31882
15028
36954
68049
65767
52438
69065
61225
53291
57965
7980
1747
22384
38307
27765
33311
374
25947
11703
36456
45057
72058
58158
72993
73857
59176
34133
1429
74225
53139
54215
17940
23984
24864
15936
16178
12179
33729
9502
56749
63131
43479
49111
55440
67830
30881
18380
33686
25272
76657
64222
65448
35308
73301
62980
18509
48371
82076
23373
31805
69294
78618
21782
33841
50043
11014
25580
76063
38801
2514
4450
81454
45967
62816
20970
56938
80950
1194
77032
8238
55528
41845
39161
6945
72599
41322
39854
68111
82178
34237
307
65193
20236
25758
31192
8827
31810
36725
67073
9249
40496
65599
26884
36404
36761
48288
28889
80050
581
76171
2121
49601
32306
74632
38908
54135
9218
51100
39492
49031
11984
31136
54882
78927
54473
59512
70122
39229
49157
2769
5977
3106
13468
9297
63496
59564
44317
72427
19013
79514
51523
61577
2466
59697
5012
47825
66949
60896
13490
11294
70096
76614
65890
71084
16355
12054
34508
13375
873
275
68837
40746
29217
4781
29895
4418
51828
8788
23462
39513
9118
16425
66326
4253
6281
59513
30827
4320
66979
1045
36927
56744
54642
80551
46114
47882
6439
37617
74855
71342
8895
26184
38532
30920
42044
80865
16852
7597
58804
37759
68675
25000
53302
68757
51370
43503
12317
70514
81813
3628
55046
20913
82257
81264
77260
36376
17573
55731
55572
28504
81012
8693
34168
65583
13219
25038
31825
24798
60362
18648
30792
40854
12462
41562
39813
53017
37103
40131
56513
74805
58049
68646
44277
77549
61913
60555
20737
54086
4099
40557
27965
40651
47515
10044
60178
5233
62888
72362
34501
54807
61340
65516
79637
75512
58239
59345
4620
74153
58667
64180
51866
51245
577
10736
26236
64466
54081
80547
67390
73388
15037
27301
70078
5723
11276
5360
26069
22232
12638
26628
66394
62674
69874
69815
45301
66237
39289
16848
29683
82046
55771
79346
3338
67025
15884
28569
19974
43031
63265
8115
10851
51115
45659
25455
6749
54709
26147
969
51026
49048
42767
81938
63036
28971
23707
78866
55010
27921
58473
69915
23276
80907
40925
70019
57096
16457
43846
80744
40905
45093
78629
70328
42290
25283
71663
42681
66507
42389
44098
29228
3063
64242
76799
31522
68825
65988
48114
22411
11671
81855
21276
63861
8858
64598
76060
59876
69433
66845
43755
30240
56965
59745
79602
77299
75581
17387
71241
76826
65721
19017
36106
18177
23453
72500
39431
60720
56359
30892
77863
7876
25534
72736
12744
64078
35416
73545
52076
121
38608
46840
5476
18086
81697
19279
47923
23321
31643
24956
46827
68713
45245
57185
6301
32821
4041
57879
77443
67953
14526
37662
22263
24880
43095
37829
37898
22203
9050
71282
43591
50524
28126
26714
6101
71362
24738
47323
67842
34815
25251
71616
22806
75061
19989
1252
34047
1234
37852
27422
63201
73700
46216
25356
74926
34195
39573
53463
2854
60527
82005
9604
72222
79889
65729
8408
79240
66634
81594
76848
6799
10849
78492
72596
11693
16203
35396
30526
29097
5031
17089
73794
13847
78065
4474
16960
52779
25701
81690
67400
17291
31599
11136
45624
74667
15701
59967
55436
5199
56443
14568
68501
70917
7055
42264
74769
29416
17296
46133
46363
66927
35769
50578
60348
50653
19462
77851
22089
55129
62196
82373
26945
73288
6740
59723
40963
25866
62436
46480
27393
57562
53987
76744
53274
17877
42160
34213
74868
14593
10999
68639
25479
52180
11708
15687
30406
77537
25383
954
74997
80138
71031
21619
4511
45669
71273
4000
17663
27813
68876
66715
66913
40456
75012
30721
30821
37276
19663
67444
79112
17477
8837
55899
66955
4290
26290
33293
60531
37460
57840
8196
26136
19420
62695
55462
44971
20767
26263
55317
61928
31662
59002
52143
4262
763
52038
12994
76174
63179
21446
5460
51381
74735
6032
70182
44054
8047
27068
50799
2044
46468
29221
17399
1317
60725
34198
25627
7121
52616
79626
50688
8894
37368
65155
72102
33646
7463
2331
60306
21618
15917
69351
9288
56835
67175
38318
8629
56419
7087
15216
70363
8595
2150
80442
12930
62720
40176
22870
14918
46389
14641
77235
1056
39440
68559
59958
1556
19901
13127
50079
41427
77943
37130
17446
21308
12450
43400
47731
69924
14807
49413
53299
44453
70930
46283
18514
40215
21109
44752
2559
60806
23712
25982
40315
66863
45843
12701
33982
19716
14027
65096
69382
31474
20683
28465
27552
35834
61808
49631
5852
3560
63749
69474
12376
80914
62794
25196
56164
26281
27782
29550
11367
69087
17270
74402
76151
52937
23806
81335
29199
70647
18460
66075
1244
10431
82066
13568
17816
51024
2608
43936
5502
64031
71535
58537
13266
61727
51159
50133
17487
53283
38822
33715
43354
14012
20863
35809
17146
16363
17844
24406
66036
5301
58877
51163
29494
5319
22536
26786
75660
50931
18828
71766
36184
73324
45889
25921
65225
74596
57894
76082
11520
37743
29781
77240
38148
57491
27680
12615
44958
64295
6572
46526
57829
26822
4159
627
4121
74557
59993
66031
44395
53964
70437
49424
49707
60749
8571
65099
73160
29614
24249
7007
17912
60826
17847
7906
20531
62256
79141
9633
27587
36229
8208
43469
57396
3137
26963
62713
25216
25207
30644
24244
5448
4586
69200
45904
36293
5248
3708
29843
14065
13362
14586
17079
4541
76555
45535
30385
19119
34865
33487
72645
4210
41160
23838
51164
34561
81736
63403
3509
12607
57041
2275
9033
80196
43714
57432
9844
13592
6821
13446
30205
62246
37488
44101
41800
72237
76038
27729
79020
43268
79793
60459
73254
10889
48618
33343
42346
50870
19574
57109
26403
20943
58887
14430
29644
63122
19437
63960
31789
33079
81027
64287
11546
14907
22566
72745
60853
43347
79975
52173
80922
35470
76472
55071
16994
15574
22165
31422
78783
39151
24453
9892
61163
68335
37396
68555
59451
37607
10616
26085
78777
14231
30754
47108
28302
20958
35384
66269
48194
73729
44952
67561
77658
57166
27115
75643
46003
78470
58441
31701
81000
23733
48123
68203
70963
27084
64945
60987
8059
25852
13025
33144
22684
38776
62285
21376
15073
37082
82224
42179
58270
41762
16897
29903
78123
37795
26529
35040
49177
50190
36522
7088
73661
772
53383
6330
54303
49
52293
4533
9019
61623
40140
51326
27485
4432
10242
63998
3020
9096
65407
68601
10541
22011
80167
4774
17187
29651
43567
5486
80132
25478
21656
5969
54173
81492
40718
68414
39197
34675
28090
40897
42130
49615
36274
48624
36492
15120
79178
58300
22040
59725
35819
30813
59886
14378
36158
65457
15954
4153
18573
32075
3760
8430
16215
57342
71295
37027
65790
66696
39733
38772
62504
51912
67863
60367
19921
80707
51571
17319
2693
44374
44265
81239
11688
18078
60272
63952
75389
25126
9622
62734
73663
37042
46618
42111
36080
61781
10639
46607
34700
58942
23798
30984
74913
7023
54481
11835
44212
33902
62859
42536
48987
17497
11581
15058
36748
9009
25912
51169
32070
43188
67079
11980
8147
14828
64642
55146
19459
40584
31069
40515
46469
42525
31463
60672
43096
38759
78062
38094
67132
65116
69577
12101
68299
22071
63784
63894
27472
24279
67610
10149
1292
65439
23789
14301
48133
32282
44322
25752
60238
1275
6453
13403
6056
47968
71784
78824
23786
43969
14484
1598
26875
13737
15525
56613
54543
55477
6412
35481
25567
17551
13835
52090
1855
80065
1865
65335
44563
75375
38124
43018
73645
36951
81754
39845
68522
50021
2971
21751
82450
14984
23426
11055
74776
42061
9676
18653
62555
77176
8364
74252
800
28711
47442
79549
25656
38615
64125
7402
32568
77016
4309
70773
16801
15434
22569
38264
66617
4170
47861
77630
32967
59610
59325
37569
36143
36559
29693
36033
52071
24317
3715
42582
11114
61193
35159
29803
66405
27448
59857
8847
71605
15359
66179
32603
9114
11308
19261
20108
1027
14806
61903
45599
20157
42974
37890
46668
17649
18202
58494
45500
76838
16196
59362
35118
29749
1735
74675
81908
44296
42558
11280
50425
19961
15895
77407
76528
7400
43367
11786
63572
22868
63427
40036
53927
64518
53739
59545
67089
40221
56347
67511
63291
55637
36989
21066
15998
51507
7778
27293
42721
34099
78899
78132
15130
44406
45656
62089
81378
41098
436
7567
67741
44365
40159
41339
9080
16624
17010
66103
6024
81723
23668
62601
55501
28553
16838
4756
75396
11876
61493
37928
46338
35780
19312
40303
7507
35646
58812
46496
19125
48660
77197
42402
40819
70914
12554
37108
72225
41997
14137
11644
35453
12460
12869
3210
964
63555
17060
41906
13675
70223
20831
23687
4402
6577
66729
1390
6583
54525
64424
7469
5217
43803
40719
75686
20784
69055
3191
41618
13415
80333
22173
4187
76430
22993
6744
40548
68107
11678
11507
21231
48374
37727
44591
12628
56195
11322
27643
4933
46398
69612
70797
7782
29321
16164
55822
55658
52557
16978
1585
19997
82400
15617
4135
54286
49820
60035
51254
1504
7535
39446
43053
75735
29296
2983
7494
27361
44301
8052
52465
44064
59907
73766
32847
54064
32383
26857
602
54311
18275
76514
24413
76868
62148
23233
63269
7860
76949
13015
58035
11389
3472
28341
60311
24988
37376
56449
77049
56239
57732
18399
62981
1783
10934
27805
6127
10690
8963
56285
26199
39098
78803
45270
50075
51738
36980
37594
25430
52210
44664
11338
80920
73355
77011
69181
18821
59849
21098
37858
33082
71525
47663
77758
18628
41486
44674
51005
8377
15472
28402
8602
3298
37427
79814
79333
33909
65971
30874
73747
76338
56633
5419
68286
62032
23055
33886
56563
38771
69224
65897
12888
74892
33477
71181
30782
9423
13984
22247
18755
61410
22440
23942
48726
1775
20928
34146
64282
31088
25512
23633
28365
30109
20605
15043
35022
32863
28823
29337
56126
27908
78776
66381
16265
62584
56130
32833
33711
1514
9241
64093
3778
9531
9614
4164
72958
14134
14910
59380
66291
67004
20915
62839
20978
62101
70434
71708
53680
6178
20388
55102
51755
54222
3702
38104
21962
40350
31326
28883
26473
26194
62557
21322
23841
77266
2324
65613
38033
59786
41362
45848
80619
24180
15835
31076
64732
38847
26479
28451
58595
82104
58347
42685
52302
41865
30265
40798
934
76480
18389
61337
42891
61379
46100
15076
63271
12324
55447
14223
23641
16683
38950
46933
36342
26156
2819
27349
23077
43926
10404
71792
23272
68519
30649
38227
21931
12862
32509
17482
34627
60615
26595
45087
24488
64679
4508
28741
27076
45353
79313
33248
47376
41947
18326
80628
270
11380
76297
19859
41628
11850
17211
68849
6341
73092
73805
22183
10483
13549
46456
36708
17039
71424
47974
42005
77288
15240
72281
55067
13895
41291
50908
20698
14779
28238
51720
60539
30248
26078
56739
28770
3437
10621
15508
69725
80542
36697
28825
1149
45771
22390
40643
10774
12389
10123
43374
10953
17513
63963
52445
37307
60833
59831
59766
49874
29892
79031
15294
22984
11094
80829
17887
73685
1156
80710
77713
58476
62519
11046
5381
36152
51645
9028
29869
41232
16295
28780
12794
75128
24399
80141
68371
73209
4612
41634
43799
22669
36195
72068
73667
2975
67540
81792
45437
19864
22342
12863
8175
50451
57589
77012
25990
28749
67401
58011
16373
61293
71688
67620
60207
24760
73723
4718
73100
5083
10474
38982
57932
28254
68375
20891
8137
79952
66107
55183
41869
4972
66256
52942
55631
68730
65899
50628
53473
4650
48314
65319
52159
77021
29726
65135
7581
31436
50343
21785
24107
165
43252
55061
53487
34698
26383
43383
40978
2271
25891
35663
19851
40352
16948
64274
75121
77097
33150
13579
61220
18110
1731
5759
39534
64702
50814
61834
49256
74830
30194
738
61694
20152
69246
79338
5626
77456
64304
37236
18530
45228
24436
41271
31977
3746
8083
9590
57214
384
135
2452
36856
61649
37783
82001
23256
18282
23541
18412
31753
81234
78915
16334
10975
2238
36134
297
18787
21400
69787
29006
50140
32420
21385
58876
12931
6546
41042
43742
76281
32594
20195
1824
13874
16309
18981
35774
759
78423
65244
81835
58582
12827
46324
12014
17932
69128
22663
79487
76123
27504
48742
16401
65485
52385
9657
45958
75969
76346
20576
32613
79905
45379
55799
22298
33819
32999
47887
54663
9690
30763
15397
64232
70681
24903
31773
17789
81463
26066
6514
18341
54939
10211
46173
23388
78166
17266
55958
32000
81876
60115
50670
1617
42300
1677
72372
65249
15850
1761
51668
17645
22133
21436
22606
28079
38084
60554
47190
63387
82567
71681
51803
40667
44842
47797
3755
28599
38180
4844
8706
67449
56306
33825
6426
14527
48226
18340
55134
15141
7824
14960
2682
42539
19307
43823
28645
9064
9465
77137
61290
75914
76463
54504
75593
72229
81892
80343
29589
65132
55018
68026
64977
11632
34762
76635
76880
37958
30559
25525
79936
31848
56202
71250
39967
24426
29014
7222
21627
23859
51654
45463
78785
68796
61889
60939
51237
46530
77400
63412
59555
60287
60510
80446
3364
64903
31454
28369
81107
37756
6505
17775
9390
63050
27006
65545
15547
5155
62653
22654
44287
45368
69759
57613
4167
17344
73731
24042
37013
37038
69580
69554
68959
55648
10828
63690
25372
43392
76925
73462
31300
71102
62809
46235
65294
75602
79570
32132
43557
62804
48818
41440
65298
38362
16367
62580
14972
74461
20079
79734
79065
44487
74755
48438
13334
6321
68862
59864
2812
36255
58540
12845
17958
4595
27999
61812
75130
24148
78710
20466
75212
37813
50928
9779
53467
48398
54401
79581
27370
49210
76987
23551
4839
60464
53493
78954
3435
17496
43077
40612
55980
44999
23213
25150
26398
60098
77196
47448
34408
25796
4768
57823
53729
34189
74906
1646
10244
79671
29674
77305
68580
10686
9859
82154
44734
51001
64942
73365
47931
39590
72209
2433
38604
265
42984
32239
54850
15150
55163
31516
38513
70561
48825
31256
8333
2639
78078
14775
2947
58233
39600
52379
35863
16875
32235
13397
45897
5423
39129
32294
78351
35831
79309
50974
32204
34182
52171
12071
54421
38947
51181
68362
8946
8008
32589
4381
73669
13704
10617
56097
52506
66619
27108
72289
59393
80220
27257
31273
26489
81482
28210
44506
37205
40351
45128
348
47080
66656
37496
64971
18652
60909
9979
22419
24334
32849
19881
59982
43900
48395
72196
61919
71333
29860
36334
52415
55960
43866
19096
48352
65792
60107
36784
57532
21616
4183
41572
36327
62868
48885
59718
31450
19505
51470
27315
52787
18225
48900
42482
59117
44825
10456
13891
82031
16737
49138
21291
43034
58029
77292
20456
6707
17766
64240
39188
80288
28008
7062
26518
79437
74473
49837
82462
13663
41372
58946
35469
26939
39456
48060
63797
77859
37096
82256
41592
2425
55413
15951
10587
60971
69770
56465
57010
10356
77840
65252
70730
1187
69391
23197
21246
38021
59410
39872
57105
80233
11872
40674
73053
11963
70553
9225
44923
64047
62015
37288
7572
46801
69108
42169
37073
57075
5377
40053
12238
17738
32871
61238
6119
62311
47008
13902
23116
5728
21499
71494
16434
36058
5682
41730
19014
25496
10509
2013
697
16059
33177
23627
26721
23819
12531
20216
25714
61725
53296
43490
54350
80936
61474
26915
52504
63742
76248
66363
16854
8567
29087
17361
12269
13559
6659
50551
24725
13754
42967
7681
53025
16126
19021
81299
70133
72153
22835
42383
4442
7564
42479
38825
81495
5985
4145
66592
42512
66311
17650
20868
35505
34847
19385
32959
26984
9599
17695
56604
4456
65471
44105
70823
36423
2986
18886
54612
32902
45876
20518
28391
45492
5813
8461
37325
52836
81388
2369
60409
47412
31381
29037
33553
37381
36851
28235
41725
56830
11279
30054
66720
53452
34280
1126
56851
79964
23521
17833
48632
49318
39009
36186
234
68205
56667
49402
11994
24550
6495
79163
5135
33519
45105
40505
66855
77833
2741
41822
60548
2594
59370
1104
9367
54153
80998
21613
9778
24505
61321
6384
62715
61750
59632
45727
69951
50322
72664
42026
30672
47848
11623
35746
53975
45066
845
48499
76736
27994
58255
58718
36709
9430
43316
79786
53039
80058
80109
51439
58679
32520
21839
3787
1907
26804
40312
21392
38298
22162
20747
45306
29355
14032
30010
42235
72874
20530
22315
81746
58720
59701
40698
81057
26176
68488
61510
69406
20435
8486
21155
31798
67362
61435
60883
61556
46733
59469
74147
2196
31541
56850
18256
14064
20691
35084
64184
14929
48490
79633
71786
56453
27103
74365
49668
3748
71154
39724
60331
75994
21545
20474
553
80155
60589
13485
60413
9559
2060
52191
63604
57639
3885
58256
63924
72216
28416
28244
51004
32361
15267
26240
64019
4443
27757
33762
77185
17004
14070
72900
73079
65746
38835
1334
42909
14600
27611
15277
5258
6420
49501
14093
31403
56781
14923
178
14274
42690
9415
7509
52478
62213
56992
69101
20876
23223
76093
3214
3609
48813
57190
51204
12924
26867
48549
74309
68063
75139
2862
52732
62475
79537
35662
67242
1690
39749
685
49817
7618
15106
5545
73564
35867
38698
68468
31417
19430
20839
69239
29980
21266
41689
3401
10369
27052
23111
38228
50286
51086
40322
67814
26912
70217
19494
9486
73374
81830
39106
15911
71387
14195
21106
53709
72860
41942
11591
49558
9928
17419
7819
10294
42319
63444
9344
25279
54760
64085
65432
28522
50088
25260
8276
33522
1485
25308
28442
50359
280
53458
32412
81678
61183
40964
8777
35421
60121
46959
81319
35495
15319
39740
10725
57710
35962
77188
69035
17112
36350
48732
43669
18775
31970
56312
48084
70526
60338
50901
21647
23736
16271
35369
73653
51199
16131
49720
19536
25069
23270
24779
81414
14969
29442
72802
81961
65165
4112
444
77205
18614
71859
56677
57941
50423
30352
78146
19666
62290
52745
64548
68454
4738
75422
17876
25677
73489
40527
57094
53625
47222
21907
43265
70386
36096
42149
50030
30066
71396
42140
8452
49945
15551
67584
57920
79292
52514
13287
59195
63226
14722
61056
11509
29930
38121
26273
81659
44114
75755
49974
62071
8033
74345
45936
53696
25197
27809
51898
37091
20357
29268
68471
79535
8506
6703
54000
30750
64688
22287
42246
53553
6483
29849
14330
8913
58128
37843
76267
16224
48892
64111
37571
9962
33161
69754
23560
1494
29965
48150
18361
56756
38862
24134
81273
30448
56391
72611
80416
47564
58868
67293
22558
65381
37194
39146
34619
14335
80509
63853
38861
82330
32677
47371
47311
52890
79401
63216
13220
26541
3235
37828
45676
78176
59386
74896
6681
39494
39897
430
36375
28160
13412
47259
49385
43738
52744
25345
12354
26975
60151
41921
31495
67501
22902
48724
66329
9957
36494
9440
51706
1771
42508
74485
7005
49007
32379
59000
12667
72451
24468
81307
22504
67061
67363
75293
69820
34599
27144
9306
13383
55615
63140
80102
74358
34657
67578
31352
47840
56876
52029
9950
50348
28842
44763
12144
25900
15024
5714
13519
28200
63936
61261
70076
45110
55790
43804
25119
65240
64445
24932
37702
57511
9714
10962
32113
43516
49928
48653
25029
81329
45684
37116
68749
5488
5564
82474
48013
47046
4296
32607
50824
44274
66808
38189
58169
7141
50656
43496
62941
59200
3664
18765
19040
33872
8748
34371
54204
76231
4393
49658
34203
5193
18539
10662
45576
7538
45040
60655
8166
21507
65082
5603
15370
80615
10928
38706
41934
4459
35463
75817
2257
3441
81959
65337
50884
11526
1179
10502
16673
73421
28608
29740
48184
64189
73010
65350
52061
23346
5110
12746
52139
60393
40205
30769
11252
46831
50299
78142
30718
41696
2941
68196
60385
23437
32762
57211
62757
36973
9758
32696
42052
17690
29137
77871
52925
13112
27651
63338
38119
4789
41643
1503
36296
52045
54362
59812
45961
44477
2536
75450
32743
14290
52846
65046
50346
52520
7144
57411
64501
57771
6146
54681
29671
47005
75769
57286
10932
12379
47069
9780
18639
31737
8225
81339
31333
73512
998
20986
80861
44705
31821
75543
19759
57123
39923
23830
15135
44866
28148
54180
76453
59780
14197
79809
76855
30518
1922
81617
22616
57504
15644
253
26042
48412
63027
55812
57438
5310
20864
5281
30738
13535
33943
3027
16857
53088
56503
45725
15595
20652
24782
24897
45914
78156
29497
76464
12808
75099
49531
20054
45863
11377
76007
81077
24246
10051
78427
12511
8255
33930
53048
12154
3774
74160
35192
26564
8676
2499
75073
23205
25277
5064
17803
65089
34653
33509
35576
558
81017
49621
43141
20727
60915
10613
27835
36239
79822
45148
30572
3637
56710
40235
38347
20100
29971
43659
47436
40491
21555
72815
29752
39231
13033
17566
36541
65483
50664
47016
30247
8516
72811
5582
70344
78924
10550
27544
58528
28799
68431
17677
18308
34070
46083
1103
31921
9702
9567
48588
75251
22366
59618
16643
82383
32663
23164
28540
186
48559
77420
31743
30939
14387
66603
19967
28197
42570
46740
55832
3926
30610
39282
40388
68909
52592
20012
46737
48949
67069
31091
59526
30929
77435
49510
49962
25087
69827
32339
12133
19515
22465
60743
74885
37922
16021
30492
64475
32394
41718
23975
3582
8139
27903
31891
19011
50793
60820
29346
61833
42013
61100
32146
41976
52431
17760
60901
19772
69739
22150
52837
60305
36766
26955
70505
3341
30330
6391
44554
80262
23516
27194
5050
10727
18198
35181
73117
73426
16066
10815
71111
15733
58227
76395
15309
70016
3703
20460
52287
61090
492
14157
43812
13986
60005
9214
64955
70924
7026
62062
912
61149
38023
61475
81852
42489
48479
68050
34232
11789
45484
27846
45868
61822
5443
15672
13237
77063
32267
11759
5018
58484
76818
12100
77259
11329
69859
77131
50155
43513
35516
51670
72396
65345
33725
23174
30598
70203
48297
72379
7124
39403
73235
42808
75347
77122
79614
55578
73633
54357
45029
1815
68223
77337
4580
41721
49438
3287
18995
35971
22078
46013
68945
55427
70056
66450
21055
1051
60922
51564
52813
52929
24990
6260
51864
58517
925
68918
57853
65815
20848
51678
47658
56726
22041
72004
52594
39000
15339
1475
19799
8437
61592
82382
38365
16168
4806
45850
877
43133
409
9381
6262
29434
74184
2844
68381
26664
65307
28350
68726
894
65757
53155
46666
27002
35624
1321
79833
70573
64380
70536
22754
53459
13315
13596
23320
69249
16163
3856
12136
17203
48716
12336
19253
25703
44136
57751
9144
37588
3602
10173
27462
18010
54673
70273
3051
56107
39577
19935
64212
29638
19406
29473
1441
52803
16646
44796
58193
45165
65653
65931
47101
7836
33980
70621
67567
21729
79529
20374
43534
20486
11898
24307
66356
67592
65465
78592
21420
82018
71989
6669
12879
77147
47386
34889
32365
9749
77789
25739
58330
6813
51042
48860
42499
44337
2153
2221
32517
23769
47591
6999
25762
76967
49660
16452
68301
37386
25501
18627
7556
5069
30668
65791
65777
11139
73957
58991
29913
51294
39636
4128
10342
52895
25595
64798
28719
454
64268
75178
72539
24580
68161
32223
67964
17796
41678
31666
460
28758
40791
21286
67644
20509
51105
22636
44630
44082
3393
11343
53945
40107
3239
80089
39058
76071
72557
866
46316
32785
33466
43301
23322
65484
46983
42847
49742
54955
43009
63711
57239
82316
8750
35363
5359
10206
61648
82557
28218
10202
29522
35918
33410
81422
7090
14792
22775
21734
77608
25125
17194
33125
33614
37839
29569
38323
75795
65823
5915
59309
50195
26536
41260
15390
54569
50860
54428
38462
41751
7131
35705
49948
73834
9552
27492
73111
5086
21029
29020
75495
50418
55929
16379
82013
57904
60245
46922
58618
23888
56812
32067
13255
27603
25280
81952
54499
54856
6699
26905
45339
48031
39136
29421
31816
32197
52149
70703
11822
43966
70408
14647
36214
18366
40014
12049
8534
37495
38497
17952
47815
50028
55974
25206
228
63315
39394
69187
12007
13631
58167
6402
16941
73911
9662
69581
17688
47737
31156
15602
72176
1380
30119
27797
72945
78771
51733
47533
45013
44846
29266
5786
38794
46270
42924
20293
45238
29531
39191
26317
80508
21732
33587
73050
76245
28492
51901
58562
33666
44084
34024
35030
53583
56799
36592
29198
42648
10227
24784
44429
55697
43822
34708
14581
38558
57814
65534
28688
6359
15781
2360
19182
38554
75250
43946
859
81671
79856
32446
72882
21849
44961
39081
45186
22032
40692
54602
78966
10089
21823
40145
55421
31170
37440
49998
1669
43419
26772
71516
33443
73415
35680
12978
29431
42620
55988
32921
44696
50213
20088
54662
37451
38899
55563
26887
59460
13981
9974
48509
34164
58278
75011
51801
35667
20640
1387
28475
74065
73270
6253
7331
33562
56286
22882
17054
44509
35137
21565
76678
77979
11917
69886
49365
60598
21469
20060
45803
9846
40729
6917
24222
21199
72318
67343
15349
29202
10426
68952
33822
30840
32691
12562
18149
24817
34560
57061
43445
17072
48068
57772
9876
10751
74661
42281
52200
85
71179
49427
10402
3452
20538
50458
7992
76215
10383
74017
17508
37765
43194
47649
19460
21190
7652
26513
68154
35064
49679
18587
48246
67279
50325
55175
5883
2141
61109
82044
41077
1086
43127
7601
15589
49023
63551
7037
52872
66165
51045
48781
51958
41252
71267
20898
50807
82132
19323
43207
77253
13623
22279
11611
2485
64663
8675
66392
19615
46073
16254
25822
76086
16776
19066
40973
71732
6756
76159
51461
26587
16861
74140
12835
22476
48688
24021
66191
60801
45856
68878
44224
24238
24733
43402
75386
38225
42773
2361
329
36465
18878
15134
72796
56984
44611
32630
24503
11121
21820
17845
76995
40313
3971
58247
3982
44198
31222
19701
47333
21816
60477
7193
4880
4637
27706
31435
62641
21097
34089
17822
39928
41387
69026
11363
75435
23960
29294
57331
24126
17285
38428
49487
72579
65000
9837
15117
73341
27249
48001
426
80325
69877
46348
34438
38411
37348
38153
36369
71812
75089
49891
30860
63352
14652
62531
46532
23834
46657
16418
11499
57053
44609
22312
58020
27596
39831
41378
6533
50580
61942
39467
81862
11266
50838
53090
22588
28169
48545
53259
30836
41978
24680
43575
27875
25601
32542
1491
79431
56861
4399
73396
7637
37308
36385
19869
10850
45313
10164
66368
52859
9843
49224
33897
73289
19274
52256
34108
63754
35378
52656
82583
50763
6765
14856
42448
51258
27446
64052
17867
10867
43972
56892
51501
27060
13140
36598
78755
55353
12050
73705
52610
79319
58380
43571
35162
31181
25233
21842
69142
59250
65501
33556
46577
70664
29696
71192
67689
46169
34808
78397
39957
6793
64314
19150
23067
68149
55217
56629
35232
55233
78031
56212
35309
76415
20797
60936
25063
59316
20788
43359
39539
80769
26632
35197
16099
35327
16245
23489
38892
19808
73063
70667
35802
10216
10278
8473
41051
62038
64134
59738
37056
20295
75560
27786
43429
41992
47137
67809
43642
47925
44392
10460
70998
41990
18959
22401
51809
9168
12046
44751
6370
51153
33267
2877
82168
29757
11043
9636
72275
80980
73949
27153
57133
65761
72888
67380
41526
78022
53675
42668
16744
1350
5099
21781
6686
30482
67667
63817
20635
2118
68620
57937
32172
14460
27725
28156
66701
69257
11175
9163
26757
45818
41799
34055
28668
9615
22972
31686
74864
13235
39277
77905
77677
21607
55998
31411
8362
41896
12725
75611
39205
5288
51606
57662
10461
78549
38259
50309
13825
32040
20578
58846
69118
9428
29116
30120
41069
27656
9001
9083
17094
77416
32250
79217
17483
67854
59535
72938
60764
12293
14362
53960
35547
63022
62789
8873
73870
48828
49807
8132
15517
72296
36648
61374
6876
7045
61864
33045
10196
31957
40891
61389
56550
43774
29659
10343
6176
60361
15036
3312
6012
6830
36822
32811
21608
69265
67729
31770
60665
35768
21884
22289
49273
32184
67602
2483
9446
23565
28123
8403
79271
57744
28511
6550
18268
42729
15470
45981
4407
68057
8039
31236
9898
40271
58399
57288
4279
19876
65128
46567
68545
8024
51772
2444
76646
76314
68699
23617
77090
78945
31
4415
9995
51383
55878
62914
71917
73208
23081
12680
77067
47991
79770
70589
42040
34428
74664
15624
20707
12174
59617
368
44185
13041
15964
58403
32828
43840
31481
81719
64144
79745
22717
36396
6040
30285
27012
58981
25540
24034
36894
70630
60019
3757
50647
65146
28134
11732
74744
36775
45847
60884
19477
71745
57223
66699
49890
79303
19777
74023
4304
46172
59092
53097
52395
34333
25875
38281
11180
7169
59496
57237
10842
44525
74174
40512
13117
333
19947
21250
13699
44164
20888
63483
8098
61546
32354
19788
58146
27988
78462
34315
18290
18751
78880
24752
48751
80494
44251
55255
10037
79808
12341
13818
15724
63245
45461
33996
60067
66164
65018
61200
24972
32259
41958
36794
60226
30236
71175
24695
78930
4486
10901
21483
79763
50661
44234
29742
81091
53745
79236
51303
14076
37782
48879
51268
59136
17976
68751
44059
40734
47074
11475
76668
12916
56065
6465
65205
54971
77045
17476
31663
77669
6772
77806
54435
23868
28978
53131
21621
15204
55701
32288
6362
43091
15894
28481
62376
17420
10832
81625
58733
70184
20503
20106
8246
468
26701
7378
69345
32640
16872
52664
51355
17615
56930
19074
63613
19582
54382
2112
58485
76030
24364
45464
34672
13146
34204
45326
3879
79142
8335
46653
61897
74673
82295
5534
40269
16940
34905
62986
62129
61721
26561
48043
17377
26002
46625
33648
2394
30155
60235
33654
23529
69795
30901
47459
13526
44874
58596
44790
59702
40993
9111
66650
60934
62083
79262
49012
251
26971
56760
33637
37771
15149
68660
75751
26028
63611
76571
19340
79660
75471
53871
66248
78897
20418
32389
23671
75984
78708
67267
33266
44545
79715
16248
3342
79767
14438
15572
43406
64097
33574
76793
34512
69084
1744
58916
68885
25285
50214
19101
80047
14307
2566
44156
41162
21872
39168
25571
7109
57335
2378
34485
59088
2618
42410
74617
36245
9625
4034
8588
42374
6592
70172
41939
75319
56490
33175
47826
47011
68827
22107
26729
65907
42706
26328
62743
34082
20020
21020
22306
78167
28764
14748
76611
74352
51252
48325
59714
40372
47655
55270
75822
7750
26058
59346
80532
20275
82283
41467
55542
41981
53634
3648
13084
76951
5006
49528
21721
65935
47833
28862
4263
79652
25889
59275
22292
40704
50508
63028
62733
14938
70583
80954
50354
38074
64158
45432
2335
27630
72040
56232
40950
6902
73930
49795
77987
58677
44021
63099
66333
7726
63324
26644
26082
32071
32719
66964
40542
7397
46272
15980
54144
21512
9579
25067
26495
26845
52882
47429
28654
1385
10987
28371
62060
13189
8258
55140
26745
49773
36633
75744
58197
58308
34343
33781
25965
47221
34665
15743
19239
59358
52593
65788
38503
57837
52571
58407
61054
40149
58444
7716
12943
73693
3846
33221
43976
58499
27784
1697
50012
10311
34658
56701
7579
48977
81703
51639
33990
46555
11156
73481
63598
21744
18061
61645
29920
26682
28728
18797
4629
36751
69565
988
38317
44001
36873
60787
39803
32220
79347
26794
50434
32840
6619
42324
53495
12109
74751
9313
47555
31511
67955
40378
82574
24477
27182
32106
64563
25141
50275
58924
18475
77507
54117
4829
47127
20966
60144
29113
63372
49694
52713
35527
1204
2400
77929
43585
7899
69398
26709
81230
28926
78841
19431
807
71005
6927
51869
69013
38918
44222
18316
4354
30695
35767
37509
59497
57217
4490
43805
500
40020
51616
60992
15921
29506
47203
10530
53611
35830
9431
34574
5655
15654
27955
42339
81365
68395
2403
38454
10531
33832
68978
42838
28585
72526
74904
45885
41330
42908
57120
15016
46464
23477
56427
50362
60678
64928
47599
19674
21559
19242
44201
48718
15234
71624
60878
10665
72962
39318
6209
9651
20228
8447
70079
77930
80274
57405
34577
47342
31371
69688
25499
57672
66140
4104
53386
2669
15774
8868
74633
19639
16136
4371
22913
36574
20027
60734
38727
24520
39977
51064
80022
2124
30334
14741
77418
40629
43881
10603
64451
73436
16962
40810
14149
2004
50147
49477
57575
67670
48182
15400
61982
18914
26338
32927
77986
13689
42315
13099
4054
13601
45827
8907
63970
78976
20393
68279
34880
39377
41060
44728
29066
61028
39545
29281
72086
52410
39938
27650
47405
18397
31682
5690
44998
19917
82021
19355
45204
6014
34787
54287
53722
46583
40486
74335
753
50516
61280
42749
7199
28814
29642
16500
28144
64724
65097
75079
17706
5905
48581
76764
9543
41166
29634
16637
47712
46225
6374
66947
5477
52320
39809
68913
77555
59630
58433
11450
55308
62001
36481
29303
65852
50538
10697
39621
37610
43242
75621
24429
33753
472
13695
26125
43476
54729
46374
67928
37473
14117
82182
30196
37507
77058
16632
43024
13962
2957
13573
59222
24160
7311
47501
19043
39506
41498
56920
67573
67980
6614
74042
8496
10340
68396
16220
45141
14443
5830
13589
75198
40362
37181
61398
22808
69280
26325
8029
69145
30460
19736
57679
69716
11008
8457
43525
23611
20716
76181
54980
30849
8191
903
49119
28678
60968
22584
47648
12414
8991
2093
34430
67609
56222
63805
40419
35138
46747
30143
1270
4027
4030
12124
18426
34416
14280
43685
54107
71417
79041
54947
41664
4642
48804
54522
75443
146
52111
37046
76352
75070
65733
42158
47354
50203
27325
52238
63256
25584
8016
24172
58845
26343
37908
5644
72167
24621
73126
7432
61034
81356
42863
7512
51579
8543
66627
41364
52548
6867
56020
50421
66443
42853
29118
18646
24322
24332
10223
67811
76438
69702
61021
38328
25805
68857
51675
33848
1553
72970
29314
16761
56857
32224
55343
28944
24548
22950
52612
74394
70460
75481
18685
741
69091
40829
27348
30802
53592
7257
74021
71927
36339
25737
36017
66519
21321
58063
14764
31674
9967
49543
63512
8282
33609
62145
2096
58459
30700
49894
49332
17261
63474
7345
75432
16712
4207
17715
2917
41803
61662
49044
65609
11830
65280
58771
11725
23597
320
11582
3871
14059
1363
66779
8295
46442
31145
51037
12784
15652
53264
63627
65153
36526
5708
45221
34490
27037
60116
28424
48229
47384
44573
22526
81502
53651
8395
41192
44913
13502
44884
1284
26371
5787
43542
55780
10447
49964
68
76230
46517
35476
44883
30932
57555
53919
12503
63764
10903
22024
1288
82352
33767
22946
79520
38430
100
35342
54609
20325
72699
48408
49366
38575
69768
14007
76399
56384
5223
74284
43348
28911
69857
69989
58702
44143
64049
39337
10032
11925
5175
49039
61618
22549
29559
65780
63378
13786
3467
56570
64037
16475
56659
34425
36629
68177
12543
45391
72773
67117
21766
45415
25634
43990
20240
33797
40823
57785
14500
61605
13757
78097
5857
59582
61420
79703
45693
58776
2702
48906
21771
29150
5538
18416
12184
27764
57996
9496
41491
74928
21301
36690
64279
6474
67424
16567
47122
78514
58579
45999
35875
78602
23143
11077
76909
71346
23336
78518
19450
12719
33200
37355
77118
43506
18019
70949
34021
60925
74234
24283
36584
67022
63307
11878
16603
18351
21701
28932
64336
81993
79241
49081
29171
76876
35043
48175
23778
63957
77620
25410
66523
30674
24559
18291
39886
64182
80230
75860
19379
66480
61303
22359
4898
65173
48262
17606
14987
37444
29476
6064
25832
68388
65237
31767
44903
24857
17168
54509
43069
72781
46633
76696
1400
2894
3592
48388
3741
32938
14881
24808
75348
55395
26336
71886
2993
82118
544
23093
77793
62685
7242
75427
6693
62265
2434
50394
59193
35845
23588
43203
56736
82580
79454
25333
59984
70362
49286
59144
1792
17277
54010
28062
30034
79093
31583
69232
29085
25814
52705
70547
3265
70816
65647
40691
45291
51492
49520
30588
80183
76136
43066
28194
17636
10783
22185
82311
30630
9847
32706
51614
36336
67835
53529
78170
42939
24252
57415
46510
31056
58070
49437
39368
69522
35606
72818
45399
77579
7522
10476
29357
27442
55066
42623
71385
11469
76015
8566
15561
31696
29665
42085
73738
53600
38716
62056
58606
50440
67251
51361
54574
22521
81368
10333
46205
27538
51816
6850
81981
28333
25187
77647
39025
76102
4736
62119
43934
43832
64494
14369
69641
24245
69384
16274
82273
21521
74983
29291
69549
72700
76299
78212
44938
75328
24269
7072
26674
24526
53864
53763
26379
8527
4866
15957
67926
72979
58038
71680
59910
18594
64467
29766
50698
60816
37947
69835
13181
13912
44398
10487
64713
45699
58649
67837
22430
79358
10861
16050
57265
33032
54767
5259
34092
67619
43695
46672
39177
19979
45015
13970
74102
70336
5633
67754
59272
76207
4656
23402
14667
73836
2731
15922
22313
50991
70305
48942
20363
13103
17532
28753
59122
21224
14321
24344
47481
63396
76497
19830
32801
13878
24053
4963
29333
29810
19730
43232
47161
45074
77978
25445
62442
28698
57716
6185
28833
1914
33404
79879
14994
14536
15689
12624
11362
75007
61534
63623
3032
43723
68215
21660
82025
15571
3456
14713
65690
48966
22273
38882
33807
31035
16731
36121
47179
12252
67032
111
54197
14955
19560
45643
21307
35124
38167
53682
33179
41066
66685
59678
65685
883
4739
36368
47865
59340
52404
71235
44133
51880
25270
34789
67106
73390
64387
5527
26444
23343
19794
43059
73750
52311
1566
77104
34443
74143
3480
67010
54248
18071
45691
23958
55334
81334
28849
13691
71958
6381
28271
22049
38113
10021
81487
53900
7215
42102
12817
16684
78576
38566
69328
49799
39722
35206
72193
7448
703
46691
14842
16056
58203
59169
30074
40957
4579
48670
67276
42252
54676
17860
30295
51904
65289
69495
5512
34897
26459
24051
31633
3565
55358
32035
11718
72466
71140
1260
23440
34257
59789
63527
41373
26408
28140
22194
4531
71543
56495
74715
52421
22782
3200
78495
63955
7988
22353
73136
25462
74163
26392
33344
3957
35170
32783
54940
54834
57352
18425
20560
24664
9101
18992
23324
73790
9534
82245
36315
68095
22776
40295
64033
76408
58393
80816
74625
73768
49306
60690
67232
56588
80272
73526
77592
210
7820
23445
82170
5000
64530
29538
3186
65944
66606
77794
81793
6288
44460
71631
71905
34136
2749
76574
4462
36700
31859
39826
44806
38887
67700
9517
34224
7409
55170
66497
73291
26577
57361
1703
57171
15841
27914
33140
50210
22456
45634
54626
34769
53702
54368
53894
15274
14494
63537
59209
4362
74605
41533
78044
21654
20696
78436
21238
17998
77764
64156
33321
30134
19288
28054
70494
13749
64069
19485
65557
16467
55773
57604
14610
31389
38837
37372
32612
78541
57283
65995
48435
58604
22234
64938
12961
52673
26891
11110
47654
80554
3824
44625
63899
79199
16881
27288
21046
57233
54990
52793
61564
22403
15583
80485
28227
58180
33662
53465
50231
34807
41856
44031
48595
73072
7089
63826
5942
75775
13724
80417
8524
53313
81180
31467
12002
47213
12229
63694
73630
28404
65880
3825
8624
64597
71103
68325
58454
54338
18165
39788
71928
64583
1635
44963
73959
54047
64799
49496
12024
55322
12675
12584
3483
57143
68017
51273
18524
70484
77558
46424
45114
81555
18490
41310
12493
23946
22854
34433
17126
6077
23652
41783
63966
61844
46431
76977
13609
68327
34740
62538
5245
44046
24844
77907
61471
5629
849
48519
25450
20122
7178
15451
9852
1724
70282
45544
67903
25836
7798
60863
72675
31608
33418
64773
4954
42210
27700
39180
3762
54867
39552
13948
25954
30044
36010
82493
36479
44346
56802
19988
45814
2981
63909
26342
49718
37529
19419
20039
38476
29083
78154
1130
23463
45009
46920
5503
69160
32623
35320
38690
18911
5808
60649
31784
32226
32459
28940
51085
73170
23120
7453
18860
55695
28358
64540
37221
52336
46332
31919
35249
7483
48027
59012
80607
66795
40682
15027
4216
36064
7705
26361
66145
18124
19706
69184
38923
59141
16793
69646
71442
69308
61065
19339
2574
31565
1753
77354
8387
39894
69364
20036
55412
5267
65201
49034
48535
27278
69733
2967
21720
41818
1447
80433
13746
45715
39696
2866
16208
81528
71827
11953
22975
53356
3386
34997
33580
62973
53393
58683
52646
16509
17425
47969
6729
70542
34701
39173
33236
41156
29131
72604
13742
24662
25167
21516
75491
29711
59833
14238
39477
39942
45615
63625
51277
53409
57220
34017
20861
11528
72383
79089
30505
1199
40001
41543
9645
35106
20679
66665
31106
22589
61854
8263
81345
44945
71693
60561
63943
33395
58600
56706
18482
16146
67845
58294
37938
61258
37469
19298
74451
43288
7356
23246
41651
38538
19291
13326
28046
39629
74486
50504
48217
32867
12204
34934
34778
46971
8809
26497
12560
13205
25468
39518
2081
65486
19857
25712
70208
59028
60188
33276
45781
20425
69162
58336
66119
20996
17564
21458
64839
49715
76899
2231
13906
54782
5196
34377
70263
81190
64396
24915
59950
43726
81572
35054
46183
53121
8199
13071
37544
77949
65889
44282
22650
40539
24947
14245
65631
17451
62727
63646
71575
28135
41133
20847
81224
17897
4234
73043
5344
9923
62110
44981
51689
53308
36449
9158
23950
77612
10560
4353
26107
3931
10745
63342
1838
30032
13327
79955
28102
70523
27959
44992
2290
77945
21903
16033
24011
67353
20218
37303
8993
60917
20345
14446
18806
55895
16863
81854
53577
50163
56651
67679
37794
62833
54438
50333
17657
1729
20168
10102
34728
11081
38937
75836
22917
18523
31418
62451
55761
82096
7103
39271
16478
45581
4614
4524
52244
31305
63699
2642
51136
47223
81674
14899
68172
69358
6939
71560
5184
78445
55924
20140
36715
68964
27223
35676
4979
73652
27709
44985
65959
15750
76762
2029
41612
32343
15067
50959
62465
48743
24767
4940
74411
48304
6679
54624
60642
79989
52789
43544
35715
50245
64998
21996
60399
66458
61825
39675
22374
41014
19906
72020
81054
82034
78658
21328
36968
2206
71547
70060
60707
24711
21692
19089
41090
72437
46259
28576
22272
52317
5409
66200
27982
35842
44835
3459
6978
67432
69517
15431
77948
55245
40784
1
8648
75460
21874
30911
80887
10416
36426
74462
15587
26523
35352
76122
28664
166
14132
25721
5417
18568
22938
10674
13170
27166
43495
61311
20306
62567
23083
9945
26253
31563
12599
26017
32777
27996
1996
26141
59054
43677
75938
73210
69171
46214
10178
77900
10146
78222
59251
26969
30975
10327
48169
45006
41211
18839
63984
12713
58493
22922
3181
47277
27198
49788
25138
48269
75176
34510
30746
37229
34448
26618
56377
66819
58552
66339
30564
34476
20422
40073
37100
68595
47894
28088
82324
10318
73400
31946
49315
49593
79776
25101
80016
18582
59602
12698
77512
33306
16741
18372
8699
62398
82542
70746
62180
15212
47274
31289
30690
42556
15822
39059
45198
69217
19301
46159
80778
45785
67372
60797
23150
60549
29460
63195
53657
70018
25673
61972
2087
50835
38660
32456
8738
33017
65843
25051
30536
7057
62598
18562
3794
18162
69999
14127
11775
68927
47542
37410
75588
31032
48573
41178
14417
41893
64905
54836
10923
3445
16451
7499
62858
72534
16035
72686
74534
47586
36918
67886
71145
68442
36809
49552
67473
74139
56137
65066
7154
51055
10602
6608
73809
74453
979
59711
40921
39355
41001
45528
5926
32951
9299
58661
8664
65593
10379
49394
59100
51537
23993
24589
34217
67965
4713
52229
64837
68311
71505
48771
9871
13250
72207
36833
55986
40446
2549
10717
26167
40638
2711
53936
20594
36344
39561
23432
60280
44327
67693
20315
82418
45173
47678
25861
16065
28431
16592
55595
7626
74851
71285
16192
65366
18404
11590
18096
1314
40099
33937
33716
1142
36513
55033
21119
54448
70039
61483
42585
67939
52263
14947
75508
74608
55
78366
37808
45810
38942
7
21413
13719
53068
45737
40445
71865
32302
16430
24061
49449
1767
77997
33133
31976
53226
81209
55856
2462
67918
47619
2473
11223
58792
70026
9905
22364
67712
19358
23003
5349
72048
70450
44907
35912
37337
28872
33908
6727
1937
30280
62023
7672
27521
37832
22467
23332
36284
17053
33294
14397
73044
38996
13808
42996
76773
3428
77742
16440
74272
23032
58059
52771
21810
21271
74951
41300
56546
33964
4879
29042
53058
27850
25728
74528
57693
66593
79493
53103
11770
21241
26418
71896
72547
42757
11090
72590
74246
41616
8259
20500
42275
54043
58362
37137
25786
50007
62851
82148
26423
22737
73193
45278
73471
64626
18280
15909
8880
34076
36205
400
19786
73409
39215
21538
10989
64584
75017
24081
78838
6734
1286
65233
80703
48344
63014
10412
42788
12068
23236
46384
59241
71980
65209
20265
51446
15762
53870
79356
15812
52432
35020
41583
59159
1461
3045
5880
33190
27882
5067
75566
20667
28405
15286
68881
71013
52680
26551
3315
12309
6906
62775
50224
55721
65805
47940
48847
15307
35299
48425
59835
16239
52472
61589
4064
28831
56397
72917
63103
33622
25389
60070
79289
31324
41392
44421
69939
64867
21992
66413
10565
53692
10367
27841
4288
64010
34059
2728
55961
28501
74522
41710
70318
13200
57915
71325
80641
48710
62329
54973
25102
39018
3751
81911
76217
60888
70085
52055
42032
4680
29854
64633
71500
25254
31026
78856
17436
20335
40061
38656
22018
18045
14893
43890
62223
61591
24481
240
9704
25447
12912
3071
70590
39758
54189
7266
3725
79048
35069
54659
32076
17175
57764
44008
70062
53819
9136
70873
35837
80673
48971
41776
82177
67187
64660
43428
81387
7015
18114
60109
6962
47950
41036
72759
5410
3799
41954
27438
3134
19176
68937
76546
54901
15084
26476
55751
49237
46310
79911
76529
23761
46120
44102
55860
26708
61752
60579
48652
9498
4572
22376
63270
66149
21111
71258
58767
47573
15860
64489
27333
75573
50296
41760
33316
61122
13472
61430
72398
11605
48125
71012
15882
56057
8051
25201
70614
42999
27761
46871
26796
40741
62600
33618
46612
80963
4872
30948
68591
73944
72705
16539
37058
31291
68100
27529
60492
6148
53855
55671
41890
36264
2353
59233
27907
22934
11813
18993
39823
51234
81790
45609
62633
67550
35682
64758
60157
47916
60621
40913
20757
25268
48146
39529
55588
17926
14704
34233
13346
11901
11184
23911
50402
67093
18321
38994
59735
14769
45786
74796
26430
58903
52407
58605
50389
48456
18789
39683
27163
81710
42732
41574
25486
6646
6807
60053
67041
38599
78332
14564
34552
73869
12423
72933
21384
12303
55295
34038
20125
20070
73866
41106
64226
73261
6155
28122
44040
20673
57704
22693
46708
31652
81486
63435
11792
1811
49143
63848
82444
69211
45457
29026
79846
63091
56691
43617
29834
75828
37835
21594
7946
45862
46951
38198
82577
81810
26849
24566
82339
45359
47899
82141
70265
30956
81566
58862
55911
53241
45331
68778
72567
69025
4211
54793
21060
8952
44635
2035
37172
44256
49951
2262
43262
48909
53560
46410
1960
52280
67308
78727
7963
62327
18244
11912
12648
58762
26060
15562
73174
54025
33463
14695
53319
30706
51609
49569
42197
72494
71850
78822
36357
46631
71133
6044
75029
49149
16819
15184
62018
21574
32391
21319
76451
31615
2163
71553
71115
55678
72201
44436
26165
60046
27494
49457
49931
32475
52869
11844
52753
65526
77317
51139
66011
72342
10761
16932
78485
33866
16918
49751
80685
21689
6615
78639
48705
3232
33325
28349
11327
14584
17312
8328
35191
47224
66068
50963
33973
31116
78240
61469
52738
70639
71877
45123
16055
27689
25664
27853
27414
61616
20154
14475
31018
56092
69337
50715
33049
75706
22915
25853
3006
61792
3144
29169
36147
10733
26308
17317
6277
78117
10159
74431
1357
69608
25689
43409
62958
8718
16391
1412
82231
1572
20373
52853
60073
79391
70297
15078
40620
70295
36048
61499
46323
54125
48290
1013
1328
38050
50178
25927
4850
19725
79561
1196
1175
45956
23920
73084
52695
63356
59349
23329
13082
5745
44468
56686
11489
77726
1877
3818
12442
79394
68418
57795
65785
4225
67801
15382
68720
70706
6778
5469
66205
64888
25594
18334
4192
29657
7274
7676
2929
27251
73692
26736
4329
18241
47196
74051
2240
23582
78974
64718
30774
47060
58048
36550
70398
67498
63860
17029
54572
26930
21200
7349
30502
46997
11555
56946
24479
24900
54688
54629
3059
47156
14912
8483
55870
53645
59756
77785
2532
16578
20037
68982
38109
82110
43113
32837
76051
27118
53884
7892
13952
64659
40018
14542
70783
67055
12590
25585
61598
22852
66530
6953
40128
17812
34977
9808
35099
48674
28640
82429
2654
49903
78027
23063
50313
36798
75587
77966
28943
22059
39964
80638
59305
30226
15545
8933
68102
41488
39085
62646
32912
64250
55280
39342
24446
43795
14766
327
6237
6968
18052
9253
67125
40877
5365
61691
18355
15960
72803
57762
32855
12261
459
3866
3934
12800
6051
24455
25022
39221
30601
34337
9597
62321
7211
55373
64408
11702
23096
8674
48839
68433
27125
67508
66670
62033
51941
36724
33486
50112
46064
50410
31978
34068
54759
52823
41434
26544
9354
51210
69981
57457
43562
21033
49015
4698
32541
12972
41213
35687
44817
13297
39461
76733
49196
7492
81100
12040
64028
35445
33176
34169
40756
17416
18667
40441
8232
49169
68383
42534
14617
19348
27070
35623
14178
34480
59441
60406
65643
37995
59249
66230
48936
30415
62339
47508
57083
39154
57499
18649
53793
65118
80307
33090
9864
22931
27137
11298
39417
14000
24115
81898
4077
35904
13282
46022
27427
17413
23412
66056
71995
65444
24570
55403
3169
51350
25364
67767
71200
80806
79125
68450
44388
15640
74981
37633
53201
9511
25903
60252
2687
13247
65624
82185
51931
10013
58074
18131
61658
71339
71807
39042
48706
53009
78935
9544
15488
75217
7301
5058
72158
43285
70599
5118
41171
20443
23649
78640
71728
21887
50563
49359
1191
78890
32100
67659
38563
13344
53568
34716
31174
66312
27190
8122
57620
12613
12472
78135
78533
29624
520
22240
70447
53329
16114
56115
12988
69707
38585
34463
17304
55387
47455
72008
24902
55075
61328
42641
3619
76210
4603
1836
25078
65502
2173
48202
18920
34531
51587
68484
79956
78247
78936
72763
34205
16648
22643
50109
58365
3993
1593
60948
48322
18051
51010
11053
78844
19762
5435
13288
45744
34539
53289
35282
7104
50945
35598
63448
32432
74684
43749
61836
57451
19847
53134
74836
45211
4295
29450
46036
64174
33035
20659
56095
32839
76699
64361
61450
6878
42330
82017
23498
14434
50188
1784
59187
4856
33370
35512
62080
25517
36508
37361
81090
55154
6984
40802
53177
54491
23636
1830
75879
28127
64263
29884
49989
70
30397
38212
50559
17026
80351
22863
35046
48957
15973
3323
70315
4092
2679
13161
74264
79543
6354
34579
23357
46204
6340
9797
36532
42348
42439
59398
42121
2345
20617
47545
11146
51457
29735
63836
39882
61607
12857
80524
20860
15224
36007
24965
32892
73772
69005
35524
24637
47801
30961
34894
75501
6895
74167
37483
49578
71584
77168
15392
58154
69655
42931
14159
46557
25972
2385
21369
65963
74533
21153
12351
34304
58464
57861
78124
74000
34795
8416
23907
32465
56147
54378
55831
30438
45917
54967
7207
23316
45447
29956
2834
53757
57318
34500
75023
42738
78303
59623
42632
54822
79648
70896
22730
54734
68924
67629
24025
28186
63660
49760
4828
38336
21517
36261
17981
75235
34029
62483
23788
37888
40022
24647
81083
45454
34661
60010
29367
55383
5393
47434
36306
2873
37789
19835
76228
14758
44016
653
13865
18740
33728
41649
68408
31623
64673
49025
1583
7699
1522
53030
4408
44582
9781
73620
9707
82425
50566
1656
70158
74707
7935
37334
19711
1888
37747
52486
38290
19374
40613
42518
44147
75438
10505
17507
53787
38010
55050
5900
38871
49766
47251
18463
16708
6636
58973
70105
43907
19592
16350
60298
5719
24221
43019
5796
14346
57584
43173
35368
69545
55753
26190
20314
50969
1416
57181
47362
5771
73107
39283
28084
72013
71457
56605
68318
49731
13131
57304
34777
51279
65262
24667
18779
49850
19214
32525
51918
74123
1950
38441
31500
28297
47956
33115
2629
27161
26344
82003
62049
15717
20765
82366
28300
28016
1117
21144
13886
43983
19727
6228
12951
24489
14431
71219
7686
77449
74374
70243
49291
65312
8920
59391
18834
20927
8694
42454
76112
70983
77523
59254
28795
80614
4202
419
21637
15927
3873
34718
38045
68553
50468
62770
26480
43598
55744
73281
76085
75721
53543
27030
74302
78066
63153
53106
9263
28591
75366
75855
64101
949
3496
5206
55727
22221
38978
4500
5802
57634
51872