58911
11851
53909
68936
18081
75793
3864
37606
32187
37678
42835
41828
3169
34861
73872
33340
54810
4123
9370
19199
15252
46320
20861
42528
32933
43022
25774
39321
72041
9208
75654
242
76352
75351
54016
10370
49384
82136
7626
43991
12179
16278
34585
53832
2790
24294
2353
3916
64809
16562
66982
81467
39500
44244
44851
75360
43027
63964
67998
53749
63034
26
12160
15863
60436
9202
42125
66528
73866
27630
9155
57720
74332
30540
5411
24664
39884
20223
52320
48851
18402
35259
62357
21635
46056
73505
27868
62224
59299
20892
76028
14350
52832
29299
22729
42375
49103
60445
57065
21428
80874
64580
13453
9842
77208
522
65585
41393
50596
58993
7395
29667
74437
68949
55394
70860
76111
77346
79808
63342
43462
8455
7374
42211
72400
22761
29413
55585
73810
64792
67080
11072
4412
57955
76251
76356
29113
69206
71711
62715
33524
20974
44607
69617
67692
74414
42037
44113
29581
8525
79744
80782
31969
60669
25707
55044
49270
69594
56267
11808
16869
9423
55048
42263
71355
13425
74156
43008
1041
78608
29899
15468
42972
67303
16134
17822
31311
16905
895
78122
12731
22665
71652
72751
63213
69652
35649
21190
58664
12726
14672
43704
51200
57262
65888
71734
80048
48715
22062
58715
53282
27319
46763
53135
81630
25196
59675
14245
49338
21441
3644
53025
50246
68604
812
68980
72596
75883
34503
4689
7015
17557
45220
79453
27420
5038
43066
56239
76658
53856
57785
17545
16116
47782
2929
55661
22155
36071
52902
78109
82313
75595
30324
58401
46748
29948
78087
4768
80416
77939
24045
11526
13235
73628
38064
19798
43736
40277
46771
11737
38738
54611
54505
71872
37854
47912
79341
45275
78252
3155
15853
77133
54803
78248
19465
23312
80261
56176
818
52970
43489
30276
33473
42074
63787
44076
6673
36123
72497
3018
11605
25994
80889
16211
50761
59094
36220
44496
75747
25201
72418
58823
63891
47914
13671
50943
21047
24361
8157
59888
20662
43807
44660
42718
70568
53173
52629
59129
61599
67150
54508
59196
32546
72184
15465
69211
38180
30608
23096
56064
44903
55492
80285
68765
60987
49042
66848
46733
34853
44336
12614
21059
14309
73513
18925
43110
25962
17581
1047
7491
65950
35947
45626
46989
7561
20154
62823
70101
38049
77314
62812
21707
30940
62864
14308
14457
41199
9725
78217
28440
43408
43423
41688
56589
68210
26357
60147
43352
59842
80071
58863
34839
34195
56896
76650
18722
64374
1476
20276
44243
66715
12430
72318
75611
47796
15238
78482
23997
44396
34489
76791
21722
59780
55513
9007
28704
69486
22370
82014
4890
49993
55798
81091
50823
43544
14128
51555
65809
67969
10693
29837
56760
26892
63147
35356
74821
55714
6780
17843
60080
71311
21037
57726
80477
58507
54058
74498
32584
69534
77396
64885
60253
79833
27161
74313
8983
29473
79877
29000
68605
74367
37635
12546
50974
34652
41733
26681
25642
26241
57609
38798
82131
46593
18985
57947
52431
25905
33418
47213
45644
10558
23532
81140
38674
17127
43381
55182
70005
22756
42282
49730
34904
21154
5690
38715
11004
2712
77276
41065
81693
46251
61314
16713
63317
68012
26548
21015
59737
73336
15294
34734
33731
12051
50259
54552
55301
2440
29109
743
4607
61088
7870
21508
4851
34136
50744
61200
73475
68970
60707
73804
30237
23359
24985
65339
7179
56466
70772
68963
32330
14983
52108
28413
74287
63398
45436
39246
81652
77611
815
46784
55763
8818
57142
3705
82257
21946
25566
25632
67319
60308
72803
3616
56718
229
38076
68350
4140
44620
17977
30455
55337
15303
74636
12320
27500
771
8888
32211
35490
31084
29126
4630
52214
30123
18433
5549
1946
26281
78090
93
45831
62038
37393
78274
50302
5452
24448
20234
54408
18596
39344
53586
60853
68720
65787
44763
33275
14075
80894
82000
76032
18494
24337
76037
39694
76141
81890
46699
13217
56983
50697
53304
9869
3205
12489
57209
34484
41153
21503
68695
19801
10649
54264
37162
77983
30097
40620
56260
28642
30684
43466
13622
61812
81954
45525
31449
72578
25918
18517
65414
68733
6122
29167
37117
27103
41581
6510
19791
18987
16196
78933
35612
57770
78214
13432
64888
77623
54450
79598
18568
48617
21354
81742
73687
73797
54905
68440
46033
82167
70638
61324
29809
75562
61504
17334
66399
65366
44746
59437
43686
36328
82073
25691
22847
77561
33295
3184
16603
17909
63423
1267
65773
13195
64615
3922
5778
24921
48110
60584
31967
73346
57792
8847
16158
30975
40921
58123
65630
59263
79374
39133
82221
75203
46564
67921
77455
46413
39311
67375
17925
25726
6108
43952
74358
53248
18297
27123
81118
56742
13964
66966
42582
78654
44530
79978
22785
78683
71116
11363
47619
78691
27366
31141
61135
73675
25844
69734
57227
59058
69746
19123
82307
29801
77270
11912
5828
3601
26514
70457
80715
31980
23261
17050
62714
46840
50585
48395
61603
70440
1380
51710
6969
57464
59573
52613
75054
57997
36190
22427
75983
15941
35351
40771
11124
58464
14807
19867
26169
56413
44295
1229
67554
57494
72421
42894
35801
50262
69638
8513
60728
14115
71663
52931
28192
65881
54698
39677
69111
61441
59363
74049
47918
74724
45165
81540
74851
69987
74833
31266
5639
67823
25549
64275
79325
19390
79297
70266
27209
3813
21436
35851
71188
72
64987
53793
23010
52656
43546
2257
34981
14056
57001
57045
28144
76047
81919
40300
30005
48647
25463
27748
34311
34872
68914
4070
47692
51890
76663
27223
79600
28057
47431
1720
17635
48642
3728
27144
23630
54163
3548
73159
31177
24452
21919
77711
42512
38899
30738
7917
18953
27116
33233
61560
28322
67117
39149
53619
58040
66524
54271
8319
2393
73408
17867
76026
77664
9807
60949
32435
73582
76819
14883
75951
33359
1478
78957
547
81420
50520
54685
32015
49447
66609
39603
11571
39421
71478
45653
35730
58233
43884
48289
35739
57772
81603
18245
49236
26351
49929
54756
13532
31122
21755
57016
42632
59167
72033
43207
58057
49591
12919
36189
27816
76363
56625
45854
10657
54464
18033
5263
56432
36656
52184
60100
74532
375
77265
71681
74092
32955
37754
68086
24012
22884
17760
29217
23421
26730
42459
20554
56530
14317
49263
53508
80930
45563
76720
38981
78339
77712
67121
16853
55749
17367
39564
33365
12368
34899
33404
29628
53213
82276
36182
82184
25045
42322
28021
74953
31249
74837
2845
79201
71073
21376
70980
68723
66237
76457
39618
46666
63663
9563
14928
43399
30538
48432
56316
60209
51871
75777
81485
25536
29255
57242
81498
30168
81677
74455
50911
34205
79073
52550
18011
38773
68456
47365
54916
82
22303
64313
45026
71628
47996
44609
470
78863
25004
41578
30245
63750
56208
59633
30576
48662
78535
20646
72074
22182
11525
82230
54659
37806
19949
41845
45938
73190
42430
41908
9359
57603
37453
19291
13228
30742
70171
41097
58476
55135
40818
16597
50316
36723
36317
3402
59661
4556
13321
59057
44571
705
10425
74686
61428
52856
50675
43724
73167
9613
62391
44035
79574
2452
40526
29901
57460
73673
61332
45091
68253
55575
60699
12076
76429
16508
74073
67613
16838
26264
21255
696
20674
38823
77743
32729
81749
52207
60572
41854
41804
57862
53268
43531
15126
34441
20365
54694
72195
54431
14703
5713
38597
56828
7948
44643
31992
60765
44490
70737
77243
38500
48582
67410
32247
63646
13948
76561
42828
46504
54961
27525
28761
82041
39853
67160
55659
57805
64017
36103
70089
22626
15533
9867
4842
52047
81806
52135
69311
35761
71503
55001
6680
35520
62644
4527
38574
72768
4954
65620
6059
11755
55122
45469
27166
67953
19154
73313
68643
52386
28863
50670
68367
24410
72965
81828
21444
54527
51591
38820
61264
55425
44004
75088
71833
53633
68947
17280
4714
29707
63922
55830
18792
33384
7808
60626
64616
13577
46741
24414
51373
1664
79315
67036
19443
43652
67984
77614
64092
40958
6584
65161
74576
29319
17303
40417
63902
42302
70736
56185
13835
289
2093
81613
64545
81072
13515
56027
50178
51242
4806
38863
24433
79903
27294
64209
7504
53156
76004
53113
81275
76541
49526
1785
23315
80379
35592
63009
72445
66864
20718
4404
61212
65605
60141
35690
46052
7315
9331
48874
24458
9863
80812
19922
7862
66986
73020
28741
13616
52514
9217
74678
19279
15715
55410
53162
50231
27984
5564
77247
64418
30373
25828
81098
41719
67895
41898
75050
16773
71333
18604
76049
10169
68130
77757
70462
1105
51081
81431
73427
26716
77899
74329
51744
74607
80387
69423
63165
80530
25577
50170
49213
21941
37439
52152
39662
919
21939
57115
70697
64087
55755
43534
33572
54991
32431
2464
33140
24509
20612
55308
17059
38017
77647
7243
55011
724
70521
38022
45455
54587
22744
28198
55814
68957
14696
22550
79687
72315
24094
70790
77797
879
24189
40135
21651
29059
40176
28973
44820
2972
21928
39913
81274
28237
33604
78782
70696
1036
58920
68634
58408
47606
61753
6375
10009
76283
56341
1518
43624
9061
76925
35652
9284
71940
43409
54241
14571
74618
65061
76850
20511
72232
56074
38946
75140
25252
17721
62471
2702
60929
82176
64511
10985
59636
35052
50703
18024
33680
13312
27707
2808
69386
62839
71304
25101
8130
77388
62815
70036
80974
18148
13274
61648
53350
73961
3829
42887
63980
52535
45400
14088
63392
44440
32026
62413
497
29092
4943
17762
46722
7714
18864
36499
37897
52042
32912
82059
33661
67556
75901
78892
70041
53475
5196
27087
8547
42478
44733
13733
59430
12673
73371
31720
26981
81859
9001
1708
7981
33176
50610
9238
4738
61869
55812
2031
3760
31436
3232
48795
52719
19429
37943
32108
49798
3037
2669
24025
14886
33891
5621
69598
33543
55888
79970
8625
81989
21808
33191
74810
68067
57662
50506
66137
78230
2900
77929
53590
41237
39874
36883
69980
33001
9588
36915
43696
51844
27870
30971
70340
9860
46965
29986
55039
4827
27513
79051
7724
51856
78828
81259
78064
11812
18541
65436
18054
9746
7684
70121
17388
77923
59788
34722
73702
62912
75222
19098
66717
78515
27679
18684
18772
38721
23929
53569
7431
19252
5929
25705
50479
42104
79534
24616
74445
79985
80257
15598
65152
77605
54705
4076
45764
66699
77376
44277
36722
41888
41939
3392
53559
27045
5189
2668
49973
25667
68703
71804
68017
56362
42668
51361
49138
15892
19033
79086
72629
74143
51740
45902
21566
57427
70593
43448
81160
64469
39692
73357
13782
31459
19036
24955
33667
51695
73499
34638
42590
60674
68654
77521
79037
36943
42327
56735
81356
48453
46387
65672
52926
55604
80485
60049
46494
70835
28596
18293
73720
46037
43783
40310
30128
47125
12204
43281
30184
76156
5054
37078
51449
3751
32772
56031
9037
78389
72081
2231
10914
6406
15559
19240
20345
18361
57208
51535
2164
46853
68712
19383
37780
79652
26267
33505
33837
24137
13034
13383
49799
64130
10500
38462
871
44874
42063
56667
39219
77469
42162
26535
79898
58824
19454
33494
14821
33118
79682
40931
47922
39816
6544
75489
7053
3320
38996
18615
76902
50531
77084
5115
33859
66107
25815
41916
4900
26091
78202
35681
42964
46396
80869
20163
44031
27348
22441
38097
73277
23490
4134
60957
8670
68188
60291
53651
57535
34540
53759
52274
37454
54928
44549
25620
61732
35009
4539
2042
47491
2530
61559
71682
19083
51660
42252
14758
5974
67206
52597
24265
53259
32308
37923
23561
77894
23057
10641
13101
8752
66379
71467
71794
18064
53081
43127
14040
4145
22000
21993
69334
43595
65246
4979
66243
16265
81512
66873
59575
20641
59351
62080
53305
56057
50111
43934
57595
21099
39267
55369
29037
5644
73755
26085
72452
51571
37907
50682
29513
23233
74829
30399
42865
9936
11663
63587
26966
72929
27883
77844
38719
78946
37968
80957
50466
60866
65522
1790
39458
78623
28006
45942
5304
29786
49349
40051
809
13868
45682
45158
6008
23716
34756
56274
16238
6356
34261
61875
47316
19681
71720
27180
25481
36510
68286
21789
18986
72661
76891
8253
47322
71671
61375
32727
63276
62816
15219
61969
8631
54007
56941
27154
28139
11425
60300
72114
57913
81668
55393
79777
82199
16142
81981
48550
66058
3804
39925
45739
78994
45678
45243
53422
20741
35879
5748
43512
4197
34077
60454
46835
16880
24699
7858
80156
81480
43302
209
88
51093
65603
70359
39331
43047
17161
48708
2107
46842
18486
80999
68551
23583
26291
79095
46597
71443
79248
80731
2982
37025
6820
48408
22242
32289
22866
4334
24383
23291
43841
51158
59504
2890
59875
35125
40829
64781
69433
45381
34267
35244
72889
62329
18273
11518
19089
57854
7578
9572
50984
80146
1195
31466
58964
80124
26789
53009
25937
54734
58473
942
51884
50773
33722
77310
58373
82024
28129
42969
52007
3522
62179
37416
15146
46169
53143
48052
10414
18278
72653
34646
52384
9647
39801
43524
14739
25471
40935
75431
66303
13486
46627
54562
70958
75566
4289
65239
49392
25852
16092
56409
73252
16835
37847
37859
27282
76308
47597
59767
34577
69706
12139
4258
36630
32629
46552
5405
7444
11888
42956
61896
62271
20259
7449
46690
53412
33587
31131
11339
12221
65317
35585
74240
52063
24532
7446
52916
55266
62493
63574
23460
81406
4634
75233
57295
82325
1554
70960
35631
30620
63640
37959
78513
15511
79178
49127
81814
43265
55936
14661
57513
48872
13086
14338
53323
7077
54507
45947
16390
3326
74710
36706
73166
4508
66674
24468
76504
81869
37887
35647
20607
34165
34377
13772
26998
26459
18347
3354
59041
442
73030
11905
38107
51681
56360
6179
69143
9913
66130
46669
5727
66556
35148
62147
24567
10228
7570
25197
71665
14857
56692
63026
81425
29378
12785
29862
43153
76324
72773
59138
74165
79724
17448
17224
81995
67842
4865
20893
76973
79590
36688
11308
21403
76938
73718
3506
75737
21545
76408
14525
57826
23916
48401
10879
42741
23052
44080
41706
676
25090
36832
31394
55853
51991
6815
12715
51237
18889
20366
5547
22817
68912
10180
61640
22434
25134
44055
59067
78557
40000
74596
36473
46247
17216
24472
53643
42387
43361
56453
45064
69731
36230
45459
2717
8270
3418
2911
47754
2120
399
12519
12399
25933
73352
74398
13741
12977
63344
20739
53607
70725
56771
12679
62850
66443
66574
63308
30413
54537
43763
51166
63988
48763
30191
986
28880
47822
11822
62047
82006
72482
38795
73453
45950
79971
34396
22355
44122
3720
37559
41188
72682
52436
15479
80365
61333
14994
51678
31274
37700
53899
57900
34225
51074
75093
32462
78716
35536
68632
65176
68821
5750
47610
54430
33980
62104
15313
42705
53524
36955
1244
1893
71204
7199
79475
67684
47236
44044
62311
16290
39554
2933
18995
60895
28084
45772
46297
39848
49670
37200
27950
30345
18574
49248
8020
8209
29265
39987
68465
59918
13853
74120
31881
34741
17526
76773
54231
29913
17811
54440
42500
46676
50622
64634
51971
8939
73894
32179
70530
24846
30959
11230
66845
23448
62422
72292
66281
51582
80014
60014
68285
49404
25510
33530
10453
53894
48447
26670
62545
68478
31046
75919
75336
79530
55172
25409
59172
25108
58195
55118
40521
54566
51324
55907
36121
71899
44416
24582
72658
77762
18859
42989
50883
57404
50103
36665
79192
26768
75199
61646
6383
80218
31759
56068
26235
65699
68776
13150
51574
17489
4112
72539
21977
47548
10286
50046
51367
78588
68874
59554
61910
80131
43588
16028
78885
39600
72736
64997
77725
55120
63825
59634
51861
14030
1219
39090
81644
568
23809
81174
39732
65144
81858
51711
47890
47878
23331
34728
15162
79017
37714
77194
15110
45512
73935
21592
8719
33336
51565
3956
34498
66200
30305
75404
38250
52021
8465
18991
3515
208
51990
73143
59980
36697
20997
11192
5033
29445
81092
61093
61696
59137
10141
67530
10249
76529
39095
63062
44006
31873
46846
11770
1721
24366
21421
49046
14511
13452
35847
3193
11842
64508
44618
64517
15832
18512
65155
8653
69839
74027
16599
5292
21744
30681
32872
72824
5905
50234
80152
9877
10101
23837
52256
5706
18978
54021
51628
25445
7575
48042
73882
18092
45555
10739
15915
71728
18142
71527
6266
50372
64787
10599
69891
59164
36641
81882
41644
7707
81048
16174
52872
14269
4150
79303
49902
42373
17255
7341
18667
60932
43476
4316
79418
82271
14832
62855
59277
19647
5316
53599
78745
64172
70123
61542
67297
29825
55983
27909
75861
22520
66097
76935
30994
67783
10044
81964
34511
35771
24481
36790
39594
79893
61544
40919
8234
24650
32293
12987
30112
48789
27454
62031
56538
54232
67507
1452
13547
14193
60521
9157
81168
47054
66957
15085
25757
53053
63297
79483
26808
21850
31312
15032
53816
72170
71146
80398
75434
46850
77638
24393
39138
46832
5024
68978
51162
74630
82344
3932
45540
15689
41080
52394
40534
20575
61522
40856
79884
28121
29722
82359
43603
30189
61598
80008
47850
74807
18799
29585
80267
71322
62338
76903
71653
73685
15694
60108
29923
18807
63231
39176
73471
75377
30164
39096
16412
75684
35295
52992
17559
45917
17880
5496
78240
28025
75971
61105
67012
46960
21623
7730
50492
51688
75021
50410
29210
5066
17002
44744
56582
10975
25365
52781
7746
45722
63534
27120
12039
78656
7501
14873
46685
50459
51754
38894
53233
64059
67407
1531
46260
30805
27356
26067
33493
60272
10501
78197
25530
35545
25651
56101
68853
70602
70707
64122
78838
25892
28037
59451
28378
74040
11674
54221
51523
65103
37056
27378
40988
25184
48650
45136
29991
52974
59030
42525
19271
49682
53437
55750
77428
42543
73958
23195
71049
57511
26139
28639
28681
58526
43144
49748
50556
38926
76016
16989
40292
80843
7800
54979
64763
78920
61831
9482
65249
81936
68471
52364
63214
26620
49561
56102
73729
53122
72406
50550
42908
9473
76796
21234
77135
80207
41045
41757
70494
79488
56203
35797
10928
2538
55727
5149
35532
81663
47593
75520
15673
49762
67764
20958
5626
72733
72429
36165
66232
82076
10300
73700
27152
50961
27158
26526
68586
71209
62256
60536
67629
38653
9126
20123
24255
35275
48197
67090
49521
55958
58098
77629
73709
19666
65849
41992
15722
32965
58738
18338
75786
26633
27309
39523
55183
68812
45885
26830
1363
74509
8021
27911
34410
57814
13827
46120
36652
51058
79499
5315
73430
66142
72491
12148
2365
9670
22467
60841
3399
49358
23178
1080
50449
66974
776
42714
36517
37126
8281
3629
71773
36448
23726
26850
63571
55150
14677
39585
71488
79597
9727
6581
24286
70496
67766
47241
61427
15243
65901
79567
47938
77063
58681
63190
10672
26394
38147
19698
44705
33645
61169
3252
47717
31609
16819
80426
37563
62739
6090
803
21876
9791
31149
6560
64149
78140
61902
54670
22070
2817
39794
47043
71433
28257
38366
67259
79950
72161
10703
3345
76895
53237
9257
57929
24940
33149
66207
32695
34033
19079
70136
24818
66047
54603
50419
62010
27803
67221
35144
26738
11733
10020
45229
47352
17149
37617
80228
16023
19606
44045
77595
14744
75272
26392
34285
73287
75979
47968
63444
53842
66805
5852
642
24673
53082
25092
9594
53846
63406
44655
74172
5803
34156
12622
70715
80434
66387
7531
51462
58848
9412
8176
61436
75571
50001
71966
77538
4363
1072
69325
63221
15258
17444
38448
26640
40351
53047
61944
40476
5423
4534
47731
51527
6923
27959
78052
49115
45824
1497
28103
57519
34554
21212
81222
41338
50709
12122
2651
52346
16038
62026
58355
28651
62834
79555
4583
77091
1634
79704
43618
40239
39750
16872
21799
39612
17171
41253
14067
18580
4421
75994
46783
63107
63467
41296
49984
40549
67271
5558
15264
6708
77217
69301
1406
61626
51015
31727
73892
68341
59332
70542
70242
40029
80211
7301
5899
43746
26015
36438
41667
4042
30823
30072
65636
20359
75770
48720
52161
57137
21064
62467
44937
53427
16067
8504
42747
5216
79727
76124
38356
19318
51692
10341
4872
43825
78498
55485
60692
37093
78168
58509
18623
8367
12295
81309
49084
26060
71150
5954
76860
22383
3282
9618
11307
9766
11046
36345
9343
47203
19837
28149
51310
76288
80729
63882
12660
34440
61397
60875
70217
80058
41083
7136
78157
67106
39992
45572
14963
67148
77830
24970
27767
42339
7061
64067
78540
46016
78416
29174
25379
51993
45624
37438
81209
7776
13992
39043
63753
49862
32317
5925
67787
54764
8446
55268
72050
81150
3365
6790
56973
81017
56445
19849
30423
70688
80219
58857
124
36808
62909
78204
50540
64999
25984
75986
22033
77125
12991
34619
79290
23894
62261
70471
16770
19075
35656
62317
64749
13682
3590
58884
8481
75720
47844
3052
36886
27349
79114
25758
77513
7073
30435
34216
75256
65124
6488
2351
39209
71604
71534
2778
50343
10149
71822
59797
6954
11705
20086
77698
62634
48377
44630
80007
7650
48
3774
52218
77765
19011
78575
20911
41969
79011
48953
1685
14386
1880
68331
7580
26102
60309
74397
70553
33222
65376
50867
75493
7787
16963
80556
15958
13962
16690
3739
71890
36681
58652
63912
21018
51291
48497
19196
43768
78407
71400
67544
37872
38472
72006
48952
8850
28793
75206
63957
67231
4053
22026
67284
20450
63464
58708
24401
32224
20753
7124
536
67923
27418
8924
3580
33744
17328
11628
46208
52805
33700
63763
17520
67283
7845
67435
71631
56212
73137
60614
18652
37837
13303
20287
42995
33511
47658
484
108
3215
44973
49234
13470
67993
63934
51393
59396
27827
31387
53810
1533
66566
25274
71618
7604
1
19464
71924
38361
5965
37325
61157
4596
71338
31578
7899
73107
72034
48519
66326
8863
78354
234
68098
70829
56604
55418
38218
8161
32011
25517
80061
14046
20335
23576
81961
80198
14615
73181
34887
73869
16164
1176
82334
19985
82337
14687
77344
53901
15814
57179
47969
54669
60056
40046
39106
68396
51128
51685
6811
8583
66888
33260
35402
40816
5081
76153
51759
30103
71314
5701
25046
76740
78026
11749
72210
64305
42806
32500
62796
65464
35050
35886
78700
52686
70301
36016
79913
80350
68033
9158
66043
37680
31327
41147
37971
48184
23799
69219
31789
18920
5651
31933
28771
52977
5421
45953
37133
50517
38647
76184
26231
68042
46603
25497
39803
889
32782
27573
58706
4204
18121
10903
63741
70330
6126
69671
31375
49507
56960
16125
34681
73840
27062
22495
15439
48100
67811
40888
11884
43106
14491
13508
60667
53441
9972
27555
39159
15489
12700
56415
35558
409
65330
3411
58971
56784
41878
79383
65418
18563
43907
50147
45800
58837
58009
38840
42119
567
44751
78405
74182
15751
31335
43314
59775
21824
42128
21468
70401
66727
23530
80343
74586
20735
75928
74657
11676
38240
72667
27493
33662
60186
15785
71184
26706
75730
63513
50088
50258
40109
16847
38781
53478
14574
20792
16942
15431
75641
52764
79741
73263
9244
4891
63040
37218
78978
76939
40330
29656
70222
43924
3175
75754
30395
50966
35268
21170
72411
12577
48571
10173
37048
36824
71053
53448
68844
28169
30472
17497
16451
76779
16151
39411
69911
39448
79384
36480
12813
6088
16652
69147
30695
55741
38948
77356
9624
27457
52640
17193
22539
51730
36523
1233
51458
80687
10752
52607
7316
60550
37146
76082
3851
31581
29153
36289
44541
73205
64771
70733
4457
20323
32473
53242
80550
3028
31056
61859
70895
76635
16300
31491
74393
75349
68921
20216
9095
52453
78430
70057
25878
48855
18331
60320
80251
40850
38535
37295
48803
54391
49741
79626
7997
82113
9272
69199
62679
18336
3958
49873
8787
52329
59286
35317
11875
54082
70251
49333
31030
14217
31799
31447
6454
752
15003
72458
8872
5848
51956
14239
30723
20462
66796
2272
34939
57711
33219
4988
13756
23452
81550
66435
4416
12130
42420
42942
7594
73596
67571
49867
44327
69540
5323
73416
17265
28935
47320
71042
72119
62930
32711
402
68194
80159
6642
12641
74219
17994
3285
17122
53865
16205
79356
35213
28505
47314
20701
74132
10560
80467
46088
36568
38433
37931
20555
14823
16955
74555
70947
81885
48780
34826
13005
61145
68089
19494
43958
49980
16969
55880
53146
50491
75443
40464
81135
53016
28266
19690
36423
51172
70655
74306
22752
30950
20806
74717
62285
38696
79215
24474
46225
77847
28539
14516
67832
38818
11568
30453
81833
11090
73269
75239
78068
57585
48884
80920
32194
51408
13263
436
24316
57305
763
14186
44670
32888
57167
72026
66459
64253
76996
47790
21538
75337
34784
79750
43835
15448
34656
75157
15734
47860
48348
32623
30269
31585
72689
63325
49941
76758
49512
70286
74980
28622
5506
56557
8662
52724
73062
71177
26589
30856
6331
43943
12121
49174
66732
22572
68369
76343
40652
52481
1296
64049
82298
25123
56370
3652
9469
76786
78992
45753
68397
22380
64554
11716
53239
35985
32746
59358
79651
47614
66785
48467
63865
69926
17731
39162
77112
61967
9173
25799
50476
26137
75429
61261
32521
27247
68887
31971
11805
72590
59588
49424
18546
51510
75756
7559
77507
60906
70952
50573
77718
66121
23992
76331
21968
54242
66192
69324
37723
12424
10775
18879
22019
64847
32018
15948
74450
75409
21164
54240
31284
66216
32948
81287
78323
21645
81402
35214
66172
61932
50641
17435
31322
10591
52650
55792
21858
1115
68505
36299
40094
63256
12551
39645
12752
50917
25114
64571
21985
3103
5478
5398
3360
33235
14500
77860
251
78330
23940
16439
22939
80977
39668
26305
79427
79057
198
8140
30388
74481
54172
21610
6633
12306
26042
47260
57677
46780
11267
23853
39687
53399
1563
26773
17350
33818
57219
60376
49399
584
12683
46100
78659
51273
19145
453
44885
35224
47044
38559
51503
27696
18547
40447
77013
48680
77610
1931
17137
32105
12190
75300
6931
77535
62883
78345
7778
2428
62946
78953
8808
3343
23150
23431
1876
29077
15983
39931
43165
57405
19565
66497
4490
27184
71910
70146
20538
46450
28574
74479
35338
56857
21129
432
3684
71755
60543
67663
62888
60922
48591
73496
16229
54661
9868
4992
58988
36309
66652
16813
12795
37066
24919
32986
68773
78854
50799
75712
40924
43909
59596
56631
1030
61998
50593
33017
2286
44333
70291
46856
40821
43271
61338
48437
15158
45348
78606
80605
36354
64301
46941
13343
27507
58609
5659
36281
34235
76424
77867
1125
78764
50828
20536
72398
17803
26302
3516
46584
35105
2922
60204
52031
14435
71219
23028
53065
37009
20013
37775
61379
2239
77493
31876
8404
31836
29706
63713
44199
8147
24479
16575
62877
66994
82141
10138
72949
75513
46826
68275
43563
7816
75090
72816
24886
1546
64739
28443
40510
8964
8069
42601
78670
582
54115
9141
49808
18079
9530
2208
66405
4297
30923
44104
10441
37674
74766
3663
27582
26466
17716
44422
35934
81105
46212
33023
19283
44712
35760
63491
55155
17663
29053
46711
43296
4108
65645
33959
34044
26257
57667
42552
194
26195
22219
63813
32829
68955
51939
11533
16980
21286
41039
35606
13070
22895
60083
20178
66830
29502
28870
20840
63229
5092
6826
42936
82175
64475
56879
7908
51340
47668
30849
21631
28891
67881
57074
31200
11012
42399
44155
42295
30333
61457
57438
37474
29827
55005
52520
33500
57706
49004
71856
61802
23551
24478
51399
76360
56455
66165
39646
21770
15576
60834
28491
74931
5767
78805
21485
13028
59605
24224
18396
20194
16048
40226
82192
62579
77099
42216
50468
73272
76538
52547
65397
35511
37612
9149
75229
59033
14367
68946
76284
33610
35895
80805
63789
73564
3893
80168
79511
13393
33054
33470
49975
1373
18603
81680
34356
54326
2433
72957
13271
69049
54162
69002
64535
77168
2910
73171
16353
48422
36413
45470
19512
47539
4664
50650
48134
41814
38591
20070
7256
17241
14062
75910
2740
71428
28311
49418
71
27894
2361
57551
6433
15410
47289
52099
20290
31117
55299
45023
44415
39495
41954
4375
53378
7987
36028
42611
67678
60169
20633
67163
26748
30425
77911
69842
53925
27149
81215
33264
54095
38423
7391
39513
80656
64716
3783
68316
13817
61839
53007
61050
62310
44427
26480
71122
33424
33096
52799
26452
42760
20896
81776
32918
74841
46998
12239
11597
16097
55067
72731
18209
72742
36183
45301
53685
49830
20444
41367
69489
10756
70902
15302
68007
50544
64051
52239
16493
62411
10349
65053
65461
49433
74435
6047
35100
24591
61950
61220
25128
41485
66712
29229
27738
24004
40247
14256
81159
54185
76705
67865
58112
74857
11615
1538
81206
32697
81054
67485
55081
1841
73376
37460
65205
73968
2546
50554
69527
32807
31014
33204
46287
2670
34179
13063
10988
37279
21575
70130
73832
12389
4353
3853
71360
44899
20986
34918
53216
69799
15596
77804
66914
34987
42226
49607
6437
65357
19588
41149
40301
6664
45003
12689
73531
19972
67007
37673
67198
13299
63452
18105
69160
56913
46445
70865
74386
43893
2145
74192
69105
70823
35805
44284
56770
6553
51297
20183
63361
60069
59620
74209
25165
5977
2358
2950
72611
72851
63989
15395
37086
61677
5468
38328
57932
20102
55350
50578
57237
17831
66935
75522
13620
65170
64591
62921
74959
82265
11830
57401
49189
48385
50563
70080
41519
40945
39965
76198
26229
15692
53284
11927
43928
75386
50080
35449
29566
73553
6401
4637
47805
16517
57152
5125
73817
75516
18074
23677
49345
72874
40608
28363
80275
13160
66618
72025
11746
13843
22094
59936
29856
8511
79848
27265
82292
47070
47506
12742
75102
15345
15008
54035
53873
11473
46110
63660
28432
50936
6610
53037
75462
1873
7552
58460
26271
8462
26380
53229
80660
62234
9297
16030
36972
37519
79478
41955
17603
30299
47564
595
70363
48981
9044
12759
25769
23832
23205
6202
43264
18825
46115
77281
73418
72273
78142
34640
41335
71821
66020
71905
54503
16474
6188
26702
44992
67755
64262
46425
21294
38508
78281
53626
7421
71930
34073
72436
70384
44176
56024
35498
31024
20244
42563
81037
35381
46057
26807
23672
62869
48111
4148
23937
11329
65828
32036
21464
18592
6214
15800
55476
7500
81654
70582
36529
71564
72555
80744
10376
63884
67131
46558
65910
73342
57827
6958
81519
29351
74370
53091
4227
30352
72311
490
27795
26504
69251
71823
51823
47170
43298
9640
74003
41170
20426
34312
19293
47403
64976
62458
14920
57474
45038
52755
30406
49855
68453
15776
11406
30876
13899
37954
30361
57197
20914
25930
13206
70256
51693
39914
56613
26349
71067
22853
30444
58143
69603
71269
5525
26490
66882
16601
15552
9865
6798
70890
73932
32116
75315
69011
51377
11128
26385
50349
80861
20506
43242
28210
75128
22134
60646
40996
41783
42051
47677
65930
49148
21016
35457
52003
17282
55152
74943
1624
46531
66820
211
49584
41361
38601
79426
49750
57560
69903
46514
3606
19182
25836
73006
75889
44065
24975
20655
30771
20433
65967
32650
45880
64328
61078
31347
60814
23825
20394
15376
57967
28695
76606
2219
28906
75215
47928
32838
33088
66400
30777
62186
32138
2615
75762
59703
11541
11296
845
71135
24865
49535
17543
62154
45070
27556
42522
65153
29703
54543
655
75676
22202
72044
22593
9736
28573
12216
36998
70009
39315
11480
49509
47397
5272
27563
75339
23405
25751
69559
34004
37589
56886
49164
62528
64076
29879
56486
1251
80799
65287
2963
26694
7686
71290
76116
973
40237
26918
70632
13244
5896
72343
54948
4008
68573
18404
18665
51429
5628
80374
41384
76204
68180
3111
72065
36062
4040
11139
45816
79846
25837
63677
3073
22376
31541
59486
32766
15830
22480
41637
8916
13873
43392
40170
19767
77443
29765
49317
12525
50222
62056
16014
34512
76671
3735
14335
3564
12444
57276
20991
57188
37284
80336
47421
15831
13879
23888
30678
77150
72007
76133
57779
81164
13906
78633
23537
49817
67305
53680
18465
4971
46809
46414
57448
30759
16337
4312
3502
67679
42347
63603
52893
28840
23090
9636
52291
76039
39573
65565
22879
77171
58605
30142
58732
32674
28608
36486
9779
66306
49950
58160
29479
65304
29396
60739
27451
64085
76803
37493
11202
48967
61005
48224
71347
32771
73867
1270
10666
71033
50792
63261
45442
18899
24546
77528
46269
32789
56161
63081
36084
81689
27517
56282
4559
60649
26278
35423
26324
25505
17955
19551
44350
7382
60290
19491
49071
46392
16089
73604
54986
11388
57088
67200
65542
37880
41835
69226
78049
44270
13774
33496
56426
6050
37864
11111
46284
69129
81338
55387
10430
54351
7651
46571
15189
63127
67027
12510
40545
11376
32818
15357
68205
57017
23859
73385
37369
9374
77704
44168
30137
12476
15174
65525
72089
49788
14083
11501
46077
44230
54078
67560
54616
80235
41022
32146
74983
17914
45191
46592
3466
2553
81596
61549
66792
24298
36268
38610
38503
81146
33287
2998
72951
44214
40177
6365
53910
69825
16929
42813
74226
82233
26052
27629
74084
9170
40428
45547
12028
41416
14494
44742
59802
47146
39288
481
51659
53193
56133
16607
45668
58846
66835
78518
24822
44298
31913
63371
15586
47483
11060
66401
35570
21828
41274
69029
13294
16631
67279
75011
43802
34404
14302
69627
76241
12560
70874
21090
26273
34717
27433
69513
44181
2520
17673
34692
1648
55786
13846
11688
73536
4234
17035
31537
9365
65064
62208
43979
24572
32690
13886
46165
65225
21346
78813
81508
14014
1050
44303
65191
48301
72720
62575
36332
12343
72087
19059
17012
79250
3631
39360
40347
48928
69269
9402
40560
45213
7355
35433
47651
11392
31939
32567
4050
79126
35954
51931
74473
17103
17820
61354
71979
43059
38091
52376
2387
35734
2476
12556
72099
76342
16530
49052
80030
49300
20113
22176
18935
64610
67859
65824
29345
12885
61736
77676
68655
31743
12229
42695
36155
32397
1615
4117
36356
48387
71477
72235
67476
70689
39429
58760
35134
64498
10935
3994
48538
42389
61488
73790
33991
78900
66228
18560
48690
62514
22089
61252
63855
56642
3647
35114
72284
53579
64525
45532
42591
32880
9923
10561
55908
14550
41713
55778
81371
37536
62073
50927
17894
9429
15790
28951
38871
63242
49135
34253
12286
29518
18720
77856
6227
10994
50912
72883
40338
45187
55948
56390
32529
5798
44928
35137
81788
2518
67241
14275
36576
43658
8876
62137
82210
1599
3040
48634
24974
19227
77326
3907
53697
41399
77294
30562
63094
5872
1575
147
42786
45048
32864
71599
63552
66219
67638
7214
69760
24578
8642
81893
18540
51204
46692
63266
1677
53177
1800
43095
5605
37685
23738
43321
28429
71592
64881
12095
25154
1353
15048
40540
68713
34424
52407
22331
1210
75744
69641
18959
71575
28605
7117
17685
11889
76011
65732
14305
39342
59248
79156
1056
22471
80449
21374
76072
6150
71259
11765
43089
26835
68184
38745
9990
60915
23284
27880
36327
80137
42235
59328
7441
28291
39277
39472
40866
73642
27441
69281
9523
57414
23381
80522
68021
70163
80295
34209
28085
54088
14720
46930
81093
32827
41136
11760
69852
19534
70366
46615
47460
71540
78265
32641
20783
858
39371
49699
79009
21364
14325
9490
45353
61175
53384
21584
22012
69577
44338
67053
34025
76213
68444
41841
17276
24690
24992
69292
47580
75582
13959
51191
16058
71765
46124
69600
79674
58248
52784
13038
43233
15024
24856
75161
23169
8315
19200
66490
73982
67070
18644
20546
20761
19364
14360
36640
33317
23395
9822
1120
60886
8204
34172
52187
28487
32833
73524
11922
8519
57683
21339
51857
77115
49204
64724
33037
15779
21696
39738
9225
66286
65724
73973
64267
73222
41295
58154
2593
59685
45319
73090
47555
39746
57956
27352
31883
31510
77928
50039
1258
69104
72103
24526
73102
55285
586
11769
79405
36646
67911
9532
45492
25339
14540
14811
10712
48170
38684
58999
72476
53458
8494
58253
63991
36294
2676
38
65613
60366
47052
44502
31944
61037
9818
47006
45539
42928
45543
19207
27785
56709
77033
69642
32932
10614
45783
17033
80541
67543
34304
56923
69937
77475
67130
2745
46374
25820
59481
32263
68822
37448
24122
11644
74888
70075
29819
19359
446
80765
65793
62650
4476
44178
60307
70794
81579
60246
63811
61047
17601
37260
7998
66161
68610
58625
29650
14709
71791
11728
43864
69783
41935
15925
26734
30343
47842
69697
44944
76257
40101
6823
24838
10084
24990
2730
75176
65456
63998
40371
53328
35347
48809
41006
62993
31293
78788
62663
5548
48921
17411
42356
58812
31998
59258
36285
74936
39748
33689
81451
7957
82079
77993
34661
32340
12448
14284
31863
3386
48340
3026
35938
51903
56498
68662
22794
69355
47285
44853
45871
23474
48635
17540
43895
10378
23579
59669
40532
78298
18835
6849
79235
52939
57883
30978
54649
862
35298
45746
43847
35438
71731
58091
5177
44709
1303
28851
63159
32449
33908
3773
67181
30857
2262
65459
81599
39826
45636
41214
55764
50115
29882
16470
48410
77935
56082
43764
22194
76913
43919
31735
38849
44377
41915
10922
13023
17609
12562
65265
37342
62487
12949
76838
28385
17174
9508
25398
60361
21681
14970
40475
60274
40453
12302
64403
53313
3749
43607
41166
53263
174
34299
14846
22613
43401
8920
69584
63427
10518
4617
15427
69916
3936
77995
26908
14815
56808
65341
3743
47317
10321
71381
12910
75456
55190
22802
42979
5502
62001
44551
11706
81965
44507
52947
78834
10007
18738
23725
20880
79697
37109
39685
23695
33622
10361
42666
33537
5766
77271
4414
31328
70569
79134
75411
65484
64841
17397
16539
14070
50065
71004
9134
38003
37156
62851
14789
81531
42072
2772
22660
19338
67100
58084
61997
73048
13199
67611
68890
6458
45620
43162
38381
22237
4543
66381
19267
32830
53470
19751
17199
53756
16429
61924
25355
35935
59215
5342
65114
66979
41255
72582
56588
30534
48806
35399
41522
59654
17092
15988
44250
675
37382
69791
123
8471
20716
31471
76833
65960
70511
2482
298
58720
28481
12210
10111
51083
44699
81953
60238
2415
64023
70996
16070
66919
12610
12458
27008
17415
61825
3947
42120
17044
24543
120
5187
47465
69522
20439
42802
68212
72993
28730
18445
13801
29040
44523
45028
10351
48400
24470
40601
80821
32662
37572
57690
49778
46654
31362
10865
5159
14652
61821
32403
68679
21195
51609
6254
28674
74279
71616
72834
58583
7153
34935
70411
64003
18713
42696
26869
5326
13354
80717
49437
49075
21620
23332
25671
10843
42244
64603
21384
44977
37249
9602
2949
36041
78288
11411
12002
33844
54677
17778
38363
74765
80724
23088
55538
75368
16876
60391
80304
45122
45981
37922
72245
45167
79209
20312
13118
77485
74101
38623
64905
78536
69237
52539
1903
30322
18997
37511
82150
71954
42572
66513
15919
21112
73538
43646
50598
57617
29012
34092
68994
61713
1695
36821
62732
53130
34680
29329
14763
36143
1731
76511
52046
16498
64153
52297
40633
16985
45663
59616
34699
1220
48458
56506
40107
32080
15910
27472
55956
55995
11264
48965
43793
74616
9292
72220
57421
49921
81557
49505
56811
56324
18397
20421
47077
76150
29964
17459
13407
2017
14724
72711
31064
5855
5684
48908
35837
71573
42192
52704
2625
71094
48420
69736
1437
9181
22248
3276
54839
59292
1184
69178
13555
45611
69352
24965
12238
19542
78229
29995
22534
16722
42793
41455
1981
69196
61487
27052
5756
21171
7006
53964
1288
12276
54725
10463
56129
77558
22702
69078
11383
11593
47436
32927
44070
38765
30285
45821
68803
72780
3149
46757
48722
47828
72938
507
73054
41693
22284
12359
76075
3426
6097
72618
42176
18207
60821
1141
10887
80494
75894
27396
51433
979
59234
7305
31686
18630
10720
11246
13762
34455
24984
58931
13421
29023
57778
29065
25494
72504
75818
4546
60919
62956
50758
63995
66273
21933
37605
43679
44803
40881
3576
61468
28712
57742
33697
52016
29742
55275
70968
22168
34101
78373
31958
11806
21703
63520
38788
64436
57458
69714
43505
10617
76227
58519
72501
19168
12778
19307
43877
69687
41870
24866
45518
41033
40479
52044
70332
28073
11532
47532
32061
62564
31745
21752
3534
62149
59740
44946
36980
57383
58394
58104
30517
1969
71168
2019
74022
66734
18408
13977
35875
74755
9703
75479
9451
24989
43269
39544
53468
46456
43189
75848
42701
30944
14143
81289
38085
75252
52740
26579
5241
25062
47836
61853
37527
52677
27214
28748
26072
5890
46861
59894
81064
73647
66624
44449
68578
33442
55720
29488
78747
8438
28353
61516
56168
70989
13317
7759
34336
31993
2310
20170
30524
72177
57489
63783
19726
64697
61508
9071
39296
37748
66036
26532
26914
67643
9417
41115
34816
41684
38935
73635
72228
67885
20482
26871
46178
81664
57035
18735
26153
68050
17508
36865
77360
70436
50494
70709
40625
2664
36104
39369
7832
61770
66074
36953
62999
77843
40905
79528
76386
55347
10894
19135
65538
31422
61461
37187
8612
40859
56505
67373
72370
43458
25331
50160
78741
51185
55016
13203
12627
66866
27390
66580
21242
70558
47495
78175
41112
26410
14293
65450
26146
4669
11684
41430
13349
28824
4248
12141
5735
60206
14414
30330
225
58415
27286
79162
20469
14210
19536
82200
77719
75773
26544
77997
55289
60330
38011
68862
18964
79480
45848
34365
67505
57345
75292
54964
37570
14077
2690
65780
28844
68817
29022
62362
26947
57990
20326
31526
3312
68266
18948
76102
75542
14472
11248
20797
75943
61644
24920
6394
17451
13091
50835
17453
28017
61246
34832
16990
78385
15117
4393
76765
77601
42030
78443
71908
41964
22118
16237
75422
57903
25599
46522
29341
71422
34569
20643
44812
15104
30643
13042
1936
79608
76611
15043
38322
33013
30364
40438
11447
77888
19006
68105
78473
63561
38570
39021
74463
77496
59619
26368
32378
81762
76853
29474
70673
20212
24708
73099
62879
71248
15321
68724
77302
47747
16801
69805
42949
71152
74640
18979
38073
39216
26426
40704
59278
43447
15648
61650
6843
53608
69831
23710
21317
16764
101
34866
31126
63715
79684
35235
44429
44516
47880
47476
18721
53985
22394
2608
61410
15226
69680
19010
68709
36291
15933
38492
34874
65601
65213
10509
45517
28658
12574
34689
52066
48837
75306
55409
25674
70233
64083
8146
43947
74198
23277
55450
41322
21671
38378
5428
23103
58957
16708
54718
62089
13440
1741
77805
47698
33913
73466
57376
48938
26976
2582
33206
66276
12170
39229
25410
81240
33723
75964
8615
15398
43816
24304
43672
40674
43547
69815
35963
54593
45973
9565
17385
58382
25446
46631
54184
71750
74916
25387
76653
68951
27830
49481
56987
27490
42903
59010
61661
74746
19904
21956
78007
41041
35725
81765
14850
49165
24538
60805
67979
60340
63157
22130
61107
55047
411
76101
67565
9105
22822
2570
15097
57328
62793
50021
21775
58791
7962
56170
17159
19095
28471
65763
82126
14377
14161
78316
68838
237
81441
18071
50755
20591
730
63097
27105
18355
27098
6123
17941
34395
38657
53705
12927
65790
50718
27148
70543
18793
837
69781
78537
45253
27854
58727
51601
72727
57013
44785
23950
22821
20385
30036
31556
76531
68521
74100
30747
34584
30787
76680
65921
42294
63543
69472
35092
6342
63478
21598
26133
57218
66057
20769
4030
4384
26434
7663
22268
10761
39714
24917
69965
14124
57801
14441
500
70749
70680
28511
78567
4656
79839
11288
28919
32439
33229
52281
59846
29552
58782
46838
62249
47132
12303
14843
26726
19407
67211
21499
80831
35953
62547
47359
52065
10744
8192
75828
11312
77643
62398
25392
38288
25234
53500
44801
15854
43997
46201
24778
22464
5185
74907
63332
31885
22869
62720
5635
7023
77962
5232
45965
56662
73592
21817
57591
54352
24443
42780
29402
33178
39766
41517
56224
53550
57576
58901
40262
11695
34795
5464
9810
10783
64329
66394
14437
37151
56503
10588
69768
52758
40395
30891
45488
50424
67949
30942
41811
70639
28592
18566
16659
61782
10369
13088
23596
59249
15128
7550
44188
16895
75601
22779
29892
74127
19715
46349
77877
28664
1973
10062
27199
49495
21148
26001
20443
27217
38706
43722
62296
40867
48970
29716
14153
38549
24721
65005
69261
51381
69568
1914
68882
957
68426
4606
1330
76318
17294
58891
66798
80135
25424
1302
6465
66126
27806
43229
31093
62456
77338
14610
964
74569
61789
41271
37349
30289
38216
65707
53796
45731
61228
30583
46847
57106
79335
4734
34803
11545
16669
73264
30057
25559
25949
9718
58536
6951
3862
19807
65863
51644
14135
23075
21454
16583
62966
5486
54974
18711
13490
66350
34878
23626
67380
12011
2573
21274
74893
67460
4345
352
47066
59047
14347
26638
53785
30218
61613
20764
58497
33111
4095
58770
78003
56637
60657
18698
5206
68468
26664
80050
57080
57730
25148
22955
79367
15706
81063
12825
38951
42502
8789
39334
33368
6073
60163
33616
46435
38491
69374
644
19581
49983
29835
14773
22160
55373
43975
79045
13013
60843
3640
34715
69021
61498
36428
2671
27931
78547
60738
24790
23101
7156
56044
48235
64972
26171
65717
71009
44868
78964
736
45595
7297
47956
68700
41737
23471
51907
56855
78799
58485
58869
72785
29688
75076
45909
3441
33097
62201
23846
13108
20455
23118
16306
32418
30717
20713
65575
30768
54399
10888
17592
76841
40802
28715
45399
27255
35943
1360
19594
31849
43181
74626
36093
50924
76065
10433
55643
80788
42247
47680
70261
47060
13703
47188
3152
39078
74150
55929
66311
45007
74989
42401
8565
63204
79490
28583
59001
62978
82323
17903
75859
16639
81655
16140
32086
31921
2315
23215
1135
44662
79702
7636
17471
63699
7166
39983
71690
38528
26157
49212
66760
7803
32615
463
1091
80180
7299
8978
46684
45514
77389
31816
19564
36896
31661
18927
74694
61477
32786
53728
74141
13995
50696
20950
4482
47003
80838
53598
23892
38933
70911
25297
29136
29685
5164
7037
81781
13929
21738
25826
54304
48865
32630
37898
60582
28071
73942
32659
81268
8275
24907
62953
62091
70092
67597
31986
47523
46399
64985
40558
32689
27219
2509
41391
81279
29755
60463
15963
26522
65126
11900
36936
64366
32391
55691
31771
35307
44718
78289
35987
1559
48245
59961
51670
59571
12580
65084
25351
76929
15518
64188
36675
10823
68762
3429
42656
70158
33432
43572
46311
47080
33889
4186
19897
14658
58145
63161
31259
40613
28050
17700
27824
18643
23558
78085
68000
4163
46163
37043
27462
29686
33790
11798
75071
33045
79140
33949
52971
81385
55844
60775
32144
4936
25870
72649
70767
12725
19928
28522
7696
20685
70345
67441
43753
47344
32279
40083
31534
60153
75109
49472
16889
8260
10126
23918
15205
56556
42445
73966
50818
77464
67852
56701
60267
8740
14512
47701
50256
38201
77919
32335
77870
77577
59475
54626
63049
15974
32329
6529
63160
11102
3394
57651
4074
55709
44914
39002
9994
74915
64420
35287
47019
369
61247
17595
23601
80735
33040
48819
19573
6193
28329
58271
5788
32583
953
36503
46975
11507
19620
30648
24442
61071
63103
68648
31653
31191
77212
68247
62118
70183
49724
20026
44094
18922
43998
35158
48791
16213
35169
28407
7699
63349
1484
42320
25026
12709
54519
16411
48568
39074
45294
47876
80966
27015
16372
69349
55895
70846
19885
73404
38633
14788
17342
49280
79521
6479
73447
66079
10393
76591
27041
11299
32973
51477
68114
26939
54146
75660
73213
65335
63104
22447
63695
65727
17462
4673
36858
35403
17872
26180
49744
81843
2475
9085
80209
66116
4097
71914
13807
61447
13376
47448
7285
68590
47756
64285
2204
53055
54037
67113
57397
73116
10835
40339
32238
23648
62932
25526
35970
14108
43629
28978
56399
62764
24052
45994
43808
28723
57844
64041
58255
59827
57085
34388
81897
14589
8102
21272
25402
28616
37974
33073
68498
14594
24607
24830
70810
60084
40512
15322
5172
38729
33800
48092
10086
77852
36775
67333
64324
63415
16974
73198
9545
36859
74421
59313
7051
14169
48125
44640
23815
74899
37302
21178
9280
62770
32638
53997
1446
63630
24833
63658
48365
22970
43252
32992
50660
13884
82115
41171
29498
20188
30932
42207
42816
33637
80883
62377
14222
38817
47615
23465
33727
32458
40763
43944
75147
69041
71155
50900
23742
17961
33742
6741
60241
62695
32412
3247
46485
38369
38488
29637
19967
50212
14098
15062
5943
1186
21865
79795
65202
43902
28379
59859
74342
81769
40500
27482
44829
45223
421
41798
65923
74870
45736
16075
30984
66554
63541
14339
79668
78971
35250
68985
18657
37687
46532
67495
20379
8381
2407
48548
17049
80105
65805
23900
24630
25786
79242
73744
77481
63101
18218
62599
49072
63051
29802
57026
56234
62108
8425
63194
35829
62672
34061
8782
4720
27705
12568
65872
80571
52092
23971
18133
79928
34775
155
22974
21174
69221
6447
71282
63100
29286
79461
66299
73999
25174
73796
148
32327
67361
63089
11056
9939
31902
81676
9107
71736
76209
45029
20356
65691
44240
79773
74270
33394
34674
70427
46338
32607
17109
19872
11469
51514
20520
34128
26476
9789
58540
46818
61300
55686
24626
72713
55021
70731
60064
64814
53919
21475
64388
7665
62349
59962
41049
66318
79581
56996
76950
37663
17677
31173
40024
62409
71702
33810
39531
14478
20412
3479
63931
19069
30014
18145
34384
5123
35008
75248
52444
36767
7190
45924
11367
37245
64862
42948
72521
64970
80671
1962
69121
18973
20452
11704
62240
79269
29429
44146
74319
20586
21102
65749
31825
11428
5136
18850
59061
53605
37020
64977
37592
40184
60830
22311
6735
16232
60685
10847
76687
8868
17768
64642
20809
35014
71517
29619
19415
67249
52737
19517
23149
20045
59508
49839
68433
20550
38227
71460
39059
71996
33010
42137
4014
39958
77848
13709
40267
33327
37352
54793
22603
22123
79364
64853
35813
50309
5882
27143
4430
54820
49100
40321
65744
49638
20807
39775
9797
1346
72301
64944
24889
72821
23001
81910
45589
9351
50720
15613
82018
6944
34833
19353
37028
45791
39654
8337
57245
26764
74805
48751
46686
76394
25966
11314
14446
52961
24528
36133
51138
68753
41863
42153
74594
57899
12484
68708
28882
3363
19860
39938
38917
72107
9499
15378
14893
19789
8963
68563
64217
66158
40390
8002
66583
12172
29169
80704
66605
24516
39126
18762
39394
68217
24301
17704
1433
32363
39335
75133
26788
31397
80645
9747
60036
63722
10241
16791
26857
65657
33244
2243
63874
38123
11725
44046
9130
44974
60431
15905
66589
17445
15261
44257
22548
28343
80561
50848
21899
19387
49290
41675
4545
7480
71416
6715
18096
7086
34001
26860
40875
78731
26653
18784
31503
31489
65894
28434
23752
77139
27684
67267
65104
32354
38297
16488
46465
33881
34265
19725
44866
31405
59638
37626
43139
27331
79853
28956
78347
55985
69547
61741
53750
6495
48753
42438
44768
57403
3304
791
34479
42704
58548
53824
16245
37752
48944
53649
34275
59152
64978
1994
24862
9658
41445
60954
53234
64860
827
5364
3819
21309
44341
57749
16400
37793
62066
58287
59322
61206
3151
22384
74786
75624
17532
60997
48705
68744
73704
22456
31656
25910
1778
61939
22654
21351
56244
29190
19051
48389
59982
30044
61449
34502
53303
45365
58455
57350
11238
22503
27606
39920
11419
33449
33741
72695
70493
22886
26676
45076
11918
14159
79286
53837
72915
39673
7547
41621
80579
44755
24717
22210
32215
76582
3815
42173
9691
58077
50782
21140
1130
25417
58696
60704
16123
68794
36959
34306
56194
32854
62274
55194
50324
18767
63070
21548
56865
12283
29309
61024
26170
48082
315
55329
46948
19862
59171
17591
13805
36781
46936
3680
29455
18724
38400
71841
1334
419
67355
57296
59882
39309
30398
12845
24109
64734
23786
55592
79734
64622
73900
34613
74114
49619
79463
13967
27230
58376
21249
40920
74099
53935
67021
13526
7979
21481
72274
61404
31367
4725
23535
64707
81079
25615
25037
33349
51950
81824
26779
67413
17970
3091
17115
76339
21758
66353
71694
38771
46954
33433
76447
54972
33455
32715
11253
30568
49377
36693
6418
66567
34807
22916
27221
40883
44311
27129
67493
74296
2850
60504
21838
30046
14201
20142
75295
59373
80178
53952
9632
29880
15867
29130
42626
43136
13054
71496
36985
41655
2251
56056
18902
78020
34325
1472
21518
32359
9852
75682
53460
66123
40035
26607
64838
80761
10689
57338
73627
13609
54943
67338
39904
80969
20582
74490
31908
2485
33049
30764
9332
57861
31696
79277
31677
64639
9152
62570
27275
53667
76264
2747
77656
32739
47710
3542
50363
59694
8684
40408
18870
60124
35177
11402
282
14767
12690
60781
20665
39067
68439
17854
21452
14405
5002
23182
1525
64056
15971
29541
43419
64103
11096
51667
2965
67387
43972
14628
50220
55483
44597
58300
62755
27369
65023
79630
55939
4118
67732
21338
5692
54197
57508
6145
34445
56652
47452
73234
64242
6232
21007
72128
30732
47780
40974
56748
6519
53342
31493
80538
10188
22992
24120
22962
55307
72955
10830
23038
70930
62048
68307
32688
61245
17536
56777
62896
18360
78017
13188
41836
66810
27812
29415
54736
26925
32300
19336
12110
59813
43871
32082
68743
47903
47498
66693
66272
11821
40698
72974
9982
52345
1806
65421
40791
35416
78866
39780
53165
55981
54315
42329
43374
23759
32982
21492
51953
31605
68864
77448
36195
19427
44615
29227
47722
37760
43516
57024
58329
844
26119
190
63704
46506
60093
17986
78876
50690
50274
44433
31313
19102
57979
33715
6323
72546
1388
35107
47869
8090
7187
77819
27691
11117
28630
32130
6390
42991
5460
30511
66233
60905
61665
718
61103
22187
33628
62381
28410
31353
5443
3737
14381
54476
28858
1751
3414
13377
18168
60075
32937
34786
19614
48769
14026
13748
28714
36393
37019
18539
38504
66011
11174
59245
35202
24872
7313
55241
14248
41702
45749
17795
20972
203
76574
7675
45246
7709
66857
75866
28966
54360
113
49692
7941
36731
78936
44969
41664
1168
30634
59595
41754
41059
55510
7005
34586
32483
3842
42769
35525
8710
20751
23303
71957
81253
65291
75010
685
35397
22051
2233
76149
15014
37965
4646
12349
45378
75927
1011
78912
72865
46231
14393
3300
34820
11579
6343
43897
16910
5810
10419
57640
13182
7897
81278
82160
53394
45425
81000
19164
64894
2700
68926
59368
35718
51874
52516
26765
46330
598
71104
57121
15816
24196
52397
81012
21894
43437
27026
50414
72569
3627
50892
19131
3769
30045
663
14619
24144
5950
8536
31800
33984
3592
4433
16828
9711
26935
21095
19525
73472
42213
14345
40127
41946
14711
28806
6173
78987
39168
60591
49913
54678
37884
4771
16051
67701
7098
54817
27529
37866
68198
2603
5838
46958
21080
1860
40722
39192
76924
42467
80512
48735
63529
4626
22949
39441
51955
64624
17256
30977
42111
39376
74879
79185
36399
73686
15273
65503
55437
48294
12021
62371
80318
42094
15071
9316
21602
71409
10798
51851
64950
47226
58513
62020
72385
33087
76988
49337
29268
15712
18292
2224
10375
37644
44081
45413
40863
16401
10725
73924
46913
34133
42541
3638
34593
39259
74632
74316
65547
34147
21450
40754
80910
69723
5382
64563
19272
38962
8052
51040
21532
78220
80080
3700
27027
4319
72032
27769
40117
70438
38154
18619
66
13125
25028
18197
509
49218
69860
15405
40713
48361
4278
36803
1097
75860
4487
27940
13912
12982
25316
23018
5016
78529
72641
17232
32423
20976
23622
29730
37947
61584
77332
29339
17779
10526
34017
10040
52512
1851
65786
24930
40366
78467
31746
56479
5535
4864
30545
63518
16242
29779
7107
20565
73389
78495
43259
59957
2029
29721
28815
14402
5743
32704
39239
66625
68371
76884
51266
2720
42280
19774
12590
10002
35560
81699
51042
46371
34464
58019
78581
29772
18157
27799
41603
62195
8750
26762
65655
7334
16004
66453
7328
6806
34
30688
60951
77871
21347
41476
19217
53018
46543
24239
20473
7361
37970
24761
24674
34284
56111
28166
8955
56070
33062
47392
17158
17974
75469
44890
43040
7396
43983
1759
48398
76300
58049
38032
29936
24625
18476
15999
36236
73244
78917
43287
10947
57869
34958
36742
65513
27142
48266
78350
22829
21219
13592
13571
34467
31113
61237
67768
47334
17719
39338
30209
50804
9233
81729
67372
64819
40804
39194
61805
25924
5012
35301
41976
27301
74562
75873
50877
5931
18314
62780
37696
69922
45648
44001
57422
27411
19937
38848
31440
54495
20066
53888
11368
6959
39207
12895
22410
78041
35980
72219
65405
71427
66753
71020
65245
23393
54160
40204
13824
80940
23915
76110
41432
24654
50033
48116
58185
71901
75696
72570
25343
52810
49240
1158
45596
6846
4910
3430
17851
32797
81903
53364
40494
9697
32907
12314
10856
34121
74055
68784
27248
34317
9395
61305
62904
8857
9172
78100
24523
48257
11752
39784
1037
19470
55388
61678
13283
8456
63993
31781
26617
64055
20541
23592
58756
46920
73991
12072
36278
38210
10481
54762
23736
1924
8291
14424
18582
40214
48559
3497
20944
61670
18676
70538
62914
67762
78070
42376
4794
61948
1911
23504
15339
1934
63476
49343
75798
69946
31345
2833
31669
44469
2033
70019
21466
81849
35501
41721
10389
3093
46622
23979
41223
17055
8677
25804
57487
3918
42869
24344
2420
949
56724
62289
30227
19237
708
32377
82037
67747
48290
18062
6277
63117
69611
60377
27114
35485
63134
53792
40593
30705
82353
48373
6002
54955
45239
77343
4572
58241
71132
35460
32142
59800
51119
39241
18042
80096
62687
36493
53360
9021
42416
17755
80620
55868
14916
77742
28799
7218
65063
9352
81046
4515
31090
23789
13475
66229
68982
67814
72091
46416
70050
33650
11892
70003
55105
17144
26523
27568
63687
71108
81348
11622
49125
10443
48149
52954
48778
77458
21226
39867
6393
47162
62713
80983
79001
53204
38972
60623
11159
81978
45610
25688
59182
45171
74267
8433
5358
4820
11936
73072
27652
24890
5771
35277
68417
30834
15348
2040
18874
24099
13031
72758
31889
42633
19771
3793
9832
54884
75957
80582
72867
22035
44287
26028
53511
14473
12411
60345
53195
61125
22721
20823
76571
82095
44691
2764
4167
14780
19657
46898
65326
477
60889
41595
19567
79155
2588
53814
13212
53391
2308
44074
15883
19257
30589
51114
12988
56219
18222
26626
62490
54601
9383
68296
8328
21263
60746
58320
80249
51467
3702
37177
37835
21283
36254
57355
31157
64607
9019
28400
56476
71675
31282
14299
6060
19915
35369
15477
25916
14844
3065
35754
51509
77369
43830
40871
64339
1494
48674
39487
66743
39438
22940
52561
46477
51314
72135
26203
63997
24876
13193
51492
63239
68277
15139
34682
16477
16248
4326
23946
66078
27227
38443
45073
14871
5348
41491
28014
23587
15183
51567
62623
36729
36029
6025
4589
39088
28836
2563
25882
35182
78375
22838
17266
13179
70231
44787
21958
66486
52163
24724
10730
11393
68407
69059
8351
72052
28392
53273
1273
24663
16403
29527
14637
48165
49010
75745
74703
23811
22341
66262
68235
19760
48628
45179
49882
29453
58310
26824
33670
16264
20247
15934
48870
40688
14009
4107
20765
29246
53544
31752
80034
79472
69490
13724
74406
5129
13613
21147
54285
62141
71141
30836
16380
57521
165
962
6661
46706
69996
13291
82285
56204
38859
62798
76622
37343
4058
7964
60424
46888
73972
60119
78641
4129
49689
21058
1397
71583
71430
70779
19111
77491
73305
33564
1883
46240
3159
30629
9561
20830
39971
62654
25589
11144
63766
30463
47469
65441
35034
74065
4810
81707
60639
75214
47276
5391
80504
24167
29677
21578
44405
55810
46003
72152
60486
53074
58589
51010
44858
8493
77023
13468
56002
14554
4445
61630
80022
73160
49785
12883
77689
28334
75631
78818
34518
11323
36606
63530
62145
24964
10510
30728
71713
23325
37209
57103
63431
69289
74286
16327
53764
76605
10056
63944
34303
35477
7122
2617
68233
33378
26580
81923
73086
69171
26405
15101
22181
25291
74255
73189
50193
33313
62405
31640
78728
9307
15984
7885
19487
72246
40381
2858
35911
25255
25607
22902
2680
18581
62578
34650
8880
323
1164
2334
9757
49660
19993
54051
35627
40192
28044
30175
27839
48076
47940
43733
68531
30616
76881
57409
4194
8386
41231
6570
9190
49311
26568
66295
22208
34623
34109
59205
64381
71236
32503
75274
79815
11924
24808
6577
56521
64688
59626
13730
10578
48601
80461
35700
17290
68568
3767
14654
55075
52510
23248
67247
80794
49819
54213
45340
66741
50971
67172
16663
12188
60857
81821
31929
62443
7852
43004
43856
15825
58058
79120
63405
53439
14795
27657
19936
20853
71193
16836
34794
29855
60026
67874
39715
61530
74467
14504
34058
47509
24277
35583
984
49524
12158
59502
64163
11947
47689
18910
49657
72464
78322
77043
37667
10938
74268
35113
19627
45330
32003
17364
41588
71944
5753
68223
20636
53775
24206
6513
18284
60767
66067
41618
54280
21179
67139
15633
57818
37995
66515
23294
50015
3096
60353
49887
24353
18007
61927
64673
3563
3452
51148
15056
53800
59974
78530
5987
57116
16782
5297
4173
73470
76220
36318
55805
81004
47300
33871
48723
35057
45015
68203
34523
77184
2173
68899
34161
45199
26844
64698
77226
61794
43950
72574
24697
3566
43475
41010
36223
79056
72328
25695
20014
46101
23086
15568
51648
71391
40398
70853
77736
48068
13330
29449
24683
37270
77249
19832
40845
41708
38455
32701
33067
38078
52417
9219
29734
75415
8766
60719
39123
22641
34134
59224
74877
41653
19741
6075
20373
40678
20298
28543
52611
31207
31611
39187
14668
66315
56007
52791
9031
28296
27341
1261
1542
59822
23414
13446
39265
26698
71880
41782
36053
57327
28735
57221
74297
20996
49773
19245
30497
43427
20695
6499
69881
58250
8228
21355
31229
8586
3489
4328
39807
46380
67535
31887
6186
63672
62486
79337
5268
66912
7618
53408
65296
7568
8199
48889
55524
54030
42560
57430
12358
39897
27136
19314
69083
14710
55618
57365
27306
80694
37348
2467
22258
17615
79410
40218
50748
2211
67604
52768
10979
23048
80107
71476
55876
20304
50393
55870
46649
61061
64914
58028
49544
70624
55163
35228
56379
19631
50073
80978
39488
23883
35468
7840
64219
22349
25683
45261
71372
24152
38347
23202
10784
1719
36367
49795
39363
70776
49079
5578
6339
62280
19444
4798
41679
42646
72340
44221
2465
10881
30050
19603
48988
74524
70951
69025
29003
52730
20600
62022
60542
44578
47038
47885
923
41979
37210
22555
20682
81463
7614
38799
6072
45931
72859
27594
55591
23350
25768
69032
33159
61389
32682
27171
46087
34913
38594
47270
21931
74777
29989
37551
38266
20631
81332
28923
36253
31481
59347
47605
5569
40666
21521
45755
59415
60563
34169
78257
77178
62427
80624
9907
77076
20031
1844
27717
77980
67710
1134
4933
24077
3766
34346
3745
38416
12620
34414
23686
73774
74506
25573
23638
72347
15561
80614
14095
71279
34894
72012
24178
59911
67668
77737
26124
6241
15523
33551
14536
63401
79087
59444
76694
28512
27900
29617
51976
21914
29292
67062
78101
77268
81191
64963
6936
51390
24425
47898
46356
29406
51260
75319
43821
8118
4498
21329
39012
28115
37436
36592
34847
31724
79307
45853
58929
77787
58365
40130
41145
76957
909
9664
52129
62546
41650
34806
61160
60004
29030
55768
7954
57636
6134
50463
43034
33469
59803
46238
61015
60530
9724
60219
2905
58923
78446
35118
52208
52356
51004
20322
68249
20778
53359
8574
44332
64199
50415
42196
16397
78015
36815
26143
71781
12219
51414
27976
76376
25116
645
18324
64356
27077
22557
45360
40253
61006
43569
62987
51041
37033
13133
81246
37684
49523
12929
74107
66481
12189
26345
24267
59341
62613
9808
41376
15616
2098
10326
21524
15196
43990
525
37254
61540
857
33245
46659
33481
14741
11789
14704
8109
40578
42877
32491
32862
37819
49843
47164
66452
29404
55822
50098
44919
82050
57425
33534
8278
26077
28176
37502
74975
31790
30913
10870
26279
18181
35596
2001
42619
37088
46579
45712
63615
36771
77733
24254
67640
24061
58614
60226
22808
52552
71362
79715
7203
79147
33764
47726
55610
12799
77841
34175
62301
15153
29869
13362
7309
18383
55600
58294
46067
16420
45126
82219
38176
50056
5900
11583
38479
44586
46985
10338
81387
42636
50401
41278
76517
6443
66003
25436
35993
24739
20035
18526
38280
45101
41897
39405
23440
58521
6258
61273
53076
75510
1657
28910
6290
26743
58784
17789
43583
36382
69780
22404
8831
6700
13142
45960
45758
27211
19046
44555
47574
5095
36078
49451
6103
2492
27689
18037
40951
82068
49759
11459
43343
17096
46237
9015
32131
4239
36147
77429
61734
36273
53671
42878
11048
13792
58604
61680
61282
65350
45560
9492
74259
78666
74590
30358
58538
14944
66772
1425
18475
8901
57388
9942
31438
39498
25806
61121
28469
75228
31912
53492
36000
51776
243
73798
40748
71869
1584
78036
30519
59181
27666
51270
73523
38108
32383
31516
11979
30207
32708
65936
32471
28987
13076
73139
70491
23334
52476
67803
21122
1003
13378
33934
33188
8603
60604
76981
21430
70940
42096
68449
81396
24640
74352
66639
57699
40568
80631
25159
75394
41792
11954
38483
9950
39730
31551
26886
4287
17184
42537
59425
62505
5288
39228
28960
46183
66891
20789
4060
8355
47027
16572
42860
61890
50340
11538
52694
44040
17162
58034
30503
41027
50728
41648
67526
20422
632
16257
45149
45822
29998
54413
15544
80044
36011
48329
67392
2289
2379
72043
33014
54898
40473
65679
695
6854
39464
3973
41996
53372
7703
51354
23666
25922
68672
66428
73733
38438
40144
41354
27825
79060
32014
65123
68158
28685
76238
79170
24029
71988
67528
9075
27863
23255
51831
15698
274
68304
77061
28229
53955
27538
64956
17423
33521
67467
65947
73550
41348
32860
58803
50150
39808
23718
33704
18232
55383
68263
19925
11220
32556
48566
61020
30063
12997
38637
13094
37670
3943
36457
42363
1020
63899
38338
60992
64231
51370
55859
54041
15034
55706
11946
30803
8840
80241
670
29676
55477
76953
64649
37319
3457
5362
6283
7407
56970
12326
38880
55898
14160
21136
56792
5247
71447
70416
70417
3083
19866
11863
67032
72055
40360
14563
53872
64693
55667
62096
72896
43574
35211
17582
35388
2155
50187
6310
6205
55144
68747
57626
20260
20389
66335
30878
33755
73319
19408
32121
50101
57782
74224
21074
52923
3526
48253
27060
14485
57451
78396
49387
79442
16933
5458
74206
80646
37466
38936
50123
4892
71244
14165
54066
27415
41129
18046
26498
53902
33916
5310
37912
80901
60587
41257
14707
76461
15359
13220
74992
55464
43403
2968
76245
57449
15728
42689
70347
68614
61057
30708
71256
7923
43263
9338
10208
31630
58981
58654
61973
54777
8573
22271
52578
68536
1815
8629
37235
77631
13500
2502
52086
31108
63296
50759
28832
61014
40299
81876
54750
38310
41243
74119
10904
39921
42409
49574
21779
67572
25578
73617
34924
36618
36322
50433
53353
26378
31246
55650
54223
14520
77246
28729
9328
68927
24136
74902
2114
49394
16272
66437
23371
37463
21422
15300
24307
12265
18311
42846
72027
40102
8906
63366
25896
70319
51068
50500
59076
391
57
63612
4444
37734
81570
41105
39951
11964
37535
76118
47714
24220
32030
43389
2296
32844
43992
56567
13281
54521
11477
4657
22510
58285
47137
30968
30006
64010
42362
81925
67326
37069
26100
13253
62237
31163
36548
35748
39774
12009
67619
26684
41985
692
69195
21687
934
24831
52073
38689
23445
81917
24500
45893
32171
23140
76551
15281
54335
18107
4778
61843
60115
47964
58228
14913
3088
829
8803
3256
63286
16926
62515
12309
49029
10490
12471
75062
48730
23047
8634
30751
80408
76825
61866
23339
67242
43479
18029
45389
10795
27947
57939
7471
53943
48993
12313
12456
10748
62502
27267
76992
45338
34070
70773
13014
71981
33301
15607
12864
48006
64815
73908
65698
52119
39947
59467
8744
29551
50271
70326
10250
33711
52487
41437
12248
53183
26036
32044
38997
61365
30033
4680
5214
81619
46111
42699
43431
23115
28446
39979
72930
3886
34730
18254
7762
24756
75038
69955
18755
77550
6688
886
12951
41550
51922
80696
55167
57004
42686
32314
55221
17565
14000
6456
38362
42778
13584
1048
81968
74546
41534
30234
8974
23372
8081
4268
66551
27304
40087
64593
71748
2074
54205
60393
74081
42311
5909
54925
33816
53769
4422
6019
37798
33851
59406
9162
22006
42197
41186
41325
73697
2057
73738
780
39756
39722
28537
28276
16732
43710
30885
23390
44777
27964
65351
52484
72873
15131
73379
79108
74379
25582
65027
48227
24763
2634
41739
42889
49247
38384
18502
24898
32950
23608
18890
67084
8559
17741
12268
9183
45388
3059
61038
45284
9679
53926
72193
37479
41093
81031
55515
51577
73607
66177
1502
22930
22277
23958
25017
21867
48572
49227
5793
49642
70812
27775
17621
55029
12732
18234
19905
7172
69505
35793
23867
9521
66421
61651
65669
10016
80625
49571
53476
62830
50564
16107
3335
75040
57480
63184
59584
16590
55811
82020
72603
28185
9192
53798
46325
1171
70467
65838
69393
45384
36935
42726
56953
56513
65682
3975
15172
55553
66653
7387
50483
65847
76455
219
51948
37654
50515
29233
57271
13646
7085
10235
1514
58422
4027
52371
62464
58345
29781
23511
2526
32595
52711
6301
19192
519
23835
54248
80354
75961
28029
51788
7345
24229
59955
50355
6862
22408
49039
60194
72376
42161
50203
64187
29715
25775
28186
51495
9905
69364
53539
28301
13630
51608
4113
25283
42042
7888
55629
81182
21763
20093
66852
42084
58876
33924
5675
66463
50864
44569
49718
44356
70791
21654
70196
12420
78952
56300
40737
31714
35708
69218
40062
2240
57529
41565
81413
4502
27012
47106
82085
70480
34549
33487
51052
30670
19116
42270
78040
79015
30867
73824
36752
64177
39048
7263
321
71809
5625
18455
260
25658
69157
58621
68856
79027
82247
70882
52664
5720
24747
26319
52051
77984
61312
48151
23614
13863
8095
444
10837
4398
29391
68583
1087
27983
60415
33328
51797
10822
82007
28459
23167
10215
66090
25001
45409
11387
82125
59112
73184
46804
24422
39639
75619
39887
4360
53110
30154
73574
38167
29596
79046
57157
48657
30598
41629
33656
76716
46217
57757
28897
74231
64033
15563
54786
13700
1840
28130
1264
52377
44999
63650
50879
59711
22163
17890
74419
13463
56307
7640
40833
29045
42731
54635
81717
10729
76733
81471
31762
29201
75504
29982
22674
43328
11166
8764
64358
46196
22987
8693
74770
53840
56732
32902
12079
18702
72064
61456
76292
28365
77506
48843
53931
22531
42789
80314
58746
2868
19178
11780
34290
33825
16651
29828
32895
62176
44596
80225
54847
1119
73321
56289
40104
78083
14898
1654
70816
62625
32534
4155
38907
5161
28786
22906
70616
787
574
65282
27017
64958
3924
68321
70789
18171
35578
66704
5934
49088
37729
70610
59891
23517
10387
33617
73382
32554
28530
64066
14820
12501
4746
12599
50949
73655
49323
79771
75459
17024
30903
75668
10299
1387
48998
71594
17479
61541
55577
34865
51859
11849
52541
6459
36489
3659
6292
46799
51769
10606
81667
58799
18303
27891
11498
63460
8309
8599
49918
63815
32867
62705
11433
3264
47795
65811
16809
6618
29192
22769
4366
37359
49933
15755
24492
66700
15112
27765
46146
31175
44012
50706
47089
69866
52824
22141
58829
74669
29941
19821
50989
19436
41987
76405
49489
46987
28355
32064
70200
33557
55504
17641
14322
75265
61182
56599
14268
23553
11800
9960
36964
78489
11347
49327
33253
21217
6112
60967
47011
69878
50855
12339
48318
80967
18637
51484
7565
32541
7125
80596
82238
59796
15059
73439
77774
78967
18940
1289
25038
73920
35842
52067
57546
57622
33460
32472
6377
68674
34655
20726
12198
51545
26275
54664
15411
51724
35535
52840
60722
6758
44141
32040
29483
33079
54716
80751
80114
46276
73330
57649
47325
30869
57998
79958
51421
53100
48203
40519
59761
74541
51299
76599
79825
72526
58488
16751
28027
61567
6187
48974
49182
13938
30069
77922
15868
2004
63041
30320
40965
80960
11915
37336
38409
46752
32204
55322
7141
34008
30795
24857
8071
10769
20224
8819
75363
74753
132
23076
50656
64485
12401
78797
33596
26442
64282
6015
12211
40982
66767
27090
30194
78816
31262
58338
34840
44366
69661
24707
34373
71627
47629
49649
26243
46744
49366
73017
21192
70442
78311
40793
47250
80560
27649
25190
77069
13953
21027
9772
79934
16714
45035
19302
40524
45861
12824
21845
77145
15843
75445
48638
9025
4160
27391
36554
29573
72813
46085
34842
74429
38560
7066
69413
74648
74144
39298
60355
52194
4947
34217
59270
63236
68706
16343
2637
80087
75523
36582
38752
73296
21913
5861
43712
59089
59243
21904
33413
58948
30080
5817
79860
23771
54936
47515
46879
68032
5188
17631
30368
41250
20709
41306
55697
59729
72263
29490
28279
10207
1801
72468
81757
40185
67517
48509
52591
31238
71483
56384
6619
17915
18418
25225
49034
8549
32504
42022
5322
76811
23343
51894
7680
3876
8776
43638
22486
6
12961
48208
64557
20599
24441
52581
20125
2879
68907
48891
26363
25187
27545
48247
75918
27921
2939
31276
49344
42755
18424
78594
16920
31074
9053
30901
31748
62778
11380
53578
30378
76095
2694
64720
52904
12379
49019
4232
52620
16281
8186
29024
73257
21184
7513
57835
64840
62853
43965
11542
12114
12064
15092
4136
59078
60483
54295
40010
55974
40154
51717
21702
1417
5435
49694
37173
4769
80552
69739
61593
57734
34898
15764
35005
13930
24550
41208
18983
36405
11616
50859
23765
33166
40580
14206
61199
38830
36952
47556
3507
56821
80941
73529
4223
11876
76520
39119
6509
55419
15757
45118
17230
10289
50332
62126
12822
68685
20569
47098
28506
30745
61707
66861
58175
41949
26019
3048
81126
11184
43985
4214
36842
61920
81230
47547
68548
50712
22737
19986
2066
78907
23067
40507
14179
76743
69134
58168
51411
2152
50303
31480
57959
57049
72138
7044
8248
1079
12434
10094
77822
26647
39636
56351
49483
44265
24557
31974
81113
6302
22171
9187
24376
20109
72702
37539
71842
68754
5512
71361
75686
4977
23363
20401
29746
33458
12605
44483
21280
18244
51633
59122
40657
59073
3712
67419
8061
76699
81299
70973
60179
31338
36111
52814
61194
7281
33518
44724
7368
35691
77585
30690
67451
55528
56036
74727
33196
54759
43435
23703
52098
13109
3136
55919
53969
52670
30300
76614
69382
26039
69443
76469
32232
27645
49958
54726
21599
20346
4022
59494
71645
39704
18904
2305
59392
23404
25791
26905
49307
74736
25244
34233
6728
16747
47815
42856
37010
18146
77402
19374
10806
76319
44019
39627
38952
16318
39211
66187
73616
58264
76091
56548
31638
12085
26404
57177
41773
23887
50545
56938
58069
75121
10163
61759
37521
12903
33802
44887
8219
68357
80419
51000
51021
60473
36013
33944
69162
33173
22329
6987
39286
8044
51350
38139
21935
32600
67724
42825
71974
19327
5530
56366
21507
34143
60497
59266
66629
36125
37725
18727
42378
9612
50808
20530
39540
7150
22060
66104
75616
26435
33277
9638
70207
31903
10631
51207
35073
72623
52527
45602
12060
9962
16552
15456
23782
28375
41630
49196
63466
57798
33967
72145
47966
23124
69086
73153
15622
73131
36614
57052
57919
35549
64926
7068
33132
60159
46028
47048
68488
23751
63727
46789
5823
57736
5253
15876
24183
71223
4462
20670
62239
72996
34766
56739
33631
53689
19959
62803
1960
40059
58628
3434
13717
5075
69027
68244
71612
74705
11613
65535
47986
61331
43537
78437
61620
23119
46869
75591
67860
75497
2592
3225
4213
48526
34533
3144
50765
72097
48827
62530
43548
44376
25329
66685
27672
4735
79842
5962
2642
56799
4093
12967
63871
52269
64197
3132
34135
18228
38236
60383
32486
58635
56075
37002
58307
1989
35784
34189
72172
39282
747
48330
25462
48898
19502
77218
74968
35175
54675
16882
81904
75327
60882
56459
65430
48543
16931
31808
9675
30549
41500
49919
15657
17504
29439
5108
58133
27383
25177
49066
51436
59826
2841
19025
9086
32147
52167
58642
79977
13123
35374
72564
81223
14447
62215
67841
46306
18654
67945
41124
56191
9391
15107
18264
33593
3373
1349
47942
74811
60109
53293
81653
51444
63018
29793
15000
30261
62734
10406
37170
7247
54143
80253
42912
56950
64665
33161
60132
31301
2282
74908
72022
8121
17513
55440
81739
32053
20257
15420
10593
56310
12656
54434
20663
38202
27728
67397
4339
73781
30219
6354
7404
70450
16181
51729
10156
58003
78718
16487
44810
43199
81944
60192
70058
65220
41555
15282
7411
20925
19890
26802
74130
69496
49628
71887
35640
80954
79805
10753
8697
52000
23970
54106
20289
54384
74802
8929
21730
38614
33773
64461
67653
46082
34449
52991
38320
31594
61637
40909
40900
36922
18632
35618
15996
22293
12357
31845
31169
45346
3016
331
41474
64232
23657
37991
2459
54639
33127
63056
63021
49098
56904
31844
6316
67907
44692
7742
10135
37232
2885
7429
61154
36467
7753
47434
16875
37560
38502
54874
7233
82272
21413
36733
49158
3383
17442
8801
80443
3692
21394
80488
17693
46044
21891
28994
30049
16444
11636
56933
61437
14876
19607
54867
41511
46375
59966
33753
81083
516
42477
54889
60791
64904
38273
61043
45445
59716
54862
42345
74417
13982
78186
63948
32160
81470
64225
48281
2325
70376
49844
2912
29183
33083
9113
9892
59107
53002
35939
11563
8993
64940
28288
16962
55296
2317
8339
2342
38988
52070
30929
48276
36504
32756
75804
23206
33811
51804
22649
41316
68539
66947
29529
18841
38394
1283
72530
8396
77413
7824
51702
12378
52846
48218
27406
52311
66926
27971
22635
29630
59904
6698
76940
15332
64449
4397
48035
64611
66663
34474
32944
34647
54944
64691
35822
81798
8985
16188
81494
55057
70644
29558
72983
7683
3237
65367
38796
60317
48696
76417
39287
21819
64295
71513
2798
12397
12763
616
19150
29072
11122
8415
76317
29359
43781
56841
74220
27636
26758
56326
77812
12842
39366
61119
53027
43080
1640
1002
66903
6220
37172
20261
64873
2200
47809
34764
76137
28170
28234
64348
23112
31646
51981
38094
15016
42453
35948
65234
11207
25976
20873
18440
63374
4519
1779
81784
38834
64648
20292
47764
32574
81588
50100
58566
53527
46475
48324
9320
49367
50128
49895
20203
80103
39529
13819
4855
53638
60750
32815
33649
49674
55964
8485
20375
50260
34243
65428
4884
35721
79351
36245
56676
71874
6870
45325
46191
55545
2128
75166
66472
27994
22624
73488
27262
8700
26248
63801
75812
11673
27798
61184
80689
55095
37304
75855
71012
40730
18761
45991
42058
28944
71866
75539
1412
45329
5671
55127
457
26115
26166
5607
48505
31384
46241
13579
60287
17380
4962
81902
22530
53709
20278
4713
77365
76280
27326
64703
32721
47078
20077
27995
14301
6906
43664
2443
40445
17496
5939
18690
22372
40284
6889
68148
24571
21297
52583
23827
66337
38517
75002
22261
3596
71089
31492
81317
17948
62848
52284
24765
42014
901
41207
27058
14018
36757
17082
3839
20392
69036
10440
26990
36196
39503
41765
30813
32368
36925
56944
37015
72843
73857
36175
55527
71082
32714
59927
51181
42678
67313
61296
169
55732
6897
74348
25335
14743
3118
35326
29968
74903
78708
65386
25730
51814
75460
17000
45327
68139
27693
59042
74529
45058
3266
43692
19066
36498
41744
6295
61931
38258
1976
23069
57973
15784
55468
55565
51757
19975
55695
36262
39029
54569
54654
20145
49906
60410
22362
67003
50613
78925
72330
13473
6660
1100
626
1201
30461
72205
21325
48180
16362
6685
1337
79641
59191
15120
30479
30840
9389
81023
3241
50957
11838
37597
3899
3240
29511
7625
38809
27810
6781
67735
9897
611
16062
61746
76493
10200
67715
78193
52200
62940
51106
58778
51543
4604
51223
56339
36205
29693
27512
25082
49944
48188
3295
37761
73025
19852
7876
45969
78455
48500
33830
59147
52226
59390
5665
28062
65074
24071
59461
29294
20605
11259
69287
63382
12258
4919
73749
54501
2218
7768
15209
50790
4002
67423
7222
5101
9555
34804
70540
29959
19704
27589
63744
28423
50505
6770
81628
27427
11212
74921
47298
20603
17576
79539
65756
44209
7138
72174
82028
2846
48624
27240
27860
8791
59081
9253
56755
37322
68599
59745
5915
15896
13655
78506
17357
33920
80709
61453
67737
50138
39485
62728
67289
22079
10646
47920
54136
33104
71075
7133
43497
70210
20617
28267
5044
29974
34335
41554
35336
14167
68585
47030
52495
10652
7904
56835
2952
69159
51962
27850
57566
23962
10151
2182
22856
31217
78151
45690
8288
62164
17406
21909
50038
35
8358
2589
57471
16525
16947
5008
15670
52569
61315
62556
81122
49195
59288
3617
5222
23985
8732
28558
81932
21344
23854
55246
57811
29904
14993
358
72360
66549
76748
38885
81658
46966
21372
38192
35400
2927
76869
41508
22618
49731
24248
28222
31692
68690
51102
61777
25372
75447
18020
24944
4698
12466
59529
5869
9069
18926
20889
40758
74480
41543
11145
64081
17244
52910
29365
20826
39395
15838
63307
54015
44475
21299
338
41197
82364
62538
11860
62584
9917
77529
23873
365
60920
37763
9264
7537
82321
69403
8010
43175
56991
64682
10088
3447
14941
59709
33202
60977
14953
23192
72947
4675
80947
30483
78568
63914
3499
50094
34034
54194
8257
58624
30922
41265
52017
63253
33985
45580
38775
70509
40557
64397
39923
23333
80452
51839
39353
31900
19733
81942
10477
12854
38543
49595
58280
4250
69971
73951
10486
46098
78184
76403
61688
54770
47595
28931
12939
69273
4577
45270
80450
12650
14976
25048
58454
305
10275
16739
66900
11036
55256
74378
68910
42446
25326
15305
44142
17312
15078
37813
69132
25946
71743
23223
31855
74865
18816
14427
75220
7761
82282
67494
41532
34112
9885
8043
37227
58597
6115
66559
9999
1150
20268
56165
29926
79562
75216
58449
69067
43806
54478
61546
18021
14642
63492
73230
52811
39728
63624
61189
4836
11293
74361
62166
27996
78682
43344
14842
47373
44193
68024
38589
2807
61884
69186
77121
10513
81770
12033
16981
1824
57319
77437
9072
18124
39052
9966
64410
56152
54895
14535
13539
77970
64588
35024
995
56611
12529
30206
63402
18377
69077
46398
79508
27760
9625
79678
36006
51231
2782
49315
5596
41671
21664
24332
30312
76483
10573
21878
72395
31004
7358
62132
65391
66597
25431
10402
79104
39299
26292
56121
10568
5142
59564
20492
27082
64250
52076
57250
76498
60711
11065
16064
3982
21048
35413
385
67518
81335
58552
1769
35926
54074
10116
77565
49613
66547
26900
20403
23810
22637
6158
3964
43054
21886
29663
11869
31474
925
74604
17251
69756
15386
13305
68565
79257
51217
37769
29219
13600
9682
3727
70999
49847
37399
58221
29290
14952
67602
69017
43405
74718
34562
38411
33876
47197
37666
56848
38095
56015
24111
14604
18746
10535
27543
37406
59099
28079
56143
16617
65948
75033
70703
27614
59823
1571
69896
17709
52861
27847
10223
80665
43336
4165
70354
2501
66985
33732
18612
28095
38159
76152
37981
49540
79445
67680
78646
82060
19015
22719
74660
10727
16859
44091
79658
65475
14454
51637
18159
36848
22099
36600
4441
5677
40014
49552
9414
43096
27298
70490
68622
79739
68779
67776
58044
63424
10621
39179
11972
2989
64845
62973
75896
16085
20916
29536
11006
43451
24018
15495
73848
65332
54831
54325
75180
58204
21204
34603
57314
12497
77144
17186
2395
37432
70504
73038
80638
38298
35279
36539
20411
41319
44960
43239
73563
29385
50891
66506
57739
19554
67938
2051
30089
68388
78422
12685
15805
67433
54455
71811
27602
4757
43013
16726
539
50075
78390
17391
70108
48915
5518
73664
17891
81976
63143
7590
801
43894
75273
25139
21461
79065
20730
19709
3626
47440
59549
60677
34707
41161
31038
78079
7224
80271
66537
51618
57372
45203
25265
46914
26186
1374
13691
41288
28599
30829
15569
264
42306
56423
26300
82104
71057
16625
12632
40950
27263
62415
15878
59517
26861
53488
6751
61717
57078
28247
4925
3985
50822
59722
9381
49769
29641
883
42526
13661
47158
50423
25211
39325
1608
4877
55619
47831
18187
67367
61654
7522
78847
47955
73537
65754
48220
62783
79546
14313
46626
46155
60593
67019
24695
49393
74011
17207
79437
79450
28969
66672
72792
6037
13166
58137
28753
60328
52250
29084
60594
24878
1085
34246
11074
37311
65014
14462
67614
37579
56314
50425
55501
26007
79944
19541
76158
48311
50751
52940
15638
66555
67508
23705
41019
6318
70045
26793
54852
40160
74013
39197
3475
64922
7793
41364
79283
40039
2195
28052
42490
52503
49784
68830
26050
4176
45703
70921
23157
28498
11457
53347
59776
34968
58430
49059
43916
20850
8346
3078
32197
12833
62898
80190
55358
73654
8896
52306
35742
45311
43077
72800
56433
28216
75156
25216
20019
44028
41660
61723
17525
72093
44982
79261
5994
70276
33513
59939
79119
613
30393
76076
45627
64310
5734
43762
55857
80568
38779
5372
63482
60941
57055
65528
9513
17746
9564
62608
45807
49696
32156
34630
6911
26211
38186
9637
20968
63831
53737
62406
76057
33898
79394
49109
26221
51286
77778
47411
66938
19713
6650
13678
54577
66224
72096
11435
14344
22566
14907
11653
1241
37825
9621
60583
4756
69452
44921
20338
52748
31186
33212
2857
2827
79313
4765
49230
55739
33585
55316
67125
50293
56052
11275
45522
9933
70191
49411
28710
1324
11027
46606
37941
6879
20056
18622
5059
55202
66191
56290
29238
33910
33428
62521
1789
16
15682
29086
65975
25716
42838
22149
23314
41574
79635
10278
52985
46868
51925
69958
54368
23906
54859
15526
52649
66479
11993
47837
30491
2371
74891
9511
64428
12839
69477
36434
4306
23488
66675
55238
43213
47155
43024
37379
72162
35043
69233
42483
77747
4557
17567
72357
69090
71453
69390
59868
34838
48610
60554
34927
71806
59610
560
52470
54050
34831
1071
15480
10267
22085
16221
50387
36037
3798
16543
78325
6876
42182
24214
21655
52807
67046
58440
11245
37141
63506
46728
55400
3329
67834
43795
43219
37580
20270
36590
10080
36559
4336
31432
39253
6978
17426
43312
61362
44951
25309
44792
52463
48016
46640
59021
9541
70149
71815
65093
16637
63249
47638
40278
65194
59835
25065
58673
75444
28155
7198
27189
54472
31879
25953
152
66577
23925
32254
9578
58573
66042
56060
20134
6887
78099
6919
55212
26879
73768
34827
75935
31695
29052
38365
13519
79397
19638
32095
47085
26313
10030
75283
75114
13845
53871
44495
69728
80323
38300
44559
19839
30677
31412
44910
3587
30841
57044
28950
29611
45892
35936
4122
4708
49702
22234
53983
71554
37274
56443
2829
72326
22900
19480
4970
30024
6469
15756
21717
12478
44187
31620
29156
80989
19882
72276
78511
13811
32272
54910
2659
52138
51598
8754
16537
533
24326
4083
81547
72633
44843
59300
54256
50601
78602
30499
75573
77109
15504
51785
52889
74247
79079
45232
35774
60149
74622
7169
82032
60017
26337
66781
53467
28899
26666
72430
63972
37191
70068
67529
61032
9739
80851
1957
10818
47972
35645
70841
12180
8720
16325
20003
8029
56572
77394
81364
78159
53658
60076
53043
33292
8727
53744
70174
52879
56096
63077
42257
30555
70757
71851
5280
21627
33041
59539
23496
76406
37808
68178
71330
23238
554
79617
3194
60495
7687
61288
1670
57502
37096
63771
44453
65094
38976
17372
77004
17370
49461
6154
45776
77235
11356
18162
79707
60335
46827
2751
58814
10134
36210
44680
36702
58213
78592
35750
25484
63582
45435
8651
343
4939
53974
3008
77502
39116
8691
6416
59014
10815
50005
41074
11154
25014
46540
22418
59312
51330
16679
10548
62747
58276
27752
33267
25765
73765
18367
29371
67963
78525
34432
8899
57039
25024
17806
11652
5333
54312
1062
12233
43609
52057
72672
18811
77045
11018
2755
52639
11241
46715
8813
44536
61111
51233
64869
52422
5303
55837
11555
1281
67040
50023
52521
40891
60733
38526
7931
35323
20868
9651
29960
54175
24730
50981
35362
61698
5782
2192
81326
45838
8129
43556
52485
15236
77573
6426
9444
57987
45696
23367
76372
65859
2529
81992
71417
51007
13874
13921
11175
33589
79247
38459
33974
6168
70029
4208
63840
45482
16695
38665
25476
31569
2769
17067
61344
27957
5591
44875
68828
7288
51654
20625
23484
79911
56091
25873
47178
26731
50946
52232
49060
34255
73079
28451
52668
18089
42124
59849
79786
75343
58941
77956
31060
54824
51283
2876
8238
7464
48031
6725
32283
46362
65998
66149
60001
10259
14749
54704
34085
72514
55115
14751
68379
2473
58559
14938
43656
51915
24160
20672
24035
35083
24804
81721
38956
11488
16460
50450
30958
55378
10310
49917
59816
81456
14358
62435
61574
34954
13171
16658
15666
48060
27000
64114
71027
42167
64065
25456
53129
25279
11086
76446
7276
9728
57537
38244
64765
52339
15766
16755
37288
28110
60260
19672
16405
65465
63501
51031
44636
6082
48961
44131
48740
38040
3775
7966
38580
22583
23780
40587
25375
23543
2007
59991
44690
32161
57198
61452
66347
50283
68168
78113
70745
65003
37326
11132
64097
6272
69316
69632
21769
39905
44387
54516
71550
12504
32071
58096
38055
31525
70619
64494
73459
32670
60797
25629
81566
10787
53761
10316
45997
64959
17717
17835
52260
47772
36627
42000
50275
62841
36796
182
80470
56254
66647
4789
851
19397
46273
32271
80592
52393
13372
13511
63795
64063
25861
63572
70115
81522
47282
71808
69730
69770
39883
23957
77691
78130
74781
48477
16943
32734
15742
69459
45494
61982
43813
30199
80357
41707
28162
19368
10072
668
46476
66327
70310
22967
8300
68077
67134
58952
79722
65968
19418
74469
16867
50631
25053
50237
14992
55556
1591
26833
15630
75084
70664
36778
4983
57256
73612
82052
22108
2958
49257
23787
39575
15537
8683
41609
48316
60632
4696
29465
1704
7210
57748
57285
19106
73123
56330
76174
32154
79763
28566
50874
22694
59644
22577
69549
77198
7022
43630
75644
78302
56496
64141
43455
44163
42109
36379
46136
40015
54939
13417
64247
14505
58690
65273
1947
43801
60878
662
47740
9360
59118
40425
80331
19068
67579
65047
42732
12331
27399
68872
37542
6995
44360
29123
46126
78434
15041
1320
49723
15676
68781
23520
65554
65259
36391
71327
77162
25923
19195
431
78772
40234
36875
50969
76274
31943
34944
30603
55914
37385
59525
65593
20814
23185
23139
35918
9896
60044
77156
47186
73429
51251
48139
65945
8427
39832
8528
31602
41465
71298
61914
9952
15368
13338
71436
26193
19825
3756
40072
68514
77544
15547
79302
58484
7576
28524
47119
39857
47382
68118
1312
13084
5449
47115
23130
15290
31103
64934
76640
6717
61420
38130
6066
54486
41114
53988
28552
53815
25848
71776
10626
11284
48428
12048
38758
32672
35448
36674
32564
75705
24597
52867
81713
60247
74796
16689
12770
7320
65134
11443
8034
69465
30002
40485
73150
65183
16311
22043
24799
33579
32598
11758
29938
80169
35378
30252
17935
40194
30258
58321
52973
30658
37741
9404
31385
43775
75838
13044
36714
50443
30694
55231
62492
62131
54103
35063
79869
42551
29431
48310
5242
73395
2785
65820
23554
3408
18289
16225
78364
32175
66026
19782
81252
1834
38742
70590
37424
29161
57889
65099
47305
53717
26554
29815
47071
46903
44839
6484
62340
35662
33782
29846
10700
52241
78755
70579
26940
46339
73545
64112
67184
24170
16649
2138
61779
49738
2350
6833
20082
2404
64134
51305
31457
29416
77285
24084
49470
62477
64829
40314
1139
77840
77947
26663
1462
7088
13563
33303
6140
25545
60005
44434
78203
78076
36046
66089
73912
64322
51768
80617
60960
77882
31566
75533
9678
17386
55076
26045
39222
63173
65734
16471
32209
49253
10924
71159
45844
34834
45504
73820
61972
70653
65911
1504
73483
10543
6696
3124
19814
13983
77410
52188
75281
35163
50216
38113
34976
38762
15402
40963
22709
50379
10962
12131
54923
2986
74514
12669
22978
29101
48535
4532
73566
70352
31227
47954
63905
65796
39839
2767
6657
53722
33899
37104
50737
36995
77679
31833
55823
77958
33031
3188
18556
67588
52033
14866
10050
25746
8540
13251
51621
31892
78143
6098
47864
50991
23506
6030
45109
79537
6592
75189
16823
66500
50530
69681
60278
79995
49967
38127
61417
74984
41176
29002
52112
25739
66413
18774
64656
70990
3313
14243
57658
64251
44651
72664
50333
13397
5614
49709
70413
64756
51197
43119
49600
79997
35902
28777
4452
10972
76478
56672
58113
58391
54713
29061
64444
30121
57129
6536
28207
57873
10679
48158
6736
39039
71680
9483
61295
54378
43420
20548
36372
1714
52771
4600
63441
46012
52144
43412
57307
61992
50905
64581
40842
59945
73622
62143
76229
36905
6852
17997
45083
8989
40746
36342
11509
49820
16702
10826
69931
41689
54121
20372
604
5583
18994
29509
44461
56684
42261
26562
65661
1482
19785
26018
2084
40812
14266
26105
20500
44794
35162
26144
14466
11534
42288
37783
22878
77671
10478
56874
10473
3525
73919
11007
76875
62479
41639
22319
7102
11193
2556
13825
39396
46408
80679
25109
39850
31954
54180
77316
23270
11083
70801
25261
60512
11739
6398
77379
35867
69100
55368
77793
29602
35858
38575
31509
45373
6616
80822
29905
24784
24457
6492
78613
46025
24775
75552
69242
32977
54131
2384
59527
23413
42888
753
15926
53613
82225
17322
61822
39384
3672
3166
37488
49432
48954
69344
22216
24660
6626
14130
75025
54488
39548
53256
48487
79758
18387
41726
53334
81638
41421
76439
42976
7402
35671
17323
59310
41406
51699
45530
54061
55089
36259
30662
71454
15432
20047
27621
25780
66971
47370
54421
63595
56296
39158
72106
41894
59264
61069
18591
63267
26570
67793
7490
22224
70394
51363
31559
34837
69569
62449
42919
61892
40781
37506
10954
29143
64647
29594
27469
40459
77420
4783
59755
41821
53833
14232
55430
78673
57097
20905
137
44947
18646
8826
26417
76922
24485
63354
30144
65555
63181
47583
62323
79432
25323
18710
60758
27032
17022
26487
59381
64802
71644
14801
45920
71898
8947
72696
61011
28997
50306
67188
76167
27884
26818
64455
14583
71110
4468
68060
57744
17076
53534
74438
71198
52326
80388
11987
49145
74249
42055
23571
59154
61763
55542
45142
80753
28116
3869
28798
60229
46639
7975
10563
19942
48749
17649
12100
72254
46572
47645
31197
3555
78869
78877
7457
76188
38707
67346
29791
74033
53882
72922
17548
47222
79225
65494
76725
58067
13637
6600
6523
7027
81198
56619
6763
65314
33798
60400
44318
6910
42147
8373
57766
10198
9283
43543
40248
8595
77257
29276
14733
48503
33869
8261
68125
45479
31705
13896
81202
34996
55676
58578
29423
54453
76967
63850
22920
12262
80949
57842
80045
71227
32345
73361
45265
43072
42548
81381
10647
51978
60608
9821
48024
48671
9123
52674
1866
29956
12352
18112
54343
26328
71637
10336
9461
34670
77051
12537
79919
12874
15866
29496
20804
20934
17657
47328
25558
69872
3201
52175
66363
47977
35603
66384
14027
57184
65037
34153
22954
40561
48357
27071
4687
61960
36366
80773
79962
78864
32594
27723
4569
42010
30535
69640
50842
37706
62594
65981
55638
76713
63775
32514
43654
6347
39144
18536
7658
24368
40261
8411
53743
17862
36167
28165
21556
7736
54743
67933
14368
8166
5814
34054
3673
66253
66372
65991
7271
81627
48672
17400
35192
22684
43616
78457
58687
63737
24947
5544
68167
26388
47946
41925
55454
7434
53514
43369
12804
44154
68555
76521
34746
72906
43697
28217
72472
26957
26599
46587
76632
59811
46495
67901
19343
44409
30894
40642
81029
28312
19406
45418
81212
27169
53220
24128
34287
77907
34481
27930
41001
55566
25299
67987
42497
16563
13480
78056
71843
40894
48176
54153
5087
50821
31554
6251
40078
39477
9438
17004
73012
36024
79106
67536
44842
10902
25073