41021
37234
17315
27633
53674
15660
40774
19008
33207
48482
13957
26152
50076
34818
44151
51934
31026
8571
22889
18693
41990
28716
8254
34363
19452
37680
19947
15198
11049
1102
22116
8290
44635
53090
22421
39636
54249
2223
42743
9627
21466
52397
19293
50419
53654
28065
25974
42697
37069
23464
47481
14799
21276
52711
137
29889
22757
50059
30195
34871
11804
28630
39832
19165
48328
44628
25064
36980
12490
9163
37805
2824
20626
32326
16584
18359
53135
42673
48682
37629
33830
1828
33512
9860
22634
12144
15107
17064
20869
16261
25887
18311
51923
49384
24836
11054
28256
47520
30020
44341
18333
35194
40727
15670
42307
26789
54128
19436
36973
19187
5214
32588
40711
45035
48640
36575
10786
1247
30834
30373
11461
8567
49638
7955
34317
54564
43670
22210
15446
24385
19811
14273
32400
20916
36447
10972
4285
43885
42356
30018
34953
34119
51015
32083
24534
14094
12833
7186
54521
54066
50135
30452
33730
13593
45401
36128
27848
32243
30862
18322
23021
38611
40835
13208
33186
23334
5726
34258
23238
33560
19211
35804
8191
53613
34611
23542
44716
4904
543
15814
20452
22309
42393
35720
53957
27822
5347
54830
48977
54901
47369
42913
22450
42762
1429
44471
1725
29569
18913
49737
26713
15897
38068
40651
17990
51354
8158
51202
5814
31146
19035
27420
39105
19026
53981
52107
47283
31297
2875
15775
17733
1481
31476
33140
3112
48413
10726
4805
11396
31235
27690
16728
7001
8179
24627
7744
22931
30060
50480
21358
10663
42536
48957
21109
33653
35559
1270
5338
18303
12103
23874
4708
40524
19923
24194
14951
41946
19382
7586
40883
32051
20488
42162
27589
2464
26689
38788
21705
39302
25673
49241
42031
41828
50435
54416
14533
22425
52015
16132
43726
15631
7063
1551
52881
33313
38811
11431
32411
42893
26306
17170
44693
7319
48404
22493
103
52059
2525
5557
2491
3703
54290
27142
19486
19174
6118
27488
19994
26618
36961
37703
41005
14770
9513
20742
49747
51152
19247
31949
45729
11578
43347
49265
15385
19602
31035
3646
47063
29707
21960
18748
5854
52147
13696
22144
22468
24080
50465
7919
30163
6059
6456
48698
46131
32696
29247
12210
54674
16114
40165
24774
31298
33055
12403
41569
31939
4273
41347
16369
33602
31439
53314
49633
17156
45975
24597
46307
3555
35106
43203
27194
14323
53449
760
38266
7607
42675
11602
8014
16213
15128
21881
43463
54548
47038
8582
5809
41727
54692
41209
12398
29387
54320
54585
35201
46720
22523
44104
25897
54865
23110
37108
5994
50840
17379
48310
35588
41631
50748
33856
28339
6808
18489
23344
50364
52735
23843
11489
26357
7450
4244
3351
45203
38108
3181
3155
19019
51379
26887
1161
30872
5810
3316
29415
8346
884
21854
54504
42367
2780
8231
28563
20853
28872
31956
46536
25901
46298
38802
4333
43297
46985
40309
34522
10448
35283
29518
37588
3139
34604
47987
15878
12985
12997
23929
10874
8080
51194
48301
40392
9716
36459
52874
28945
50844
54528
40276
33886
22387
17958
51535
18294
43715
10102
23670
43768
36376
20357
49619
48901
43862
45411
2076
25378
40220
49770
12617
30108
15245
19081
38696
47358
54822
22175
12664
5773
6289
37734
43621
46597
33390
41325
15146
45716
10069
28327
3286
42108
17488
40942
12581
8098
15612
48525
43518
51146
18749
19701
53933
28771
32914
40024
5423
14489
13089
41815
42426
939
24463
49369
46983
41162
38256
53716
24991
48156
44907
44029
36106
3357
43476
16451
5529
46638
42185
2600
7289
47512
41872
32804
10076
8559
463
21493
30564
12225
20966
37742
25004
34211
9228
34175
51885
35338
49698
37865
34588
41193
52387
43646
33065
10259
12962
45908
26641
14732
5537
1267
40012
12121
8273
17612
31392
22311
52076
2488
24498
18794
53319
35128
51195
2940
15843
48750
2304
11967
2937
14386
19156
43092
29244
5002
23125
22530
45312
37321
6969
444
30165
13895
46602
22095
21055
5527
46100
36682
16658
33956
42351
1777
19761
44070
8986
17038
32969
31065
38952
33465
34367
41517
41979
25596
48863
2906
46615
14379
9503
51020
29554
33683
417
44836
21691
10605
31668
30548
42973
50723
24565
32107
41684
44081
877
16506
44634
20130
21637
31494
23444
19261
18873
718
37130
32334
6743
47804
46274
45276
5665
5856
53101
35144
48511
13170
14999
19804
19590
26312
625
49235
18746
7129
30531
13177
2611
38087
36061
49941
33628
39086
52540
41621
5403
23977
14859
55149
10008
45859
38244
35360
35655
3028
28246
29116
41218
24426
32740
43821
50883
12269
28452
13799
26563
9318
12747
39562
25898
41293
40195
16069
34497
50802
38916
19726
49978
48022
36673
53656
8866
41805
35841
47864
19353
49955
47573
12695
49837
22361
9696
41149
52071
23699
25871
43550
12318
45790
33423
28517
30525
2759
51749
32336
9043
41170
22251
9464
41543
7105
28967
9713
34052
29249
10306
28054
54240
29488
9868
25939
17709
46970
44418
28661
6195
52519
53580
7691
38172
9621
7246
47424
4189
46423
19125
15608
40414
33372
36252
43688
13066
21713
38644
8526
39448
3594
47504
29307
6044
53180
1025
2288
11145
51622
20469
19014
51098
42003
46261
24907
9961
17098
164
17447
46324
26983
19566
32343
41135
38545
4561
43370
51048
53994
3001
10326
11629
50973
13204
53871
48538
32392
9617
47042
23951
26101
6965
27207
28421
54891
46751
27539
49728
44126
29476
47217
28261
7139
24383
46394
6927
33309
30821
41810
29019
9591
13398
45377
42992
15171
32091
35394
26612
15796
45849
13655
5989
13363
27936
19306
22000
32771
45216
29479
5325
23204
34917
51392
30622
31203
49084
34683
43388
54853
3038
8289
48244
20706
35981
14431
46417
9872
42817
18270
11882
49473
35054
24172
36177
37970
9116
51260
7115
15986
1858
1158
34721
18002
5233
26801
8650
46702
54723
33592
44622
28511
38967
22069
11010
43625
48005
34579
46050
7997
4852
8702
13380
51914
31630
49934
5680
13536
49106
17088
21448
36884
54786
34201
41099
37524
36367
34951
11239
9439
49125
1955
22562
7943
2106
29348
46020
24764
17980
31239
47608
5509
35265
25485
32570
37759
36943
5770
3528
28871
46522
29471
11695
47618
32606
29591
21303
9721
27782
11714
4648
8260
9367
12605
12330
45037
46743
12408
15221
28291
33416
17778
596
18755
52908
48345
50847
20167
20658
35353
23988
28749
33382
48086
2438
4861
39577
43850
32159
5475
24759
13079
35256
41688
43891
4084
17260
8072
5247
42496
42874
21935
25641
23807
21965
2919
49657
43876
45085
28468
13734
11649
35014
29193
49366
32589
10616
15303
5583
15482
52208
33493
42144
21928
13990
32628
52840
53016
50640
37095
53370
5647
49605
25406
26658
50159
43515
27022
45268
28691
44935
31805
35034
4510
24926
522
2845
29745
34319
41866
31575
22966
34091
53625
12703
45944
6465
31291
27593
55047
1886
17541
51108
9339
36935
22600
50946
42123
41047
37695
12494
39141
4343
1118
45230
21540
14393
14994
18092
49943
25117
47581
22317
11679
42512
21148
15709
52894
36964
11950
43855
54219
10817
22585
11838
12372
9978
27875
15337
45805
12367
50040
16623
47800
28723
43612
47995
38355
2578
27233
1525
51991
34038
42254
50876
2382
47607
41184
30512
27343
7797
12578
37892
3246
15828
6216
4460
14442
16263
17842
39971
2012
11100
43969
3544
54811
31274
16958
4138
9141
2954
30390
44683
47139
17745
49589
46895
43535
47291
39853
20027
30576
17472
21829
16153
8940
27841
9630
22047
3447
7707
35155
48488
42053
54805
52487
40116
9996
41699
52884
49925
31849
38839
34289
44790
8065
41175
20104
40530
5286
43158
4980
22787
44975
30445
29983
32893
52496
55021
52567
24430
11863
7863
3036
857
32586
54549
35451
18713
35927
490
52097
34860
33226
36770
22217
39457
23851
23584
1256
12526
54897
54983
53229
29039
3296
52774
40744
4989
35362
12382
6350
38005
40178
23166
30453
44890
10423
40439
51364
48495
52184
35888
8974
29029
51288
26734
15506
20708
44041
42436
37221
41315
13857
35906
31508
13926
47563
5546
29581
45842
42702
15144
31500
49898
12449
38263
5041
25797
18604
34994
27106
36246
2473
2247
54540
53906
48320
53436
2925
9340
39887
12831
24883
3906
42262
1408
17885
43675
6790
46256
26560
35677
48735
17700
22362
1128
27801
13528
45680
36511
11304
17642
49044
39941
33220
43797
33620
34690
15344
19917
10626
41276
48823
2508
8113
10950
16062
53827
45897
47360
35361
48639
13394
11890
14470
54921
47440
22696
2502
42328
39377
11295
26906
17840
17584
41498
41441
48437
27166
953
16818
28465
49111
28909
50889
20992
1298
48611
5752
50792
28975
27279
5152
45881
9245
41887
38221
49182
42954
26750
9348
40620
40994
14077
12150
17001
25772
19478
32262
52949
54490
21248
33
22667
21785
3124
41418
46357
2968
2865
37466
26870
1077
2666
36227
19732
15488
1557
12875
46672
51526
27868
25022
10755
49988
3263
1515
5862
33892
43682
34310
2931
23909
8239
20342
53464
28868
48713
23375
39003
33671
15501
1016
1404
18697
16637
16415
18080
2614
1661
703
10935
12192
42573
41911
36401
13746
46914
29801
20976
49880
16783
21286
12946
44783
39788
35207
48139
39579
33714
24141
26047
21239
4794
35496
11843
46560
11897
12504
1454
45055
30077
42415
19071
40277
21236
51554
3987
32024
54797
4867
31498
35661
88
18373
12687
53240
47856
13708
28699
52635
35291
44067
51990
9580
3723
34531
31283
50675
24892
7546
36235
22749
40823
26586
32114
19642
44898
31391
53125
44154
9564
34809
16807
32690
42476
21702
2527
44961
50900
48672
9387
12750
23814
54623
44692
3273
41646
31577
29048
48355
23358
878
32577
26683
53763
50621
47263
51255
49564
1931
39430
42366
49688
29056
25036
15919
50980
37138
13402
31375
54831
18622
29953
5791
16092
45523
51861
435
18352
50881
33726
46878
9321
5354
27988
52796
30375
3775
5778
8976
49434
34205
9761
18636
32214
10361
37577
27730
22211
16593
9931
8006
401
28600
7278
52209
36193
27497
52957
41291
45996
49863
30632
5310
52182
19902
38958
14428
50591
7698
7435
16360
22404
46628
4094
1484
34138
18101
38388
40239
21765
17906
7982
47868
34851
10870
46586
12682
37312
24068
27510
4915
6319
1724
30726
19203
37973
41846
13100
3579
1802
47403
52622
49599
32165
40502
24495
23376
35231
5032
54587
53645
14959
36355
3419
8879
14334
17047
41918
47898
42966
8791
16665
5796
53856
30966
15864
46670
16602
44071
14042
5373
47645
6341
43944
27968
3995
36754
15969
22965
50998
36444
37606
37781
42205
13340
49722
28560
15033
18109
38024
54614
17143
52971
51824
41345
43351
62
37035
7520
51183
10646
42289
18946
2993
46853
3729
22540
25068
16319
15960
47534
2643
36435
33810
29412
21079
53914
6250
12944
371
9894
22392
15223
45319
39114
9881
27516
38520
28539
5922
26221
45916
11341
6846
39477
35063
18445
2766
4440
19909
2717
43752
3429
32236
37220
12891
2416
28905
17855
54557
33081
34308
28994
16617
9274
2775
1106
13198
48016
48722
28607
41403
17417
41765
37384
54013
26258
32633
44020
14411
11818
8894
14289
46408
50550
38750
3833
17027
35243
52593
44410
47273
11178
14127
54168
22301
28061
22011
24206
35757
14669
29846
36172
40509
33925
13986
11479
40050
48478
333
26381
19392
31765
49131
32222
32511
50495
45966
16964
37609
46433
30952
19216
8121
832
23744
48462
33864
7840
47388
37707
10032
16672
20432
3698
10062
3874
3836
29148
18233
29969
39645
42767
11952
53075
21915
54733
36302
2211
16924
6687
5036
53795
48837
52340
48620
51191
47148
6366
29596
7168
49654
42468
8673
28664
32793
52588
13325
2559
8915
8087
33407
26433
46313
33096
22079
16852
8964
35160
21792
35624
33289
52062
29493
15302
27610
4617
17347
241
20898
11190
19426
23175
4538
19627
49142
4181
50229
34359
53247
23164
30228
21368
41044
20372
13993
14726
29234
27576
6445
4894
50189
17985
14635
1211
10239
41734
53552
37009
53724
43011
28839
31879
23256
31771
31100
12902
26966
12010
43452
17894
52265
27599
32186
85
30709
2971
49025
46354
39349
30463
32849
13410
28214
46092
54085
23378
23955
41061
15867
52713
19448
17609
34896
29304
35896
19492
44481
54453
839
52755
39063
42092
33840
27910
29888
15474
20885
24872
20986
27047
53417
37160
30733
11302
34671
45706
50347
18804
20590
24023
687
54360
33933
44944
38349
24893
11570
33238
46814
45025
27733
32930
20022
24848
22619
38371
19711
22481
2033
25125
37028
32641
18965
8527
33048
32876
996
36391
31301
3082
22623
41495
40036
2241
16309
10800
10185
50426
7815
38430
30607
54094
31368
2552
44916
14975
37248
18416
30205
4005
35782
17833
35421
9007
5621
50877
45926
29976
48638
7966
5174
27414
45934
28295
33613
16540
53818
6683
41744
54966
4083
48398
49398
52091
9307
9238
12337
38487
44165
8275
52697
4694
41371
39613
52237
14985
9174
52459
27394
1013
47473
41525
4707
16445
40532
14244
50243
31367
41343
1606
25827
35337
1700
49952
41089
12587
21595
49295
40138
2003
31570
54663
29143
29620
31411
50648
51997
44026
44389
39917
41928
35415
19517
48446
4801
31401
18168
46931
3461
1707
4407
23942
20650
54480
28310
42647
37725
1141
23752
35118
761
21668
46795
49020
448
44548
37919
1782
53926
50919
26147
2859
21409
15861
45480
17177
23199
1015
30848
54450
27479
2714
16191
21567
8417
31216
20256
6128
35294
25257
5442
16987
31045
6542
45970
32021
11767
11339
48014
5768
30281
10303
7262
34943
7050
2736
21169
28505
13790
16527
42161
32128
36259
21497
32953
18706
42355
3249
15100
198
52695
44243
30761
32998
7156
40444
23349
11410
22800
9993
43453
40958
20493
6737
34393
3467
47307
9771
39506
30351
33759
18520
4709
27662
38344
44795
13785
7460
15376
52299
15910
19266
6166
43228
54748
5194
50782
27723
8801
17881
45871
5493
10544
52509
6372
10666
49087
3477
28271
20003
41305
1647
40577
46662
41581
23967
45493
27095
38224
37617
15978
28984
34234
15081
29539
8576
31562
13956
17146
49826
15333
28356
53140
44135
25877
14369
25527
35091
46277
11115
44315
48683
54774
35220
15575
32780
9181
53005
14215
553
7941
20295
21063
11152
5846
12370
40452
32059
13588
17594
40659
7524
49318
7721
3207
44489
32203
11040
36635
20924
33502
42984
32003
24144
36079
26063
8447
11357
50535
48953
39159
15697
43561
42879
14724
52083
53550
48534
16361
40887
15675
49212
15369
30245
52825
36824
46577
3941
54869
21348
936
51041
52263
18328
47023
29228
27284
25744
38429
54101
42126
39023
3092
54711
46462
48268
50452
31150
28853
29992
41426
49105
45919
5311
6781
47624
43073
30505
8755
7181
24541
30427
18853
23861
31029
29462
36772
22763
54709
44223
22506
7363
17310
19105
12297
41366
52455
47169
31601
53571
25732
53238
4495
35464
44814
51888
5017
2234
46750
38152
19839
47431
2480
1612
4509
46060
53004
45149
5267
30493
23298
13640
51469
54351
50226
41900
36270
23559
48123
38100
46508
16985
47742
21400
21195
46193
25251
54892
14366
48548
30661
18035
32287
35252
15246
36794
15646
8079
18938
55039
24395
25500
4791
2278
50718
38060
35609
11523
40359
35177
38593
39946
12463
8507
46825
1812
5303
12004
21071
11229
19834
10029
11402
8607
16697
3067
31058
47432
21609
32381
26744
50739
54669
51573
47300
51630
44090
54993
2111
24613
48422
30039
3973
35702
871
48093
14055
45683
31266
41607
4883
19995
10352
40340
53183
51640
42197
36584
40202
37368
43875
18673
52544
40608
18776
43467
29984
15653
14530
46899
37819
27332
49452
40570
51422
44828
35304
31705
21042
17786
13743
47650
10924
31526
13187
7085
35382
54466
42667
53787
37163
47083
31745
52919
51148
24820
51982
38181
12342
44258
52129
40283
11279
47627
987
15932
47980
13301
44767
5801
14451
22307
10137
6394
44219
11929
41071
10555
14931
26762
51058
12967
7602
35710
41627
43176
15890
38533
54773
6095
2050
46113
52931
4102
50099
46071
43597
42417
46939
850
37022
5199
1202
37671
49823
25369
31931
17398
27154
13557
6220
7035
50515
31619
33734
49644
41196
52118
26531
15121
20702
43223
32292
48830
11275
43214
14203
3242
32948
17998
31319
25052
44722
34069
14263
43647
40702
21051
16868
36358
14877
48740
29517
54513
1996
52075
13647
22486
3865
27017
19938
54008
27789
1792
11483
7913
20783
24162
27791
46001
54077
45659
33282
47714
39173
34829
24249
17801
14814
47508
19850
24675
50110
11936
7302
40715
17242
27804
41281
5166
2806
39320
40003
24511
5650
26407
36051
43525
29510
46729
42407
53846
43485
51854
46614
12346
47410
33139
35055
26461
44794
15497
3671
31326
42386
42990
2293
38155
4681
23224
47466
53653
21699
41199
20224
27325
30439
38246
13868
46268
9659
52611
36515
44852
34354
40364
3688
27268
42699
37341
19236
46030
45575
47990
1178
24180
48184
27272
5828
25103
13482
18845
37209
53083
26914
3057
7481
36814
27389
1994
7764
25922
27858
50188
51211
3148
10393
44437
35862
16632
29959
16489
21098
36606
28001
36625
34476
38008
24735
17592
37731
50482
792
48308
51430
14764
7188
2891
2295
7638
5133
10229
4955
3151
53024
35541
3306
24729
7541
15944
10200
1938
32275
39176
43232
36533
38303
43448
39703
32035
39316
34074
14314
26526
30129
25134
49928
18538
25438
50394
40904
9051
7510
8736
29373
41910
709
1591
2569
54395
20771
33145
8697
33920
2425
6719
48432
38418
32557
44212
54251
10377
49810
46228
9022
4960
37066
10922
37867
33795
21920
11841
44450
35887
26398
32761
32735
13332
3746
38875
50861
10536
54201
7072
29005
24684
2671
30618
53615
23396
33463
24902
34875
26576
53861
6749
3826
48753
33269
14151
534
18866
42061
47085
49775
51755
6101
4998
47744
39038
54206
4812
43093
43260
52948
45307
1711
34217
22440
42459
53974
44224
39772
50618
49220
39751
8572
38055
29998
44362
21832
27449
10599
36336
20714
20741
32870
10408
43936
52049
42339
3362
25789
353
35889
25071
20661
22061
4584
50221
45115
53258
15574
42827
27740
8646
11452
53610
12507
12760
34766
45508
53618
6267
51012
18828
5749
33086
48981
20829
19225
45658
3130
44800
35273
19119
14902
54861
50203
32116
779
48777
53468
39637
43921
47127
48456
49444
1582
28931
38500
10316
9056
21978
25264
40618
20116
9012
2456
39934
34480
39299
16546
52230
48149
40246
51329
38535
7954
3563
16805
41758
45213
45923
30085
31230
42859
49560
11554
13033
40148
51765
11217
43792
1137
22857
19004
33927
16116
9200
35100
13840
37954
32751
24357
41784
43658
17570
53076
10519
52110
12803
22544
28029
41146
26443
52811
45375
46600
42910
30536
8902
2593
53889
25415
37750
11562
11829
55065
37303
27626
26161
20150
35556
51192
49159
2447
54544
37878
11002
42581
38721
26634
11034
26505
42082
38398
46338
23048
108
50355
2797
17932
33970
49907
27640
32597
51258
16110
30214
18955
10199
17824
37202
26866
10994
11904
10325
35004
13606
4312
20808
21322
6622
11538
52467
24745
19474
19282
52275
17876
39386
6226
5670
6944
40598
9431
22674
31378
39977
3188
49813
20292
53455
7814
44504
47208
4209
34471
26389
24965
30318
47106
25691
50662
12175
17811
52779
48109
39361
51597
45820
19402
28105
24136
54161
20037
39152
52246
35667
30828
12111
26831
1495
32661
52484
12654
32277
33519
16721
2720
54396
37398
29258
45158
50872
7779
43418
11983
28732
47250
5225
46027
18766
14397
9255
21088
41834
37766
32820
46322
48120
17464
36273
49375
43012
41355
39910
8591
41079
50255
9132
33550
28013
37048
49839
36918
36887
53307
20379
36011
8843
31127
24444
54519
10732
26421
14468
44356
52125
10227
9148
36404
37513
27674
7736
24805
34789
49063
30407
43939
9034
26225
16544
221
8729
9432
51545
47732
29209
3456
4449
5883
33938
8459
2067
39055
15638
27566
18135
40152
29126
52746
40895
35328
1829
32556
43319
51363
52531
21520
39622
48474
53898
32310
5702
36564
45764
6537
20475
5185
36801
49787
18406
42177
45275
49301
6566
4746
54142
49708
20193
35025
37798
2751
52526
54975
54075
42299
13537
40996
52165
32068
51610
27507
19181
412
45065
39602
32192
39709
32509
36388
29293
22730
51474
30093
3980
49335
27379
52685
29026
35616
14062
23646
50666
26881
39368
27768
41333
30819
6379
48065
7365
23836
30692
23134
49790
18906
49286
50173
41856
31458
31633
12940
35765
30515
25655
18174
43051
4014
50413
25832
23248
6672
26666
48700
47379
26199
13698
45166
49972
7869
46703
37835
52426
13920
32449
47741
31136
3404
6247
9201
17456
25822
35079
10196
24941
26184
4474
14779
3369
26051
51576
214
30572
27697
8484
24653
46781
16090
20846
21601
6905
36359
30904
11514
22679
1236
31552
47832
17691
18950
24371
30609
33786
10087
17788
51031
35534
39047
50894
8206
10440
38250
5054
18827
32940
10267
8948
2322
54501
36612
52139
20348
12013
23031
42857
43480
23731
53384
14728
23960
44299
32252
29441
41589
3999
2055
39693
53666
8407
45144
21761
49530
39231
18826
34824
36711
31937
4240
46765
15124
54328
9428
7944
23294
32897
8241
37808
13241
11623
54653
24806
29771
12786
37049
37444
4922
48279
27043
30801
19298
18085
34376
40832
8331
9449
13403
32144
2021
15455
41027
22990
20276
3818
27993
40127
50275
35083
37998
17014
51491
34341
16572
304
14820
12777
14085
1278
30362
6164
40313
1228
38422
34780
10014
34966
38198
45558
5539
4608
44533
24212
24109
27352
5732
50128
53492
31184
51533
1654
53115
47969
32655
34709
635
28647
45365
49049
23190
50447
44826
7974
26470
2373
40684
13262
10967
7018
37996
30325
50807
39940
39285
37517
7903
33322
34252
2156
7401
11669
38937
11731
38138
43581
24947
30372
42798
54906
47017
38906
1926
13168
24116
17034
47390
13289
41639
4061
26937
15451
49910
50715
54637
38411
15087
46275
43699
35937
16299
4417
7882
48575
49610
37290
37474
32854
11177
8953
34056
6488
25001
12869
25149
13022
52724
24310
24269
50316
10906
5119
25231
12913
13908
12131
51975
18060
645
12184
54406
78
18124
21050
25448
30389
41677
18504
26682
31622
50989
12008
33002
24606
15726
44991
29347
11741
49620
9448
49270
6576
34636
39497
46831
16392
50574
45841
14602
11872
237
43931
25056
18788
23888
32232
3133
39422
9376
33545
33399
25765
4065
33529
22861
13945
45533
37744
21282
45745
40402
40521
11439
46121
34655
39407
48962
14562
53530
17841
20010
54598
53297
52188
51730
53207
20956
16526
38347
24156
28821
50022
10340
2950
52186
11162
41224
46696
38739
4351
36125
29700
37500
48006
52369
24949
39861
43691
25280
34083
22700
14228
44952
51578
10861
14331
43777
40365
6506
46613
51028
47692
52041
47049
22653
38408
21201
11630
8620
53150
46956
44233
23324
21659
22453
14056
28631
13372
28398
20277
39808
13659
26112
34977
31929
48289
13355
53473
14558
6233
47593
38700
41644
14611
37554
54609
1962
10957
50272
47074
20306
2896
36020
44607
4486
50846
36789
4429
45669
47484
23215
36781
41363
51715
9703
35480
16223
4390
52412
25755
32102
24833
6964
52626
13803
20754
3787
22645
38482
24800
37213
43574
44839
37183
48789
25862
28160
41431
5860
3257
25748
31609
50564
15403
28330
47813
2381
21101
39335
12415
31853
21565
18923
19704
22744
4578
52962
36099
46098
5988
8234
46683
13772
26796
6642
14691
15567
33656
2
29286
12990
49136
25606
22630
30659
20270
1258
50067
13376
6356
41798
25029
50262
7042
50930
35440
26579
4623
30704
10892
48115
28097
6478
7505
17766
29824
40179
33057
4566
6167
25466
31200
47030
33181
49679
14698
14787
14885
39191
1819
3396
34470
30271
53380
11710
13669
53223
25645
13468
2657
46315
45532
22053
40460
8467
10465
45347
18254
51962
25998
24709
44368
19528
6396
37357
49836
9209
34454
38465
34799
33085
52348
45332
14008
47663
3808
31810
9037
20182
1616
6423
48605
28690
32472
53622
40289
8952
35563
29149
32727
44268
46918
8835
23081
6952
1848
7896
25424
44435
38578
15620
3364
16102
3600
22527
13904
34334
30725
43361
4370
45419
46772
17204
1866
49002
51374
18676
38124
54124
52305
24
22343
1542
49231
31356
50765
47769
46110
37944
21583
26924
32098
28079
23275
17891
10502
9330
20892
29726
17673
8889
20314
14581
9216
27217
36743
31732
14651
8725
12057
19583
11660
22579
54572
24919
53607
6072
14465
49459
44241
18607
11008
54003
42589
54931
14103
6733
30186
21204
54530
20241
6818
4995
8422
48791
515
11449
3587
50473
31821
41608
37717
26780
45250
51415
30940
43970
40507
50101
47192
10417
35818
47502
24671
43633
23777
5254
46783
5979
29283
615
27980
22917
49228
46947
43133
11700
39537
17160
52788
52609
31495
25382
12376
20629
41779
27754
3169
52341
5503
7044
44198
39550
5452
20572
20464
47780
21384
49647
31258
25626
43979
47041
26315
22240
42152
25200
19860
27761
40174
49885
49512
38190
31389
51899
21117
42529
31544
25692
24480
3898
4556
40828
33647
46140
4752
40493
16014
13427
36507
23417
30770
8409
24253
32705
6091
36739
26838
19365
10013
37488
14990
21802
15682
14513
18340
17113
24956
16436
11060
37990
12223
8395
17535
53278
25636
44779
11568
21516
301
33195
45861
9883
40253
25101
36752
34150
43387
49191
1741
25556
9670
40670
44674
51638
38215
15326
28993
17463
39665
18645
6281
10636
46289
18812
13486
21755
6686
6813
16889
3651
49795
46407
48102
27386
22997
46380
45535
35945
24414
40936
18627
22773
52005
44702
19689
10113
12849
28418
50181
40625
37780
37405
6654
30718
4611
49116
7281
27250
12278
15422
42189
2939
52438
52222
30934
54305
1388
12028
12483
32878
45928
48936
52574
19659
33981
2269
18987
43230
45143
1462
13618
52055
36214
37187
11647
6717
52418
10506
48365
18465
6513
15208
14304
34687
39717
45448
51081
40163
16099
11036
14181
31070
38871
37506
31424
15006
10901
51695
12473
9121
25651
53638
8610
31066
8150
42808
35000
19344
27650
52123
18398
9289
51336
51520
219
4967
28955
42522
47999
52902
9353
13516
9951
5263
30986
3076
29093
31232
39993
1637
4225
14909
35573
11446
31735
54363
41905
48743
14155
16206
32456
44408
49652
9851
46401
40900
153
44254
16285
44060
26446
41597
39266
33114
39010
20524
13312
48793
5468
21431
18071
21694
433
25348
15351
4719
45235
17818
43908
28423
11171
24348
13397
29402
47338
41841
16537
11448
13872
10730
36830
22954
48030
21529
2646
37305
44303
47642
43020
54037
51350
25710
29079
51846
2359
6243
5841
54959
49149
10706
6446
28827
17507
9009
29646
44293
20726
18485
26132
49261
5944
30324
37127
40265
4392
9574
34817
30421
7793
54756
49889
9649
49330
3736
15269
2162
51688
12920
680
5564
47560
44321
23665
1354
36618
9810
10399
493
13256
20847
51346
4941
26518
52764
17289
47680
52020
30251
27082
53729
47948
40216
32814
37532
4932
51680
12339
40463
19894
8058
39516
46704
2831
35356
23664
16722
27337
46096
47236
16851
48885
33265
41534
47959
46162
8763
40260
12515
13389
598
19513
48808
30753
38754
21003
37428
39146
49425
27469
25
44638
21018
52100
25663
12335
36436
50167
21970
37611
2689
14478
47045
18160
6256
18715
36605
37098
7866
38001
32724
5735
4800
48058
20135
55000
17270
22003
51907
33050
6845
12202
28004
49935
28960
36698
4692
44171
51973
37125
22057
35778
29968
10721
12859
8923
27317
15982
40210
31362
18727
5409
41982
24061
38973
48779
31746
16737
39889
45725
25698
14561
24972
10242
33700
15598
14020
14183
52142
16695
1223
45491
51521
43427
30897
21748
30579
53779
26550
35813
17377
47790
7622
46498
37454
969
35245
54415
28781
29423
5104
49756
30557
14114
20117
50831
8825
21185
48725
41157
13272
17969
37237
12259
51017
40541
3640
21254
18011
31841
50216
34167
22369
40789
119
18213
22510
3342
24152
33036
44205
14285
4217
33365
5707
28174
13683
6650
11997
36868
30583
47501
44161
21456
5023
9521
30538
16604
47958
28410
22461
25777
25508
45690
34746
36610
6401
48592
54001
49630
29901
48552
28845
9413
41527
44050
53165
54437
45553
14439
15716
18281
45002
3784
30334
20265
53476
14024
41466
37218
2429
4074
28335
18976
1282
38987
47543
15412
5374
32826
9002
23142
25336
1090
31088
5222
17599
40180
32620
25613
27989
37851
21539
6696
33028
48295
48922
22236
6806
47725
51385
41142
45627
40934
30415
19783
14715
22400
11905
7561
47334
20954
45428
55075
8044
1240
22571
30516
33711
46473
15114
40791
16870
14842
37968
11726
22154
43121
38824
33339
40367
55119
24264
4207
36467
36422
3099
54023
43003
42124
42186
47046
48390
53182
40837
30430
26298
38728
14305
26243
37238
21675
12233
54441
6512
28527
43120
50377
6025
29834
46
18995
5863
3095
9689
13475
26577
23237
4966
52941
46592
14026
20156
37879
50936
51459
15162
11982
33750
11586
3016
14872
26166
30925
14057
30263
3915
41379
27028
36283
17200
20471
10091
7229
43066
18163
50404
14198
35313
12392
1
25933
41334
12720
43097
14015
30544
33295
27432
45185
26896
25303
21799
29291
7762
5694
50548
34546
20611
27890
162
41232
48897
22812
8387
20621
37929
26633
19543
30294
49331
45602
24448
5656
43149
22687
17720
11251
7547
25093
44178
9914
1534
42169
52328
43111
10369
5276
47538
44665
38991
44463
20582
4741
258
27366
34422
51449
23469
4833
40808
38191
468
29171
35686
23240
25061
28624
21798
53754
54417
26844
28342
44982
35454
7144
5637
8349
48271
14867
19794
42315
39440
48895
2095
7621
37258
47296
54099
15212
31090
42692
42515
16201
32374
6177
16559
44344
40588
21890
9266
145
18529
14296
31109
26441
15024
16976
39467
13019
17551
20732
22265
43645
21597
36312
11139
7666
37276
6837
16160
28496
1943
7844
33578
28800
51175
50149
28458
20682
12601
12380
31863
23041
23260
38360
48263
45906
38610
3753
28582
45675
19560
31343
33767
16030
3019
54132
49818
18221
1576
4714
52406
40068
51267
11107
51001
49580
32680
23490
8695
1757
33360
20935
42945
17306
16857
19120
47700
30367
805
11652
11111
31597
10776
51004
39076
37779
29533
22826
27638
14031
36596
7462
6861
46070
833
42582
40707
20081
3384
7833
18848
15016
35826
27814
16738
41476
38807
26722
32546
53059
28224
25701
24750
17422
24574
7380
51722
51712
52658
12417
10550
26370
3487
28244
2674
17438
34997
28921
29544
17109
42899
52146
49099
13507
17338
52909
52017
5088
10882
43378
29872
1369
7798
44497
2101
22084
4067
40459
52862
40112
3633
44543
1312
17033
6284
10852
33573
21289
36662
20448
1507
42611
5144
35987
43507
1444
25537
8457
26654
6679
8744
26062
38358
29355
18927
17185
26095
31873
26076
12419
3963
13936
50511
7
20074
4125
35600
17103
52355
14967
36230
45473
51928
3011
1304
21225
29323
15774
16044
18880
1197
46151
13989
22919
52098
49961
23678
35097
19968
50138
24590
12037
2854
12892
44160
15156
31916
31223
23547
52470
21963
17911
14121
9778
32415
42014
52723
15533
13605
19408
51276
41860
2828
2171
6954
47824
15677
22633
2215
31891
8439
50943
49034
44930
904
43253
24219
6109
20204
29797
121
21552
42051
22374
21398
5672
46757
38777
34647
41015
40583
2399
37626
28484
29820
47847
37359
254
54189
13202
43269
13015
16367
31681
1416
6530
40234
8024
47136
21678
24695
4465
15736
5889
38329
6472
40792
30677
31467
23866
38742
7770
35650
31890
39525
45894
53160
14403
26850
49713
7522
49320
5417
38714
40374
50239
46632
9128
47939
50290
2352
13898
505
12525
21260
48984
10689
28937
24286
14193
42712
22487
54427
46529
13715
6822
19564
11329
28318
14683
51312
45241
36655
49911
280
48181
37935
52276
33794
38007
39595
53865
34062
53147
35131
21643
13166
38982
48654
37334
15205
7836
12879
10482
29658
43783
48172
46014
9738
21134
42852
37012
5012
15406
3949
16141
12328
28486
30136
44336
1566
16766
51466
11592
21393
40801
50680
34827
36480
29653
29681
54640
22911
29720
27296
19196
11901
32138
8111
36705
21
40421
22860
34129
411
17822
28759
2179
20222
42337
37887
28900
31585
24719
44014
6714
13049
24584
17759
17382
23293
15099
45389
40950
26379
3901
15239
37472
5931
48412
16686
40328
29736
17635
43900
54341
55012
13543
9354
42350
52379
10958
53274
17663
38729
11506
23145
10215
27064
33929
16430
23566
41959
21573
50199
11317
4255
6144
30602
24008
28569
43965
27483
40269
26998
2121
12102
19768
53040
3218
22618
5849
39871
32075
43641
33899
4253
9457
26042
38814
16278
51802
35825
48240
22169
3020
46056
6143
23721
16756
1972
8463
37433
36266
51236
49676
37657
11786
2664
41384
4501
20321
14237
31678
14818
35727
16155
16005
18028
18464
12836
42213
48764
37478
49550
35801
34090
14000
55100
36181
9527
46804
41554
677
46553
30153
21170
10903
35970
52277
44691
10127
23286
16021
5964
15262
41176
19413
32708
37086
7929
6208
50460
35866
30099
36086
27289
42286
36926
38032
50130
53836
28347
14515
25174
7682
23719
46784
46578
43774
25239
42490
26857
2651
31190
30155
27222
44310
10172
4382
3806
11739
22568
670
6331
3466
28737
39345
828
31872
28878
48052
1978
19464
28039
22403
37598
20438
31502
54216
11958
3063
28750
6273
8212
20692
51772
46648
41974
14424
16621
5364
34526
15444
30255
22533
5460
39839
51063
53551
48235
19235
20246
53134
16878
34402
43857
20644
6550
11683
27372
47419
52605
36863
160
26206
10871
48070
18198
2936
6975
27307
52428
24342
525
13719
15537
48088
28575
36016
35473
22513
19180
9225
43305
594
26130
27362
30277
46382
15334
6152
37327
39185
21723
42925
26982
24526
25270
49058
45179
28203
22034
24885
3241
40031
38095
41935
25111
20120
19245
11051
35638
19253
10687
24646
39250
44307
26976
33455
44568
39240
8692
38242
15279
25845
2206
8106
16178
46276
46568
11508
18343
38570
35371
5969
6601
18205
8160
1456
15361
30786
21518
23063
45663
24618
3855
54597
33171
39684
34049
7533
52806
15286
49309
32157
5308
25193
23783
43950
46088
6662
29189
18818
52155
2732
11925
24229
45337
24560
23618
17561
7973
24850
8198
30285
54878
47819
26749
37423
37007
39241
188
34349
35749
2146
5572
49460
34556
35926
12167
23385
36076
14239
28187
7073
19686
32504
13098
23409
43524
48956
1671
1108
45773
41653
14072
55008
17248
40848
27094
28446
11132
473
46004
29226
4160
49030
172
45259
21826
27048
32317
49417
48409
44820
45697
54160
22607
48918
37912
47928
32568
24637
41670
13764
25315
49
25518
40479
50543
26344
30684
31924
422
13826
35877
38554
54940
39137
9533
13411
44141
36882
21862
33941
9943
1717
29166
25431
13812
10145
26447
37112
35538
43918
7147
21299
37529
21838
18587
34468
39627
34885
16019
50968
37546
45812
29774
22500
47320
34298
12741
1991
27243
20878
10474
32305
41034
2085
41909
45231
6538
26330
5333
33747
3223
19410
5362
260
177
28457
22269
2013
47722
10587
47913
19718
19741
34160
40984
40147
52446
31078
29521
9542
19964
44120
27463
31677
13315
29866
15547
39857
50423
43667
53413
54179
36753
29107
32136
35512
13439
17252
47829
30323
29605
43554
19152
45960
12817
41394
39668
12683
5915
52558
40760
1839
38279
53091
11503
24472
47685
52362
42438
38369
38885
26940
55141
49361
38562
6592
50308
51940
99
28181
35954
40158
143
11068
6079
7360
41033
55160
37661
42371
20320
22101
24159
53288
39756
37465
35645
53693
7486
33241
16403
24295
707
24790
14640
20229
53517
29812
19540
51065
48643
48033
662
32147
26482
30222
13075
34213
26541
16269
48309
10741
3140
39585
9579
17432
9984
47097
41121
14586
53168
7916
51093
22435
19556
46618
38658
32335
52538
3504
26455
3925
9597
2696
93
3610
9511
53178
43585
21470
36297
26824
49549
47960
34178
46035
33912
54195
53405
8000
47145
21375
2684
31712
5078
17117
37079
19372
5698
4210
36116
25837
18536
40642
6638
24373
49667
39015
4522
14652
18653
43373
495
32481
17082
42502
52289
33075
28127
7592
46139
35297
22742
30113
50843
17850
32071
30918
39991
43101
3516
10748
21777
10720
37262
24506
46773
50331
33657
12749
17022
21496
54566
15937
1366
44
23319
10158
7327
10955
42100
54973
32405
8992
53632
20403
51139
54053
53256
10579
18145
19676
41013
12068
20798
26265
22182
40736
43559
19113
33231
35819
2915
13214
29524
26189
33817
21219
12394
19830
13037
5091
13587
15517
17770
1696
572
38444
5318
19275
20597
53966
1071
7868
13027
51160
206
47754
33827
2046
3230
21230
37958
46272
21547
30137
38587
30743
32020
17844
12563
17281
14352
40059
16076
33972
10295
21738
40596
13224
36764
55
28489
1337
18617
336
30024
5157
43077
46362
27065
7495
24550
3120
3350
28015
8326
5497
4530
49371
53738
46687
772
9362
36405
33063
4950
43995
49920
10789
33441
24020
27511
562
3677
4691
44525
23932
37774
53500
38264
29988
5292
51606
36493
49168
23143
23506
392
50915
14175
38378
34511
17134
17371
35411
23761
4849
20639
51305
20014
44222
23593
36309
39326
7390
43314
41662
34230
40967
42606
46951
17926
12807
6959
24699
8494
50822
32752
49310
25164
34187
3415
54467
14213
15999
50163
41769
12427
35830
2815
42376
43544
36170
31251
45624
54311
37809
23244
47221
39572
384
6035
13042
20212
33640
14754
12547
43288
24001
3272
53599
26022
13878
16375
17769
11372
35969
1288
16241
35659
25973
28965
9847
44558
16186
22432
34794
14185
23035
21849
19632
14136
48226
39130
24072
15155
11413
2365
43593
6479
35340
7340
4787
31212
48944
35226
23086
37489
10128
7656
26771
30041
50434
46907
53048
11826
12572
12064
40350
13199
20517
34463
36756
10701
23948
40555
48647
25633
25250
12458
11839
6321
25473
22781
25457
17645
9669
4167
28836
35591
54791
15046
49991
42338
27444
36081
22738
54742
53329
7416
19932
38
36163
18781
16774
16972
13880
11877
12767
18056
36844
20603
8552
40525
34002
15841
17632
47362
39094
39763
40266
14809
47747
22847
26647
9474
34758
7803
7175
15056
43060
20413
34933
16798
30458
33822
48196
48602
2978
23695
9923
26946
6405
24255
32967
32725
7789
26444
12157
41704
29203
28789
28436
9551
48967
54676
51836
42514
36911
4679
34596
33687
24090
31884
13679
2457
17921
9717
18051
3
41549
20160
47796
43042
47081
34752
40048
43835
36008
49936
47888
40431
44524
12079
9819
16342
54881
50336
34142
25205
18889
26479
37688
37222
38927
1876
19957
7878
28143
14825
3681
25211
47881
25287
38968
5455
3551
31178
1680
48838
2958
49029
14790
16846
17355
18239
27015
20824
26489
51319
49110
39211
41161
44004
40443
6854
45427
3778
27041
30169
43332
47004
52651
46543
52815
50464
23970
35379
27579
45592
1316
1666
37870
47176
11257
6889
12986
2888
5949
30950
11748
34844
295
50714
24222
23071
15838
44641
4470
20781
21842
15392
44072
10942
20908
10930
20340
36064
6909
54264
47841
33038
19747
4358
21487
22226
4149
52338
6299
6521
53291
17945
16059
29719
22838
29450
21512
24822
22941
49197
54584
11014
51481
42135
12636
10457
27329
34742
1980
30913
37981
46369
13449
22550
53193
32202
12051
25246
8815
36729
26338
19687
35736
40324
13609
48664
36978
45741
49785
5755
30429
50486
14705
25222
35578
15283
6708
50298
2912
27104
52675
6607
4549
49524
7751
19793
21332
40884
10986
3760
26630
24981
44374
47703
25631
41357
47569
31988
3880
41485
11022
27703
43317
45121
11266
3570
29897
53345
23639
21561
20096
40110
54448
36046
27777
9173
37538
44829
30138
44872
19821
8049
53950
30504
23146
34412
53940
44891
14303
25574
4134
26594
13977
6304
24756
37852
10794
8182
25296
13525
8473
43815
52994
1038
9509
42012
24333
15752
49803
26506
19626
35450
26035
39188
15884
22147
45196
18597
44526
27117
46658
45209
32031
23242
34971
17331
47423
10332
50440
45878
9637
36406
34383
11546
23465
39881
43781
4769
40017
285
23941
20510
19667
15902
46201
11216
28535
54346
31414
19475
44577
1982
35150
11424
46223
14144
5806
44080
7346
40254
25321
2515
28153
48063
2015
16949
27752
33692
32842
17692
1062
20531
22203
31163
54814
54273
7714
23574
33729
51425
427
38662
10846
49844
31795
32566
24828
26111
33583
25718
20172
11496
47585
54778
28362
10656
1471
6724
907
39332
5614
2624
14936
43807
38637
31402
25547
16425
35089
13821
41046
46973
40548
10993
7149
46809
20046
23371
1173
22973
50088
50211
33793
43566
52866
26627
51246
28762
15967
35525
42125
7239
3048
40768
43853
6885
47028
50732
13501
17793
10006
12623
49465
26213
24440
27748
43087
36244
35336
41949
35432
7096
5457
34517
8970
12553
19696
24564
23302
13597
42595
15781
50339
10894
21548
41562
45273
19682
38039
4198
17195
19335
44807
20396
46384
1152
21857
11144
8383
7728
28048
31450
39396
52255
13774
10607
15439
28892
21422
54666
31976
43517
22371
21157
8947
34910
16549
185
33546
6415
49009
43384
24516
19326
38313
52963
14621
14217
49345
40892
12310
15764
21351
24582
55024
18366
11088
36222
27549
47500
47673
50916
3388
38628
51406
51739
4732
4602
36990
38470
50030
41120
22109
42397
28368
41679
41878
33474
4914
36147
34663
53065
32532
48101
51134
35363
11350
16438
3657
7873
15703
14548
39278
42981
14992
48574
8730
40939
37838
37832
50046
50395
6918
20305
12858
44584
46524
21127
52990
38492
4843
54700
44667
4119
42378
51648
51877
25618
25184
53202
47348
13239
8355
22044
45108
43193
19579
19572
33577
32873
31160
54111
12992
40134
55142
32977
18409
10488
43740
18190
24380
24908
46959
26175
46855
14361
29624
5759
41460
40784
4680
18508
14460
31541
30779
6800
37558
2006
12047
39986
46623
43879
6174
39848
31650
17362
12959
33590
44615
8629
11618
27101
13830
13003
41133
42921
18573
23399
53344
31593
51514
47871
23632
17735
13012
903
41408
47490
15808
42775
48852
4132
20856
33010
27076
51217
9399
28089
54117
7810
40155
40349
22124
19431
2245
54712
34489
46964
14496
8520
28161
35585
30650
48840
49738
47243
12895
4428
40394
11416
32729
7095
10187
11976
27313
1357
38998
42676
34566
13251
10081
13985
50342
47253
32996
15035
40467
52831
23113
32497
38434
12921
24838
9838
45486
53581
4402
12431
37669
15994
47546
31379
12347
36762
27916
14667
24801
47557
42452
35809
8305
34110
21961
13280
38334
35345
18313
45423
22275
22333
19416
34921
33249
1899
14329
45514
47119
11220
36948
42238
23264
38776
40106
41054
16149
39175
11676
54744
46414
47791
20564
19537
53637
1916
15701
46463
35323
16349
37178
17222
32013
11382
10407
28135
2900
48410
11759
28616
11080
53680
9729
2866
5955
54579
14641
54281
8429
39734
21168
9064
53800
17093
25346
6777
29691
29715
35085
42489
24304
11319
9310
37246
31255
27297
54306
30825
45890
24551
10022
1627
35623
7011
53771
42937
39822
39412
6252
32963
12930
47092
36640
17057
44862
1776
31906
13130
42765
24037
19548
28671
4049
54472
28070
20084
4295
24730
8414
24318
22289
15191
17565
826
32924
40381
35424
12841
27708
45350
55007
54759
50523
14389
44514
52943
22595
32973
4723
5250
32341
23996
72
31311
35916
14637
582
33682
47566
45385
27684
47398
22325
5016
15635
44382
31978
47312
47087
36346
15372
44686
34032
14918
27435
8219
25947
27161
34227
10696
50685
24617
40839
47064
53880
14927
20228
48203
25912
747
20059
10828
4143
28120
31715
26880
28653
52174
49963
43545
17760
17975
17007
34261
38849
3146
1109
35874
21357
19731
24290
45012
6759
45452
50529
4738
15535
34236
36645
46204
16648
8248
52641
39220
14166
40695
27338
19336
28966
2131
10686
48421
15755
26269
25990
50793
48688
26365
11792
49707
54271
1486
30788
9791
16470
40045
18836
47636
51475
15923
14638
28709
25734
15137
23804
34565
10758
33607
28747
46214
21653
35755
20744
21909
14111
12647
18429
39798
31335
10766
50072
44443
13120
27025
42505
18443
12237
30973
4631
44535
35374
50324
34533
28098
5676
6934
8745
55159
25782
25814
26085
45395
28882
6881
30610
48675
15362
53298
40197
19143
6066
6184
21684
22710
26345
24662
34242
43241
48380
31549
19084
29926
14084
22225
23393
5885
36490
15058
7410
29129
51793
36543
51832
19033
8726
48627
37674
10516
22816
15627
16792
25982
28811
9079
31908
37280
38657
11611
21528
40358
17053
22473
44110
27657
38618
52848
4644
18567
35279
10198
36958
7205
28274
27763
40660
9548
29836
4573
29278
4758
25592
42074
34196
10499
30249
7642
21805
8870
34925
3281
29045
7695
35775
5433
39121
13558
39834
45929
27620
9303
25682
4039
9784
31798
45613
46236
40679
21210
29053
53963
34872
7198
4163
16255
16733
50864
14353
31684
45628
43029
38623
35529
16837
25216
54720
15869
27823
43007
50102
42454
23095
49760
54157
30473
22697
54452
2189
54086
32460
8226
46489
40929
26231
4323
41500
14220
36117
7258
32388
54657
48769
7257
19722
7552
7925
50929
3408
36859
45355
638
30977
980
44659
50174
25506
25266
12614
36517
22810
50851
49497
46155
48043
3259
55085
26011
29631
46756
4820
5785
7215
13917
30888
45776
3796
22869
28698
44350
48799
25716
20958
6830
43402
3165
737
6497
39354
7101
13371
6987
53651
8129
27426
29638
46318
37257
7617
18480
29419
7651
4972
7375
42619
25364
16291
26390
51291
11991
30667
18549
33449
14833
38338
53049
49719
34805
22410
40213
29181
4590
28720
6645
21619
43206
52476
46737
37647
29879
19456
11119
29651
35779
47736
23272
27260
42558
17039
5160
23154
36032
9190
52281
1516
48464
22980
54079
4657
9786
42145
41296
23534
35041
587
47340
38759
49575
16752
6314
48239
30178
43377
8921
10563
13058
16898
37456
54371
27715
1908
9904
37640
16706
9737
51867
51121
5890
38775
16317
23654
33305
50021
49402
26266
23516
10089
20106
16402
20360
47230
10615
6087
2960
49570
8364
44939
42154
21632
42735
28508
21661
53361
14049
40519
38793
19133
1594
48460
43594
54387
48079
30962
49517
51204
11691
10323
53033
32909
5089
45832
16742
25096
15036
53121
53520
24030
11779
46165
24170
42556
912
5065
30534
23457
55088
32904
26673
24931
25013
40408
24146
27036
15836
29819
8960
16863
16457
44278
9607
32491
2409
20860
25311
14577
10831
49742
7555
8143
21475
7080
13195
13062
48817
43516
29485
12086
31626
26028
42933
16640
13243
27055
43194
29316
15091
53506
40856
8496
16516
43830
25232
29085
29232
11770
28990
24099
15037
47326
17522
29016
45071
7681
47552
51618
43717
36927
26096
17654
1689
13627
33569
45619
9697
18107
23502
36427
21872
10976
49095
25754
15689
7158
22685
41573
5153
27556
1726
10040
42321
16563
21114
29850
23117
24374
53991
17226
24689
24189
6000
52318
32517
22020
34992
47457
17960
4151
32523
32989
3354
24363
25589
23528
18362
43648
18117
5526
22408
10727
21309
19884
7597
24262
38115
35547
2136
2490
41350
1033
54810
23408
34800
27600
41895
37394
25668
45808
53543
24199
36904
33020
30791
37115
40139
29463
39650
39900
34282
30158
28197
23311
1086
49276
10251
7311
9815
51820
51587
1307
15170
14737
54686
6994
5159
23103
17622
38899
51667
48628
54565
46179
18495
37210
2263
24110
12632
52583
49491
45699
51632
22511
37584
23228
14682
49502
45569
51433
1503
191
11998
12638
21884
12731
47227
9679
1149
44396
51670
15827
1622
41780
26546
36095
55074
35169
3138
3231
5753
21768
690
18559
1807
15679
12823
3933
52022
31772
5044
17409
53103
11881
24403
28810
42586
23925
18425
29496
49390
7425
348
18273
3669
8337
39401
47444
1438
26336
4642
13672
54378
25733
4101
38671
19040
4589
28234
47059
49115
23250
438
47723
23745
7893
20669
33153
32422
12288
43032
54632
11754
35236
42348
18608
31531
28384
30352
34856
25965
9484
39234
9082
41718
34502
18276
43188
26773
18153
24036
20091
24504
27551
5113
34770
35037
22192
30298
15534
46205
35388
33196
28405
15253
45040
5824
46755
7357
22834
37391
40921
38298
41244
48216
19609
30792
39742
39165
18919
31117
39675
18231
35631
52771
27130
50961
3167
5184
19056
11915
18436
25751
36200
46520
7113
32799
54172
51479
11764
46837
36902
45227
35501
7290
33802
39429
15399
46439
43152
8138
867
14851
36688
40299
29664
40228
44734
46329
17352
53612
5609
41254
22998
3089
7839
11720
17724
8316
9977
25088
13754
52413
30644
28998
22091
6217
1420
27874
31889
36670
52612
25080
16356
4077
8785
28019
21950
33874
26317
43704
18067
31363
44761
228
29264
37399
40870
48877
33962
8720
46381
21267
43180
5898
10716
3713
31169
39659
9940
1321
10601
32503
10205
26606
41509
18243
36096
38716
39545
40385
43410
16848
44288
42939
18382
31210
33331
34869
34902
20790
18258
52734
9830
49004
6260
31897
44650
27007
23008
52533
19976
48857
26273
10823
4887
10638
16675
36155
39221
12950
15583
25903
9973
13724
8780
42605
47720
50095
51085
8045
34328
29505
45829
2229
43278
919
39268
25482
7935
21733
45279
30498
3500
49073
29099
45220
23196
17127
17753
4480
1895
6701
8683
16575
5832
41111
39610
36327
4667
3665
11811
26953
25572
2061
6692
33346
33124
11585
41707
40238
6617
24626
18801
30395
48429
45130
20170
11458
2332
22241
20331
19842
3807
34643
48679
49945
21824
48599
16902
2318
47509
18479
9887
16689
32297
19592
1344
42247
35647
8500
51813
33668
48926
55110
22866
14427
12250
37286
25725
41102
26416
48286
16901
50252
25872
24877
25493
47762
7125
314
37298
42843
21874
7563
33775
27621
11198
36721
32863
15026
7986
25043
29063
31850
29369
37336
54456
2625
4374
7880
16997
32126
44220
7735
21990
28705
24330
37387
4760
40913
44881
33743
18289
10120
43988
18985
36162
51439
12356
16248
37
18718
8533
35515
50055
23683
8846
12162
34104
9807
11597
25757
7962
3420
24277
29295
981
42231
15976
40083
6525
33206
54147
16164
32088
44770
3344
30257
2724
39817
40362
42447
17695
52731
12030
21506
25852
4241
23627
45140
35855
30008
30067
26288
5066
30094
43014
18934
29574
1039
18862
34030
43748
21139
52198
36555
51227
55092
33016
30145
30051
47694
14018
32176
42776
25388
39357
8713
16017
21175
6135
38946
364
39202
52851
36588
36262
54761
28012
7673
36145
51948
18663
36870
16038
42567
24964
972
24710
40975
29634
31433
44446
13353
22029
32745
28884
25352
9358
50651
17515
48338
34344
33608
47448
48132
31674
9371
17580
10349
20194
17897
7256
8597
51561
38318
39629
51399
10808
32439
2788
32438
47602
12094
36866
30082
32285
32042
14258
30120
48489
35140
33031
45951
28861
19872
38513
42480
37196
42279
40963
25060
24457
5244
26814
15064
34699
43355
7853
22031
9050
18602
42358
29768
27145
23097
3771
53389
10164
10281
28585
7058
2093
34044
42861
37951
2158
40866
27411
45465
34539
43342
9088
29809
19308
52661
37173
39253
44745
53810
43492
31554
36185
50951
50303
4302
33432
50141
31604
2839
48587
43606
14628
36382
36815
8942
30399
9404
38283
27952
44326
54279
9421
31485
32468
44490
17400
3326
5604
53441
35890
29362
52502
3006
37905
41158
16933
34016
24740
48624
19852
32985
37380
28797
15995
12360
7630
13568
16217
33848
52669
48212
33994
46886
53108
43778
37182
51653
25456
30688
11072
45798
50608
6631
23728
16233
17275
26205
11032
45238
7582
11694
36053
19337
16912
1392
18734
26763
43412
15186
48875
5717
43436
10233
2987
28390
8169
6189
30079
28641
35143
42651
8460
53907
30592
18248
46631
2159
20842
10247
22412
18226
36289
8403
42546
35815
2745
49482
8034
45171
3103
34725
54338
28678
9085
40714
28155
29269
22640
41613
7222
24485
23492
33993
51865
7436
26752
4280
53484
42753
2198
33478
19093
54485
14328
4677
52981
34791
16683
23685
29808
14503
38048
52037
35019
3507
35476
46175
36956
36768
28680
40875
53562
43955
23056
17429
2880
45642
3491
1747
39139
12567
1099
51893
17889
21513
11289
38105
36180
35758
927
11472
7098
39292
18181
10302
37026
27304
44037
16814
27410
32361
23451
26006
39973
49854
1550
8438
27931
10662
22613
18452
32205
44188
49507
8873
28281
23522
26054
40400
32371
29459
23478
41539
32537
32912
54224
44534
20503
43655
7441
9390
31243
23481
21478
45564
26597
6984
40076
38879
37145
38861
43742
36317
297
39877
29990
22522
19206
16218
20366
6803
38014
24052
25997
32516
30343
31658
34031
12629
13718
9824
16716
38232
25931
15643
44956
21740
29337
42023
15790
36182
4454
21971
11534
117
31595
32747
36453
25339
31791
12538
45636
53353
42657
24416
22449
27713
10181
29006
25671
18665
13041
50325
54293
54491
34439
23579
23611
9091
49686
9453
21280
50388
39056
50285
18286
8478
7349
12712
21967
23011
42724
50445
16326
475
22140
1378
31835
32716
46220
38891
48618
21441
35111
38600
28331
45742
11639
55056
48910
31722
31699
14945
5224
32248
18391
3209
2320
5383
3630
44748
27961
12214
10373
10045
11800
16125
34429
14676
16862
41751
46871
38456
2586
19981
10055
38651
5518
27453
12912
22921
46680
30134
23794
28113
22285
8296
4053
53013
19060
5097
12061
40330
13366
12240
24045
33884
21412
38741
8091
29155
43141
40573
13159
42998
6009
48521
50478
36755
43167
5873
1401
26017
45979
45432
23044
11310
19503
43130
23555
8285
4595
40826
4265
33947
14605
40249
39932
22792
12134
4087
36549
39194
9027
46295
15357
32078
17391
48865
52214
36786
5548
11188
23736
50772
54301
50645
46604
7515
41954
29397
10150
15900
22780
17077
2705
47908
31909
27843
46712
25907
36570
5294
10677
23636
14783
42963
44642
41267
50974
3335
40090
54213
22534
52958
27228
33485
29783
32671
45604
46348
13897
2634
37718
36608
45224
21711
36103
42870
11326
38507
15658
30485
29729
26901
40816
52375
51505
7824
18511
48678
5393
46904
53686
40690
50326
44758
41484
43707
43895
3177
3438
52021
44286
4520
51071
34575
52312
36129
18041
48814
11768
24913
11210
38320
7657
30879
7573
45383
15229
14419
50080
9752
6501
6384
49409
38826
12441
3523
4313
39033
30997
44245
19518
39976
38529
10216
4404
46480
863
54533
43565
30410
12554
11127
30308
30327
36892
24939
21980
44884
33161
38413
29776
24502
53515
31120
39487
50496
43302
27381
41603
45462
6424
51972
38436
8933
31737
23603
37271
45501
1735
9490
2441
7516
26082
52852
3617
18778
14821
19777
799
24780
37895
38132
50598
948
50382
13959
887
12793
19049
28679
49355
374
28297
13884
20173
21900
33548
25565
1170
18763
4452
7537
15323
5405
31762
49683
50706
50688
12821
47051
31782
26058
36038
21027
2607
43656
15460
28553
10098
38466
16359
721
17213
10671
37184
46383
27522
36496
9585
35073
25831
35980
47609
19287
42629
45433
52552
55076
17639
24280
16331
7345
7271
42041
51281
36691
32022
52885
23827
49709
8909
47524
20927
8661
27883
18473
44726
1766
8769
45047
29383
53663
11090
7398
35693
25357
11277
275
47201
8556
52364
13326
26137
32902
42833
1923
15515
33041
18892
29852
18686
38892
24113
9102
50403
28829
38288
35587
32872
46861
4222
41932
31416
48585
42788
37413
29070
17868
33211
16479
8376
24702
2203
18579
30988
1006
23212
12678
24425
27140
39730
8307
33133
8652
26730
15659
41450
46940
46040
13953
17232
4426
38923
44238
46199
23531
40719
26567
8856
14277
45322
15685
44744
27472
39098
34445
54047
5287
25155
19596
50583
9259
12307
44521
21587
45345
44688
3513
45440
6871
25285
23787
23839
32658
44100
45650
29853
2394
5057
13967
38872
45755
45737
23455
15313
29217
4778
40634
11087
16336
2253
11025
30475
16941
730
27184
26353
32991
43872
23769
22536
37644
39780
23917
15591
51583
41715
4638
9643
20138
12887
3193
5907
44573
50120
23364
52704
33598
4338
2388
8264
21719
11852
575
13201
36415
47007
26107
42639
50368
43113
53337
44946
51565
16383
44457
25326
47071
16462
20302
49207
43820
41819
54144
29136
8708
20942
46605
38446
3380
25112
12077
42306
13059
14481
32834
28377
49947
41457
34960
48194
7444
2331
29334
52738
42630
39128
16340
44371
23424
959
13933
46453
48804
30826
48207
10597
14744
36829
37217
38163
38076
6435
17
20184
24239
31993
42272
28593
11471
23791
16398
11204
53266
43126
13809
51707
2034
15853
33088
8956
22297
45262
26240
6558
30841
48992
33261
10291
8638
8723
8516
31809
39894
52585
6895
18952
13112
20053
9280
46821
39935
20547
18462
17746
42701
35489
32941
35214
45247
8806
5207
37637
5125
38013
26864
5594
52483
43443
17863
27833
9497
49541
33946
18314
23714
29860
31753
6910
13421
23182
44967
51958
26702
45195
7336
44924
23985
7990
659
52929
53522
31516
23556
325
51833
5659
3852
16409
21035
18798
48386
10836
36321
31004
8144
45717
31019
28357
21941
43328
50501
33902
12727
21028
27066
34006
46924
54481
50593
37791
36999
48844
39528
22751
14895
36877
20557
18974
34962
33630
29756
24612
27402
11246
29788
45865
245
25807
4361
27529
39924
19442
30594
6430
12533
35931
44847
16165
43500
4828
19363
19585
27978
26098
37565
128
21533
52031
32525
32430
9911
1867
34451
11362
40488
34886
46078
3485
46306
21815
47535
53797
695
49799
315
13723
52601
21896
52996
33677
44995
1059
53043
33716
17712
31759
41693
45093
10226
36665
53396
17325
8993
28043
17683
47866
3844
16144
15074
31925
34675
26510
30034
18057
19864
7570
9970
18546
31009
31831
10275
20004
15742
11688
8542
34097
34735
23382
29159
18674
12529
21009
13140
48165
54255
38479
42785
32167
14567
4394
33273
5474
20145
821
36295
7995
6149
46258
13296
11388
23884
10368
48009
30383
14107
47973
29944
45330
4024
15086
1946
35029
1328
53320
43251
14858
37358
3232
42066
48558
47713
1214
20479
17953
34715
17814
54950
52250
1048
31194
35833
20762
33456
610
44214
41246
22352
27669
36941
50697
53590
51805
41966
48372
46160
1813
32245
45781
25227
13894
46187
24860
31031
27254
53922
811
812
43758
32887
49745
42807
27950
26325
35792
30640
31449
37010
21623
33619
33538
29449
16762
43734
9797
22261
34273
28474
38276
32231
10540
30313
26424
46516
14342
38146
19753
34022
46248
5304
32613
17004
48761
13925
49082
37844
49280
7594
26933
5940
43393
5485
25737
269
36045
4033
4439
22559
54775
21615
28533
29559
30436
4186
5047
11692
32355
15294
8891
47539
42907
770
39724
25759
7354
24119
26275
6767
6199
481
13429
28427
21312
43025
37370
11299
39311
51644
31048
49147
46866
34571
23434
27619
43966
45694
41143
35185
17751
7472
20461
34619
9158
34255
34564
30435
37042
32399
49484
12274
24652
35742
34986
655
36983
25581
5140
12671
27197
20951
16649
17151
55129
33137
28367
21292
5234
26793
54233
47696
17600
48567
38833
15523
46245
24862
54199
14197
13768
13783
34837
22955
26284
39511
32493
49013
24311
9112
22853
39961
53619
21342
44708
20983
8667
17181
54534
10690
28470
48501
1781
9576
17067
32390
50630
16085
15197
36650
5592
6158
24916
47159
44929
44403
19354
35998
41124
36503
20364
45585
13148
48113
32784
15405
18042
38208
6018
14466
13550
24015
45847
20993
27275
29211
54649
25956
9479
15181
16983
15431
1915
16173
52052
2763
41998
52698
3198
14171
458
34418
2450
18260
7506
13349
47184
4111
45075
31327
23612
47659
35900
53547
24417
35510
5737
47116
27922
26072
55041
32649
53537
12723
13849
40752
44825
10693
715
42685
11772
54607
5581
49867
3534
10625
27123
47931
551
9296
50905
14523
47476
13302
16498
29671
46995
12315
20677
26498
16880
4175
21809
55150
49071
13725
23897
28769
37154
47525
22318
46490
47817
946
37349
53746
14933
49875
38986
17298
4700
12019
54841
10386
35961
10490
2314
24847
43330
34183
20285
1604
738
23733
36138
25210
20815
32269
28974
50011
39125
37438
54915
44426
14539
6586
44617
1187
31347
13456
34080
11749
25398
26120
20389
2151
2037
47686
27090
43186
13633
17481
14187
13233
42222
3889
8274
35732
12036
19749
49537
3623
9386
53171
23694
32190
23823
19649
2495
49036
12696
33104
29222
2650
29432
22967
53706
6051
37823
15956
31640
43568
26274
38857
41237
36208
18741
20720
10743
27108
47807
20725
19985
25140
37492
34265
5740
22602
2020
38159
35990
17498
27174
46273
2062
46445
46293
45721
42948
5328
48752
49268
22377
32393
27468
51296
40968
28544
15465
31964
51777
19103
9430
30562
54028
26809
39559
22161
51318
17582
15421
51170
843
27955
4587
49791
8558
28307
28913
1051
7087
14248
15947
38710
13151
53758
1808
34620
35403
37499
16828
49763
2342
785
51860
45498
48998
44594
41790
29837
35488
37567
39543
354
32249
7701
22529
47922
31679
8767
7427
17940
40100
50659
13360
20537
35044
22423
26992
36979
33352
46143
16167
10603
5068
42888
38077
22196
22134
19877
18129
30800
20235
33707
16453
875
11263
22035
29935
46375
23913
40085
16918
36470
16012
48784
13863
25065
22890
41499
2544
1311
40077
6417
5506
26468
652
6833
22969
1523
51699
7025
52837
50700
11045
8114
9095
48706
50554
5628
10914
55031
3959
15801
36854
52765
39313
49251
22720
896
53427
993
30032
50742
42730
47860
2290
6924
11321
346
15062
3761
23332
53456
51732
13573
33424
7754
38680
18899
22758
51784
24067
49189
31967
45813
16613
7892
20423
24321
26250
37722
8350
16051
40882
45987
27900
28208
53730
48069
42539
31812
17532
38687
35777
10613
53084
5510
42603
48978
33661
40565
9555
18021
12592
22661
43526
13583
26960
22896
28165
20132
33481
16836
28094
44977
16504
44424
23704
36074
46287
33257
2723
29753
23657
33987
43104
31147
8776
37860
7440
43487
31692
2025
29611
15047
41943
30853
21485
41258
51111
37340
39213
18918
29816
27333
51501
20066
24948
602
10818
33170
19068
19495
13458
36659
20765
15489
50856
36836
2928
15820
20187
9746
8367
48253
38239
47768
37057
27940
33781
45945
40787
9072
19618
38767
20098
11946
54838
5689
22901
40318
53703
48334
23277
28936
21373
43483
39952
4803
24406
50791
8449
53605
38778
8595
19721
26707
35354
39066
35299
45418
14161
37749
44651
8110
42116
25971
4540
20889
47774
1518
45545
20774
40119
54763
19769
53216
9483
5606
3376
30241
29738
34628
8900
420
40188
45098
24464
7062
24810
23907
37226
41925
39260
33543
50001
27803
11858
55135
50008
40117
7297
6495
19318
51090
29919
45287
12976
753
24234
54057
26692
24282
24128
33699
6382
38010
32470
15848
10527
37274
30811
21331
11923
49176
13109
43841
46845
54849
50575
33534
40863
41576
11526
4234
2536
14594
51661
45654
23316
20026
40294
42030
13492
28101
19210
14509
26278
14293
8718
14658
9057
32352
42715
15557
10106
9804
36026
22944
39719
18560
17424
47021
35845
13561
14627
47825
24513
20109
46788
14032
8244
29910
36809
51125
45297
44187
47149
54511
28714
50813
22879
599
50756
22651
33314
40472
4877
1510
32806
29760
20833
44598
43721
13584
21159
30234
15187
30752
34701
53355
12440
45017
20034
40916
30701
52177
29326
36525
10432
54660
13693
1639
54119
23799
13212
50254
10572