10953
12018
4211
25756
12969
21182
14075
13122
12034
11355
12720
15184
8336
7673
7682
25941
15274
22724
22354
7058
22653
26472
22497
9713
20587
24109
9495
19505
26426
13053
22318
16523
17424
18857
15359
19706
1300
8825
5416
10765
25490
26970
15497
19205
13191
7660
2764
5783
22204
1207
24531
23898
20702
873
5476
17911
1286
15521
16195
21313
4671
25152
21514
16050
221
7978
4364
25376
22121
4191
5674
23775
24664
14826
24212
11754
10527
4073
19923
5356
8487
13101
8850
6374
2123
5008
6575
24872
13284
24152
5247
1793
2984
6116
13372
12745
17391
11671
2941
21985
1851
21799
16588
23301
21187
15823
3726
23561
24382
4549
8430
1019
3938
4267
26164
14416
21469
23447
1073
13762
11852
22176
13891
24086
5361
403
2926
13568
4110
125
18327
13934
26886
14420
23054
1941
5529
12396
510
21244
12228
69
11993
7343
22989
27188
20323
4877
8606
10679
24803
10844
2434
26634
23138
8659
2429
14650
1513
16893
23670
16082
25515
21151
5792
21599
6963
7447
9968
20671
9231
21462
8367
7551
12750
24161
18865
14565
20454
5130
1093
14040
16471
6479
15080
2385
8461
24614
22247
4313
15969
13755
3065
274
27392
20952
11698
6102
5728
26291
13625
18833
11351
23465
24248
16485
14345
25139
5374
6841
23817
23497
17064
4647
27264
2132
12436
14136
6559
10788
2059
15554
1548
26742
14194
23347
26726
3192
5249
16327
21285
6956
16493
25731
8172
4808
11759
7088
11157
8251
9508
6084
6506
13607
13303
12105
1958
16441
13314
14230
11048
10889
1785
4988
16218
14255
15114
7569
4889
21563
9741
6059
22786
17781
20163
8414
14702
10189
25590
2661
15335
27398
16235
1485
4248
14971
12569
16917
20210
5417
24704
16450
21391
14212
14442
19938
17855
3027
25235
10625
16274
16133
1346
16662
3338
4633
26054
26199
5122
20070
18186
2944
10702
17553
10496
21834
25750
19478
12472
5230
18700
15791
22941
15133
11408
8350
13564
26837
24659
17938
13643
19647
8023
16141
7390
8709
19575
21500
20725
25085
5268
16178
9811
13882
7729
739
17494
19966
5542
25050
19231
24709
27027
20429
14133
8744
14048
16072
15474
19165
18139
24598
17866
19958
1218
16029
11739
25851
26935
22476
23183
15358
30
26133
20656
21691
19090
20234
11872
25521
16099
16989
3327
14530
15535
15095
5746
10719
14417
17066
21192
11379
7689
13791
542
21167
6825
5341
18461
17003
24105
13573
5922
1715
22614
26021
8672
22323
12251
22771
17245
20087
23124
11146
7452
16534
11181
6729
9033
11333
11958
2560
25628
2593
1282
9467
17227
4917
12090
12968
12218
11156
1912
1062
14238
2512
27466
19900
26833
13522
12123
19738
11619
9667
6622
6300
17320
3548
9865
157
4817
4441
9065
14446
20250
894
20787
14274
20849
9983
18972
21880
17627
1160
11450
20958
16548
15856
16487
24450
328
15057
17009
23433
19479
9126
2340
18539
1151
21815
14690
11895
25305
24830
21260
23246
19301
23055
17596
3103
4044
18354
5172
12973
16245
16869
3072
21495
8056
11303
15292
2871
13631
24436
2785
6090
743
14487
14335
23358
13711
26580
14425
6693
7605
17059
8006
23797
25594
5334
19139
9699
18230
26380
22973
295
3084
2837
5509
15270
9070
2092
11319
11202
24377
24463
9724
25420
19731
23169
22407
22079
9380
1717
6239
10198
12303
7560
14658
16890
27341
20187
27442
4279
10608
887
22053
15654
5060
21904
23597
12507
17237
18366
8482
18555
10257
21504
1575
1000
7238
14762
12455
18623
22532
9726
21271
17645
27284
6252
12982
2280
11628
23723
17100
2120
20028
14595
25525
20889
24279
16391
20204
20839
16308
24312
22841
1315
14265
10878
8496
17597
2357
3659
10459
205
8117
9792
6795
21052
1182
289
2181
18074
18159
17190
17959
378
10687
2143
23655
10933
16537
17880
15998
7243
7262
110
19686
14694
10641
7571
24133
21007
12463
4452
14033
17020
11943
7410
13578
20072
7713
3015
5944
15862
187
6487
2000
5740
26787
11367
3474
21948
18674
16592
22666
2173
1636
15259
5822
2076
5640
19011
13045
1252
27156
19858
11878
16358
4749
23142
10583
15538
2199
20108
19342
26096
4081
26252
1437
2737
15616
20810
27069
14563
27258
8529
14808
10914
19882
3984
12779
5584
5732
19825
25294
9002
11219
11676
1861
15983
1526
5611
24519
17302
9205
3141
4510
3804
15086
5298
25158
25131
1090
5522
13032
18692
6668
24637
16542
3351
7172
26491
19834
24392
7750
13407
25587
20898
21625
27268
7719
5212
4345
26450
9559
12805
18263
3837
24633
10778
423
27127
19613
9985
12286
12110
17702
14141
23299
13456
3653
10966
17617
6217
12366
757
22846
18424
847
9196
9518
2807
3777
10927
7395
12235
2190
3443
23614
1290
27518
324
18210
15477
9212
21294
3485
11969
6921
20778
21540
12292
4696
26098
8316
1735
10316
8162
18794
3306
23263
21924
6970
22463
25372
18906
12593
13080
8280
10171
26948
10153
27347
2827
3311
4974
17684
10692
11583
2657
20346
8440
23950
1737
10049
3183
23879
10029
11925
11645
14873
15947
27275
20482
25796
13232
12253
9299
19310
15548
8078
1932
8966
11296
14931
23605
11881
23510
22859
21535
4995
5950
16641
16128
12027
1901
26321
5381
22091
26667
7837
18963
8043
142
19841
9084
25411
17728
9443
12268
6611
6682
27511
16332
8264
6936
10449
6278
1052
8527
20477
15121
7190
7081
22301
3389
26920
25480
1080
18351
13584
3274
22677
4122
3504
6828
528
4655
3355
25446
24821
3531
13164
4080
23041
9852
25620
6172
13367
20081
5316
15922
9612
19263
17138
27506
27227
4966
16172
24223
20420
27025
9143
17035
1666
4670
3362
19951
18525
6335
19873
10883
24634
26275
4125
1840
21303
12915
1357
16036
18034
6323
14517
10838
8384
26815
747
442
25574
26868
14288
22710
1407
904
1175
20260
25873
13398
1491
15629
15456
13916
23915
10506
22830
14462
25642
25300
12598
945
4448
13077
24505
25786
18894
4646
12940
14119
16632
4641
105
20990
10566
2047
9920
464
18670
17164
7955
21275
27146
11267
7855
2437
24594
7545
25963
19984
2100
3093
10986
5581
14523
4234
17717
24322
24667
9752
23227
1830
13240
6688
6270
5166
7010
25281
9016
22382
14801
8295
7382
16312
18303
14294
24835
15378
23407
18431
10540
26377
4625
8844
9802
15190
27434
4956
24961
13973
15107
7360
8157
14204
26692
22644
2451
25832
8943
13694
20803
7718
556
15917
19203
27540
25808
22547
16926
22113
8051
8144
1264
19158
6496
14504
15837
10499
24571
19281
17912
10703
7204
23178
14398
8257
22340
21704
23210
16272
3058
4037
6012
15282
10230
20835
1843
2330
13267
13250
21574
5154
10860
10149
13964
20458
8968
16948
21332
11545
8687
6816
18610
11135
11160
5759
22574
5140
27533
4118
8306
4436
5634
4292
26004
25539
5894
7866
25342
25258
7516
23130
4379
25350
10468
14066
16912
7610
23072
10867
2525
13474
22684
1675
14349
24240
18928
7958
24352
21926
27528
24924
25905
23989
1388
17372
15880
25013
9773
5992
13940
22950
16069
2901
21907
11192
2110
10830
6298
4334
21825
961
9335
1354
16813
20567
13046
3165
19454
5181
6375
25440
7110
16282
12124
10598
14551
23866
25329
24447
17347
15942
12958
7785
11112
8577
17467
14326
14668
12019
24494
1588
7906
11371
26292
20820
24733
14760
9399
17439
8782
14864
1166
26561
8433
21135
23313
16349
11191
7615
11809
12037
24980
11923
1568
5829
18990
8869
309
9430
10143
24132
25918
13443
25335
19670
12410
1922
23809
7529
23923
18652
13727
17288
20860
21238
20821
19116
27352
15442
21200
26650
16996
13123
25856
17329
6864
21070
16136
15
15518
19473
7259
5855
19783
16991
13259
8798
5198
659
18664
5014
27505
22443
15487
18173
7799
21523
6659
16700
789
10461
995
27457
7741
25275
15892
26636
13482
2151
8538
16985
15216
5692
8400
27223
8353
4969
26541
23366
8455
24024
25010
12519
7421
3741
15102
11121
4301
11331
22302
19412
4052
14631
17415
6703
18012
22000
8800
5756
21634
20593
18777
27384
11776
8269
3519
346
20224
4644
11109
4144
11027
12895
18044
16227
8791
6837
9326
22218
15239
15250
10390
5932
24067
8426
13358
22905
25124
13109
12160
9001
25784
19818
11973
6590
4336
12773
19791
2586
627
21092
23585
5329
3445
9428
14637
2731
11096
9137
5871
26885
13685
13955
767
21841
7762
21341
26456
27293
1
20413
18656
25199
6634
2811
17254
14834
356
10067
10268
8397
27008
10790
18933
24994
8569
16842
5306
13156
22874
16605
7879
13830
26894
15961
11669
12730
22122
14783
6149
22758
10055
23031
20515
21165
19125
4609
16498
26997
19195
11236
1556
15023
25693
21684
25548
19551
17017
24402
15954
22636
7464
65
3847
15893
15935
26849
5331
6319
24063
9315
20190
8617
8768
21249
4725
773
25617
21872
191
3348
2687
15209
15403
4791
5239
3071
9243
7612
9113
7861
21288
19468
7354
5499
1361
2486
2371
2459
11504
25895
2846
18943
9828
4800
20826
10852
1024
27213
8700
10481
14761
16746
14076
1163
11487
16106
27279
27241
10434
26163
17045
9743
6433
15156
22414
3104
16541
21374
22472
6141
16393
24651
20113
25757
24187
8342
17174
15269
496
16722
17846
554
26407
15041
20965
8627
21119
11273
26489
21397
15249
11867
19588
26452
6311
17285
1804
18124
8986
22286
13302
22423
10995
15610
4905
6347
18117
24790
18271
12710
12342
22896
10415
11252
26820
26209
15016
2069
15723
3179
20339
17990
16862
22456
7491
22698
20131
12616
13603
16165
23697
25062
18815
24426
16467
16373
21566
14553
13051
18464
17107
19721
84
7608
14454
5653
15506
24358
23294
17650
15779
8670
18047
6241
23389
8174
19490
13313
22123
26586
8225
2916
14221
14015
18949
10696
27316
8104
8956
3212
13864
12879
15159
26716
15646
8498
11827
8240
25430
16281
17462
20696
1908
13348
22625
682
17260
21930
3599
20857
3175
18749
9153
21856
8319
337
2867
17983
3758
25979
14927
20486
17819
20783
457
20008
17154
4016
26806
2168
7992
22170
1319
2576
23871
6385
3618
15199
14905
24740
26643
4027
10183
713
6098
18128
16938
5098
7888
16769
18773
7228
12520
6862
17929
8286
8321
3522
2294
26986
27502
4766
8379
10071
23870
25773
12606
5032
26500
20549
22081
11389
23304
7736
23421
10205
12793
2510
24255
13544
19219
6214
1987
4467
26107
16885
5808
19775
5203
5280
19348
21678
18764
8783
5628
15639
6710
20447
7947
4743
7701
17295
10550
6704
11817
27198
23966
11722
10891
721
19045
7639
27314
579
222
13274
624
18500
55
15801
26157
16203
8713
6769
24784
8701
16928
5647
16804
10161
1066
24233
13746
2268
146
15140
23679
7580
4618
102
17309
10774
16794
18545
24745
12641
26882
16030
5216
21446
729
13205
13799
3489
3455
19438
5157
23423
11007
26432
22138
2478
10324
17453
16056
21059
26309
18063
3786
7917
1691
26778
2680
8878
23271
27104
5118
2344
6307
24040
17974
22718
6544
16684
13983
1367
26233
20539
18720
22039
13928
3943
10971
19597
24913
21577
449
992
14538
15300
20968
7311
17357
14546
14911
13961
24601
3767
3583
17183
17527
1797
26710
14374
4327
20971
24580
16751
11082
6189
24679
22292
15329
23517
18579
2456
16010
8419
16724
599
24021
27478
8904
19149
179
8277
16551
12678
23525
23114
26462
24890
16677
12925
8554
9290
7048
14942
11056
4171
12668
20878
26010
23633
319
1451
21111
26043
26915
23236
17503
12305
5574
20529
18829
11017
18397
14855
11348
7794
8471
12815
4371
15175
6198
15060
27116
13790
16335
3853
6473
26149
9929
24935
1881
5001
14527
17543
8358
24276
18987
22366
2285
3297
9445
26180
349
22635
21351
5045
2998
12039
18494
23889
8102
14583
13819
24487
13835
25061
10245
3053
24338
7984
12725
2776
23125
15672
12821
27096
1224
9618
13825
14884
19422
23635
7977
24005
1384
12183
26559
16554
18288
785
15704
16478
25556
974
22750
6815
26296
16406
13738
4189
10267
27115
17894
25201
18606
3707
12970
2226
7706
22915
15045
13671
23200
14597
21961
9195
6112
18317
8884
19291
24175
14239
4311
14058
12092
15684
1625
4532
20046
16497
16727
9676
2937
12765
26805
12200
18410
15469
22937
22672
26784
25659
23104
1171
21193
19835
16561
1759
23430
911
10215
25321
3751
21395
4700
152
24545
20303
11462
20283
11813
474
13334
19078
8508
16432
7809
10334
26528
1814
3642
35
26066
26243
7454
16200
27370
27492
7179
16776
25684
6854
23508
23880
10638
1385
247
20615
10639
26143
19134
7275
27250
10375
14813
14980
25113
15235
5882
20203
25745
5532
9455
23474
18470
15322
15372
2948
1746
6170
364
3543
20380
12719
15337
26264
7629
24332
2232
19633
12891
10674
9800
7999
19561
11593
7938
18072
3564
21858
26219
7763
1520
8495
22959
7346
2567
12836
1602
16656
23219
4309
18253
20356
10962
12008
26924
7547
24166
8877
23281
20173
25882
25267
3495
19445
24776
16296
12949
25210
23323
1249
14283
5225
21159
26587
24984
12766
24275
14437
14724
10041
3729
20394
11045
21932
24795
23839
18993
23831
22241
6329
16192
26709
12151
6401
15333
9694
1682
2583
19704
7040
17160
23832
3491
23755
6423
3021
9436
7692
24801
3010
3283
7632
21214
21073
13452
17718
19794
26116
15229
18344
23645
12495
24075
21063
4602
9575
9945
74
7131
10854
20001
23123
2367
3157
12811
24529
25466
10103
6179
13501
14170
18824
22764
4523
2773
6411
5994
19538
15761
26533
20460
18258
17966
8517
22489
5977
21829
4476
3472
14676
9390
827
25169
4822
22831
25248
21475
9583
14794
1425
13095
22868
6507
6849
22873
5364
27204
25817
15508
6524
26388
23027
19063
9400
25117
3265
926
9156
18270
12617
4093
11682
4216
21082
11522
20580
6534
6470
19460
19001
8773
25767
6888
24034
21472
27414
2499
1616
7587
6565
17978
20955
22045
24404
12687
13174
26911
24997
10507
9564
19075
20523
4462
14632
4867
2639
19273
12351
21034
477
14960
955
2659
16309
395
23456
3953
21396
4142
6338
5287
18142
24118
1463
24408
25632
21441
20409
22336
1468
21152
20595
9222
26968
344
9636
1343
11245
11599
19053
8931
10300
15972
21655
14368
25287
9641
5900
19289
25032
15852
10755
24827
18002
9092
20450
4352
26008
16712
17090
3987
21675
12863
3518
19804
3431
23101
23533
15010
24128
22894
6787
18978
4400
10555
22500
4165
5072
10819
2853
12888
2808
7931
22454
1269
15715
20407
14818
12881
10420
17865
1505
17589
20133
25227
14777
23077
23222
9487
26605
11497
17070
8133
2318
1141
12628
18925
27405
9277
22124
23717
4776
1642
5040
9000
22274
24285
13526
20366
11716
26345
15077
2022
8490
19106
5533
24143
4626
9494
3691
25997
11280
1727
389
817
2391
20313
24333
408
17199
23289
15735
4156
4718
340
19086
10721
22778
7925
7251
20774
7831
10349
17952
13131
15595
13845
26790
10491
6801
26975
2522
5684
5059
14126
10126
5726
17751
17274
16395
12138
21807
589
13595
15396
9265
24959
19529
23877
14622
22609
7621
24283
20619
23584
23337
20165
24183
18783
8759
22595
4688
127
1256
23152
11158
8233
23608
20744
4280
1895
12278
12972
4145
4355
24886
5776
4784
264
18379
18100
10269
21142
5603
9553
21917
1490
11299
24753
3117
23577
10797
10240
18363
10835
23067
16477
8550
21558
15777
11789
27192
12134
7305
13615
4215
11837
5770
24716
11514
8649
13288
19234
7684
25070
22009
13954
22690
794
24
26753
22026
19949
13642
20610
15385
16908
8199
23355
7655
23669
26072
23906
13388
1398
15908
15448
1864
522
14747
18479
6073
22821
8028
14932
9709
13413
6778
6514
16149
23243
1903
9004
25394
25443
3969
11259
7772
3006
26532
7820
15742
3996
3944
8425
18221
10997
24372
2590
26083
9659
7101
5886
15730
22522
25378
6020
17827
2991
12308
14645
7483
21164
18024
5061
534
13670
6675
14064
14949
702
14168
12716
24047
26442
22200
10740
24260
20496
7810
22439
11830
12981
11360
21851
19656
6554
26366
5258
6000
20601
20137
23704
4276
12345
10136
13870
22104
3419
4592
12099
26040
6395
27113
16446
24812
27246
15971
22084
21125
5435
18597
4023
2064
27158
1769
5012
7930
433
280
23074
17423
9592
21898
20710
910
27287
16814
9358
25532
23519
5
13974
19933
19620
7589
4047
16969
16546
2445
17671
12841
27218
15150
23553
17322
14062
10526
4076
1561
78
13931
12655
5147
26903
19485
4528
17780
15147
6138
10811
5593
26418
12739
23276
25711
22883
13591
12169
3383
24865
2310
4909
27092
6369
23375
5675
27042
11575
9819
879
23848
6905
16097
7627
8579
26825
2235
7946
26511
7754
12993
4583
3693
5578
2641
22265
20766
231
4664
15585
22221
5671
26552
24916
5187
6264
16024
20732
9185
12319
21407
20405
21036
5017
25779
16380
548
27468
4434
20180
27137
22513
18565
18057
1033
13193
3979
160
805
18020
7367
15725
3482
18774
17657
9761
21384
16577
4495
23061
26772
22501
2194
5652
16875
19571
13181
19793
21690
12624
21803
26644
21585
11029
19401
6946
12880
1238
22311
22163
6173
4486
23549
26240
12534
9182
20149
26722
15176
5804
10326
19806
23007
18702
26342
9434
17747
18839
2795
23731
18730
108
4349
11736
25680
10273
7216
20018
4322
27360
25824
10672
20269
27299
4008
27090
25194
17129
11125
18807
8860
15688
24899
290
7025
21620
15664
1110
21049
1453
17593
39
10352
9905
1794
22375
9764
9415
3862
5199
2597
11758
3795
11339
4902
7166
1056
14450
20960
15042
12796
11846
2553
3629
2958
13848
5237
16413
25215
20396
1416
2081
15033
11860
6513
24301
16102
1199
13903
16364
17382
8894
19534
6488
8393
20499
10643
22153
10027
21649
27374
24061
9353
8927
16864
16760
16384
19248
2221
7396
16356
10829
5394
12293
2632
8510
17661
23397
20374
5850
20198
24284
16258
14966
4589
6023
14895
3415
4756
2016
9256
10907
21364
4862
19694
12371
12411
27060
9722
21386
7986
24680
3899
21382
18278
18110
17585
11244
14109
616
25650
5669
12523
26960
5970
10038
23539
8547
17791
16993
11540
3056
8973
3025
11211
25926
6583
8168
21785
25699
17779
7001
26963
21595
5469
10053
18325
16294
18522
15658
5910
9686
23085
18181
11437
16318
2163
5278
2304
23095
25738
18340
8166
12696
3813
8142
4270
3182
20763
12439
12844
2508
12478
22701
24604
18661
25601
5848
22235
12701
5007
10654
17621
7381
21322
9301
13308
6884
8337
12295
20776
3173
20641
18602
2179
6230
25005
13902
8661
11500
3250
6219
26769
258
1197
22705
19161
18684
1883
1260
27000
6612
16903
2394
16849
11480
16460
22126
25868
93
1449
21946
490
7748
2342
14011
3391
18711
17016
4927
10815
26089
25031
837
6607
20850
3497
26123
19242
5385
14574
13780
5738
21544
20684
21224
4888
7250
17446
20853
6781
13660
5750
4025
11471
12567
7271
14564
18822
2758
26940
26440
16351
7371
23023
16304
23686
21626
8127
19677
12850
21055
7405
11744
2949
5064
3736
7971
20343
17567
26344
22593
13383
2214
15625
23858
14086
20058
12073
124
5937
26996
17709
15421
10561
14497
10361
3889
13114
4181
12527
11913
17472
8096
3462
26201
24244
24695
18380
4007
25769
16472
2708
3910
10522
22449
9402
27178
3035
11638
15008
10451
9350
6617
6880
1995
14316
7156
20932
17203
16767
27018
8642
2170
12584
19848
12787
1585
17053
20037
4347
7664
17750
4004
12511
26547
9523
11563
22308
8955
19397
2383
17818
12154
3613
10002
11067
1009
3258
19381
24366
9405
14624
11337
13260
17726
18126
22258
8231
9224
21978
2976
4427
26030
26272
27323
27344
20159
12651
26846
169
4846
13991
17478
24346
15399
17689
11947
13099
9838
14050
11229
18870
13521
12336
4669
14472
13947
3196
2410
22034
3240
19012
12935
16930
18197
3323
8035
10647
26398
10218
24513
5564
26673
8181
17667
20934
26621
14021
1245
9512
500
10569
8596
24080
13809
1185
17720
26020
21902
11752
20681
7285
18514
22321
23412
19514
5373
21390
2724
22132
20998
7457
15391
1478
26747
18761
6041
638
12230
26613
7845
21809
8101
18447
12113
26674
15844
16517
19027
13060
24415
12221
1494
7195
2621
3108
6499
18043
20218
15567
13581
12277
19282
19363
20572
10331
15696
4729
19765
1985
2205
23700
4127
916
25886
19351
19904
25983
14604
14099
10837
22924
1439
4475
6076
14407
17903
6651
12051
9347
3554
21766
20907
15601
13920
27120
1470
7073
2254
21581
11784
26190
8478
11844
23810
17579
6346
6446
9977
23001
18881
15029
13555
7870
13365
6722
17114
3877
10749
6467
7501
9367
18414
8131
3045
23201
25583
11173
11707
25530
11432
7893
7511
20122
16708
19068
1045
22736
6948
9451
10727
3685
26508
17508
10404
24193
9053
5892
16856
16286
5729
1262
23487
8816
17571
18852
18332
9063
26355
18802
20832
2656
22733
25361
16015
25365
8149
26626
8020
20320
24906
20846
14014
18167
10118
14681
26274
19262
25241
14531
5833
8183
18457
17077
16130
8752
16216
24126
19337
11417
26998
1278
8052
15750
18882
16902
1647
21273
15169
14389
22796
7032
14610
8010
13219
16112
8068
5462
5427
24052
19227
26979
22348
11422
26577
19747
22559
2419
8450
8720
6468
2538
20056
14401
5659
2245
13731
19032
53
10259
12574
8677
9273
8288
2817
233
8520
15344
9993
23967
11509
15090
4570
14988
23718
25263
25835
16003
1115
22100
20689
26185
9249
15784
13321
23472
2889
25506
21232
12986
9052
25076
10109
11691
20634
8192
24877
22279
24881
24054
21131
26213
26700
26234
21936
22287
10589
8432
19716
4855
10462
25987
5701
575
20309
2613
10081
15989
7737
370
8914
2230
9477
4554
25404
13874
11661
18385
24303
11326
1018
13899
3205
415
20506
3573
5803
22016
5991
27190
11562
10842
5720
198
9278
19098
1323
10266
13031
10533
5321
25841
9120
5764
19201
6917
10663
18307
26918
11170
19183
14936
11018
10065
12633
9104
1833
18792
15788
20664
14488
15920
24065
23572
18926
5272
25988
21855
21752
27411
7295
11785
10206
6991
12193
24319
20582
2917
13742
24495
16958
672
2893
5346
12830
22359
3753
17680
11525
9651
14358
2519
1333
26859
18901
24384
26160
6784
9696
3860
13507
21418
19389
20642
17027
13423
24566
21758
9966
27197
20983
2211
14149
1043
6920
19968
26280
22601
14613
24677
1893
14094
5577
4139
2769
19335
12053
24261
13268
22389
1772
632
7898
17318
2530
6234
16039
12082
18036
7060
13703
24280
24683
23162
4946
18373
5961
2527
11695
22244
1125
19912
13651
17760
5178
15134
11037
7118
11442
24623
22484
518
6123
16978
21431
6420
24647
12502
26684
17946
8088
24506
18739
11905
6150
14734
13470
26925
13491
15412
12048
14959
4195
13067
1420
16508
8788
15759
20914
10408
25146
8571
21550
20737
864
7038
24914
5982
14789
17124
49
17378
3533
14866
20573
9602
11118
9074
9862
24222
5818
12245
5872
8204
20279
8128
6442
11286
10330
7224
21093
9936
8939
4837
10949
21369
13086
10166
4823
4240
13465
25150
4225
20866
797
8902
3698
16944
25861
25486
10096
24843
302
23751
14247
9454
13038
14157
4576
4738
5443
5452
9959
23791
17221
3496
23921
8683
8140
26760
7570
225
23503
8856
9281
27331
24541
16207
13192
18439
3405
19372
11385
14997
19257
13720
6301
8833
26254
3920
13430
213
13971
19510
20306
22063
26333
18178
10247
7093
12459
26597
16251
14938
20879
26954
15709
21955
6973
10344
22591
13140
22621
16183
10804
10447
21779
7522
2297
9847
11999
182
8563
2630
3765
2250
2403
17536
26788
2698
18149
17397
21004
20994
7412
22741
2908
11930
16264
9097
13150
8219
13339
1708
21103
8946
17830
12954
14176
3373
4679
18533
18214
9036
15417
22326
26523
19434
20937
25095
19057
16598
7590
8595
5116
4900
1948
13025
10616
16706
19969
27168
13772
12021
21643
5551
9189
25317
20386
5291
26411
18631
18505
24781
12015
3230
2856
4490
513
25052
15433
26165
25930
17212
22250
7068
26325
26363
27482
10384
19990
9536
17488
17429
18641
669
2157
5050
25910
22569
1469
10943
20169
8815
24381
6601
23827
15367
14512
4511
15911
8591
18202
25708
984
15898
5126
25337
22271
25771
22440
20063
7080
16698
17546
21567
1773
6257
22050
21866
14589
13012
25517
18189
19733
9628
23596
19403
22955
14714
8732
23441
1212
657
10187
18681
12318
175
16414
1476
17809
5089
7912
4062
20332
22228
1700
5953
25814
4082
13317
14342
20639
24848
8809
14883
7597
16613
5106
9606
692
9778
2799
24478
6237
7467
1976
14223
16170
7431
23565
1150
6250
22459
15126
6361
24970
21356
21714
25609
16584
9371
22815
14891
4458
23933
22583
2933
22143
6742
6754
26013
22259
20404
23996
6597
13341
26873
18891
6817
6208
10306
12209
19021
13293
21292
25386
15002
25217
8273
25348
21731
4560
16962
11490
5559
27428
1966
237
20290
27082
10310
12328
1660
25935
14311
23016
23943
18296
11312
19643
23199
24950
5402
5713
8107
19774
26045
6639
11621
5189
17992
7226
9645
16284
15431
23468
12956
3135
8083
10427
4032
6750
16691
16699
17764
17771
18535
9878
11055
16117
9046
15525
2753
18571
13525
13999
18083
23695
23785
67
3515
22607
6117
9912
2494
8373
5842
21402
19543
26714
12544
2292
17459
23190
13132
11137
11965
9903
2057
21011
13543
25470
25030
7356
1228
9025
24593
4033
3220
2020
19039
15564
10400
16739
3719
27144
12143
24371
16569
23356
24070
13563
2005
16423
27123
11102
18757
26490
27433
23657
25040
21120
11162
7910
18247
24468
23710
19245
19315
18645
15888
18093
4892
8601
23698
10281
3395
18133
11141
9545
5966
13211
9464
17087
20110
8588
7536
21773
385
9164
25418
15312
25736
22019
25299
7899
24456
6033
782
2964
2884
16816
16435
15461
5956
7438
4594
25721
12461
7761
19495
24281
18826
22978
23008
2693
21903
25382
15332
703
10011
12873
6732
6050
1532
4470
20754
11113
5618
9215
13758
17607
3631
27052
24309
23983
16043
13728
18743
20924
11530
24148
3002
1261
13018
23694
6388
25271
22064
24864
10980
9133
13
20100
23890
6392
3819
20945
8924
20441
22195
4097
22466
20594
6469
14
13515
8725
23385
5755
23741
22934
10474
13428
7488
5665
25447
20917
25178
18587
18226
14899
14026
17265
24421
8331
23547
21040
2141
2874
11934
24758
22431
3709
13661
6356
16531
26659
23049
9675
24768
17953
25675
11771
5412
16967
12488
6537
11769
10356
23551
13733
19702
6642
7042
2038
854
4827
3939
9174
11602
12387
2671
3337
18387
3315
27233
15695
4049
19666
13554
14004
25455
7765
8089
3646
15214
4107
11186
18893
2509
1122
19755
14222
22806
1217
22549
7323
24292
17306
4385
26191
7782
10090
9875
12904
26745
359
20759
6759
1574
18932
24230
11951
13326
13415
14846
4405
10900
14481
2350
11610
9955
2859
15382
1514
20720
21255
1428
8410
3428
14532
10287
20795
21262
23295
3962
17636
26958
12854
13675
17886
3147
11799
1061
15926
17843
9735
6288
21711
7574
2086
25071
16638
24339
1377
27419
12568
14743
8607
20589
14856
18951
7620
24093
23059
3909
5081
19213
17118
10369
15827
11494
9820
16670
27444
15575
7150
19624
6896
12379
2032
935
20143
17277
7182
6461
967
19425
13536
3493
12063
16547
5471
1874
16647
25970
6160
8141
17405
15308
19578
7541
1308
23960
1975
13912
13985
22542
13993
13340
20384
25023
7927
20502
7549
23279
651
1544
5493
9296
2416
11533
5854
7125
6785
22399
25949
1131
12672
10735
22833
17144
6874
1427
16285
15820
19908
18768
14151
3872
21676
16822
8044
10063
18013
24268
20847
6221
15351
9504
19779
8363
22969
23799
24756
24202
10633
14400
5981
3619
13930
5824
9310
13081
1509
2547
5027
16092
4469
3668
2468
15870
18147
21025
13572
19524
2668
3512
1659
12759
2455
19782
15806
14712
26063
2376
4742
118
24691
21551
1651
14185
19361
4391
11983
8241
12554
20626
22017
1541
18534
20132
25912
15687
19232
11180
16158
22986
13612
12414
19889
7293
21019
1859
25358
1100
19681
10439
25307
20872
25068
5095
3228
889
1094
8988
8076
25804
25454
23058
21024
5132
25436
25687
25166
23568
10270
8305
16645
5786
3248
26631
24724
20517
16623
134
20531
4286
4357
15068
10108
22613
20559
607
22280
21970
7993
26478
5865
6065
1060
3636
23975
27306
15155
3059
24943
36
25429
1193
4146
18618
14840
23328
4069
16737
7211
23261
15976
19865
11387
19836
26494
22102
10079
26303
12236
4805
18878
8977
26078
20979
22892
5516
11611
17389
21724
4367
5710
19816
4928
23269
16819
4088
9967
9603
1223
20300
4409
17838
18697
16835
5486
15813
16122
25959
7601
13422
18353
20118
3368
16827
22069
4939
18487
811
11552
6630
6306
6403
17557
23589
1943
23253
14278
17518
564
18858
17502
17800
25563
11409
3126
12557
2606
9117
8156
8634
26281
16064
19895
7646
1371
27448
25567
4124
8059
14433
22849
9485
4709
7827
23760
17693
2715
14304
11584
17920
5785
10691
11732
2968
8990
26112
10431
19038
22186
17278
3185
21206
9866
25184
2264
27073
19917
2760
734
14770
22737
3287
20997
9788
8843
14667
9481
17737
25669
20468
12356
10295
21485
23770
4129
22903
4980
26795
9013
17876
27318
13437
1612
17339
13858
2010
4205
26172
21176
20337
12690
21243
14731
9441
1539
6596
11891
4418
23624
24584
16663
3227
13700
21994
643
13002
17038
12178
3963
6914
19606
24854
23927
4585
15679
17200
483
10575
19759
9325
16342
14919
15212
3928
11568
12225
11064
10729
6028
3593
18915
4611
22278
12422
20431
14545
14161
16399
18799
7317
14473
20652
7473
6133
4745
1450
5912
9529
15276
26638
24424
13879
15767
19521
19174
3140
26876
22707
15234
11573
298
25468
18959
1629
2353
19492
4193
7329
7830
17807
12263
22003
2511
17479
23270
21270
26368
4505
10180
8740
2290
25496
19186
12910
8212
9897
4057
10514
6811
14074
7231
10710
21529
26225
23064
6983
10868
15637
10017
2855
12429
27369
251
2323
9337
2648
11773
9658
15030
13378
22662
21791
7338
27001
16784
2389
11076
21741
19407
21665
11092
21416
13230
16283
9496
13636
4949
15187
4003
26058
892
26134
14460
10432
19679
10591
19696
21694
1751
12259
9570
26567
11652
26480
8692
2278
12560
23484
22996
24553
6830
16337
19325
6178
970
9821
11214
26314
6452
11451
2150
15223
3606
24445
20240
26080
14236
6928
21452
3676
8494
21716
7019
18516
26735
570
194
10689
15948
2744
14689
11399
3884
10058
4521
13202
8086
10921
22608
3029
21298
17365
17344
15053
2218
24012
7966
5619
18474
19979
24574
9887
15569
1499
13228
4257
2502
22505
10225
26521
3829
19531
26777
1821
21604
25459
4575
905
5794
19208
21889
25105
7133
19991
24559
4936
4886
25381
9579
19660
21423
5035
8071
6540
9419
9237
3440
20600
23662
24097
11459
2890
18402
14757
1782
6716
25820
1595
9418
24910
8155
12663
14211
3995
14384
4973
18848
15703
21610
5768
22208
6006
12399
21742
18240
7143
3965
12402
19944
4541
24100
5766
3081
1569
22330
24929
27034
20091
12448
20893