39771
1483
51615
31661
17017
48643
11321
35797
28786
25291
26291
46404
14567
13905
41325
37990
5461
18580
37898
884
51435
53706
49934
27613
6181
2942
51739
43540
6445
49406
15635
19040
18506
80
32517
51911
52237
28533
46285
33835
11066
54030
24840
32143
14131
32854
11183
45738
35041
23212
30071
6969
47234
11631
25248
38114
26767
48027
25320
48601
2504
44120
5146
43362
53544
27627
31290
53129
38030
49702
3946
24412
8565
3622
22326
22472
31911
23391
13304
17512
53116
2041
23032
15808
49173
38934
49648
18569
43495
49683
17998
37322
47710
9039
5870
50890
50156
49797
28904
21060
40925
48543
26803
46871
9242
6570
25577
50744
12873
31380
7913
22821
48973
52227
1328
24882
11990
468
30235
26837
52778
18388
26813
51914
28011
13197
43497
8692
40431
37176
24764
25442
33458
33610
50880
27017
22420
17148
39044
1986
17012
35998
32544
22846
19409
50022
8228
6146
45629
54465
10495
23402
50191
32939
30527
1240
46597
7173
47478
13438
27639
36983
22739
16792
46914
37113
17817
40314
44918
15477
42223
28293
18373
42913
35876
14292
48964
50670
47512
1606
12530
49902
35454
34552
4660
37495
42903
10168
33282
53332
28448
52765
13702
43331
823
10080
19815
2030
12815
47519
33734
52836
28587
32389
33194
37827
47656
41287
30384
47378
54021
41609
34463
28027
3838
23656
44258
3964
24316
43837
9397
26945
27637
38398
37825
37166
33065
29745
6675
50863
17578
4384
39702
13628
3219
23123
52419
18470
14158
5191
27961
21543
23173
36752
46129
5713
33980
12416
8088
32367
16395
32979
27976
20367
742
23606
4944
12894
3302
48894
16600
33578
26752
50223
30220
38790
43494
23984
41616
45917
17590
23706
18189
51567
41799
45395
34092
939
27162
46246
35995
27351
318
44938
2178
23553
43697
37309
23195
27893
48904
46680
7891
13819
49041
48369
15675
4223
16430
3996
44213
26023
53052
39822
24385
48861
19311
18151
10833
7490
13561
24673
20749
23563
23644
3514
49592
49198
46848
41915
46743
42133
16503
29807
2606
40147
8421
9844
22610
39379
48598
33540
21276
13698
47839
25899
45392
24718
39122
41994
10183
38605
48070
43287
34446
24464
17518
38988
53916
5880
52955
5470
109
48945
34419
41331
44239
4455
37247
35942
11641
53867
30162
29425
3146
21357
31507
26694
14737
20137
5061
45976
31233
19066
41887
14452
30977
4108
32220
50748
28343
12261
50113
16259
35989
14016
20644
30095
3780
24254
42686
51193
15100
7265
23598
43958
38507
36900
15487
49687
25116
22644
41696
27808
16500
42198
42637
31249
12451
32357
21771
37888
23609
24601
34813
43413
12293
46432
16902
33936
5530
43797
26083
10411
50608
42029
43130
45244
28531
1405
26956
3420
51539
20923
7400
13680
46497
45799
8718
45484
52647
42243
2899
22954
9834
2853
1642
52436
46166
21403
32577
38163
52040
35629
1472
22374
50382
32347
49673
32174
20836
46010
40369
35126
16696
38171
47910
21149
3210
39524
6804
50173
9084
7939
33243
38645
26151
39479
14837
36387
23005
33547
53257
29447
38602
27444
1830
52835
34796
35792
29199
42827
29087
33692
26349
8457
48215
2371
3306
22627
54194
29754
11803
9051
49368
54046
38232
44487
6455
53562
29177
48992
37759
40871
38360
48986
50789
22707
48866
19808
15282
19188
36232
41931
17628
447
13639
48210
394
9866
16543
52444
5479
48550
3858
29454
20233
19674
30715
41219
31719
26589
17069
8568
50241
40104
20077
47992
38884
8111
26263
47233
16467
53673
14862
1147
35667
40741
52157
30296
33307
31761
29004
42540
41895
20989
39601
14887
46293
30316
28797
3803
37323
9
12362
44435
41004
30328
51413
16927
49086
12090
44412
47596
51746
38598
30467
50720
51766
7854
39635
2159
18828
54191
24946
47770
20173
14703
28185
30280
34338
15186
51443
49201
18544
33255
19100
50234
52220
33672
19170
37345
30482
11304
4047
9684
27226
34366
17727
45582
1495
32419
13733
12690
40239
451
7646
2819
20601
3716
50415
6301
10385
27541
10845
17234
39952
53495
34944
18861
49580
33906
16457
14586
48515
20294
52172
20576
36646
52310
51947
25523
6415
32181
17526
4432
7077
28537
23085
41852
51594
36430
37246
23194
4185
48444
37857
4962
8996
4912
21775
38300
22899
44296
36439
18584
370
5208
17668
1466
49124
17037
45097
37201
13125
32853
36539
13828
33081
9001
10296
5512
24197
12265
22887
50179
32605
31315
35213
33558
20731
26164
52238
33689
22922
39799
10976
52966
30094
25175
19589
12161
31745
23503
26225
17215
40623
47216
36187
10710
40289
45270
29581
39742
37179
16531
14945
19664
38087
13664
21117
25355
34437
21095
22025
16058
20271
43726
51007
31605
1179
44138
28037
9709
11776
44498
52769
28166
2982
34454
31260
50559
27994
19435
53321
12195
2002
5731
9343
11331
11137
19948
31223
27334
36504
51828
50643
41379
1047
52707
25814
37890
27509
52097
15008
46975
2383
35153
26922
21493
47270
50414
8583
2339
6101
13861
49340
19031
18982
1684
33071
4063
45724
26646
11943
7899
20214
10659
47423
2212
20597
18999
7572
11459
5474
28851
51035
39917
36450
40092
33891
24780
27743
41152
28527
12876
20296
16831
16822
26216
25206
35856
51105
44362
19517
18605
36724
36049
31813
34326
5288
52001
10574
9013
50498
44976
31832
8097
33345
54093
24935
28633
53331
21811
18643
28
1298
51026
26301
52154
32677
48480
48269
7457
44015
47732
48822
25421
3768
48241
20380
35782
21626
19702
42499
24277
19369
24373
4721
9116
34082
1509
45191
40874
31128
26147
8516
39435
25061
30955
5924
30062
16946
12926
3546
53482
2788
33208
49456
18621
18341
11035
20324
10776
32816
38257
8511
17579
2909
3305
9088
19949
1519
7348
54202
23428
37080
32106
28616
10501
12102
16710
22215
46921
20291
20051
46908
16720
17097
41295
13172
9889
52276
52683
41730
30591
19290
38108
53281
19282
43786
12840
28075
22389
50014
15335
14783
25231
8970
40659
27528
31901
8166
7958
29869
42988
3742
3603
14989
29819
4947
13824
36617
8641
33789
34474
47040
51940
37594
11838
20793
9974
27201
34854
24200
2767
4837
34852
31465
52608
50823
19116
52802
49803
11861
50367
11028
38197
39806
19797
1156
26577
22654
42103
4597
40004
25734
954
50215
5983
13911
16164
52968
49139
33328
10943
42085
4119
23581
47670
48849
40783
1082
26670
5675
23708
23926
34288
309
52292
9639
48129
1283
15454
26895
8432
6728
26303
45808
45734
1458
38008
24467
42528
43822
37576
21348
31192
44863
48049
49892
14691
1719
42421
37424
19007
19742
18578
22323
14220
38636
25665
35619
7968
50815
8272
48593
40894
34481
51662
15760
53369
36016
14971
20635
18274
50430
20582
23534
28780
15713
41836
37333
36610
42376
32342
3251
41069
11890
3824
4084
15774
22833
18090
17776
24102
53260
40846
13135
11245
25102
39650
22902
15702
41790
38376
4678
52876
8989
33749
49723
5132
14529
50505
42508
38989
38799
3537
46810
48941
48948
32042
22817
13719
40823
32425
6794
47973
22177
50658
8046
46308
18586
22236
3596
29628
22034
36715
4718
4985
53784
40150
31433
2199
22747
49988
841
40327
31267
21244
19763
45331
30935
3056
17805
21722
48326
13365
9685
25423
41398
16254
254
47608
7114
43188
24585
13242
18838
17041
23899
24108
54255
1117
43567
86
22759
37070
27667
28871
35040
38081
14183
16725
33125
42468
17091
30394
3013
5306
20428
14143
50099
11383
44075
53202
14549
41023
23531
47376
13712
27635
51612
37749
17968
47418
23417
20896
7726
2630
4515
43273
39046
34087
46849
29556
49051
28662
21409
53498
33641
54464
427
52623
35725
14874
44054
2304
931
1770
1123
25213
31468
17111
12753
14312
2842
12140
28731
28230
26455
26428
39910
49523
34403
14114
52107
48971
14052
16639
48435
45537
3841
30782
15399
20511
49300
36860
40100
31722
53903
42265
21918
9371
34978
15540
34766
33228
40057
2582
15797
34684
38330
23780
14385
36687
47342
17552
35463
27314
23319
2416
14500
7392
4761
10506
36066
27513
36162
26206
27645
40264
9569
6868
26030
36002
847
32966
10632
49846
19182
49073
18264
43108
37885
23665
50850
26265
22772
14597
31137
22621
17934
54447
10163
22748
44377
27782
10293
38653
35578
29111
4170
38929
34682
21448
25030
19500
22731
18038
7685
8256
28183
3082
47616
21892
29879
20925
31065
26845
25793
52734
1109
23797
11135
17991
40651
10061
601
2811
29588
36319
22767
7159
51870
31552
16565
27799
11120
40918
3475
50499
8214
31029
6472
53982
25823
42341
31045
53975
31048
24602
41551
8711
38592
31773
6856
6264
11844
21712
35245
12702
40044
15184
41417
21164
16411
9513
37627
39205
39670
2527
37581
15880
40540
8960
41959
46774
20224
6792
52666
4906
31363
47734
12343
14721
47544
32631
18508
40944
15868
36775
4143
52322
32376
16016
43897
21013
26847
46456
22686
20646
1112
51412
28682
19091
4420
48446
16265
46576
46467
3279
2231
36762
8075
3660
50635
40079
12466
19098
20666
14180
47413
38704
3504
50708
47539
33685
44959
44380
45489
37754
3950
46234
3796
19559
34804
26523
602
7117
34689
36555
7053
4569
49789
20043
44920
17688
14028
31206
15827
13183
52571
44269
22862
20975
18231
14483
37190
18556
45111
43864
9806
4620
4852
31280
7982
37264
32282
15506
44477
39311
31075
5232
22409
21413
28004
14534
37618
44676
48085
29616
4589
54222
29836
43769
43304
6754
18447
49694
24943
52676
5022
37403
11650
44765
17168
29215
31603
25282
30970
42856
31450
48137
15180
48008
7578
53555
25946
4414
44415
206
5163
38118
37798
50722
4031
8803
54090
21313
31169
52027
24137
46879
52678
7130
7012
13168
21785
20247
33512
31990
32597
22279
17462
8491
32887
50069
1824
33321
6288
46793
47237
33103
50389
19254
39682
2143
3616
3243
30139
43091
34938
14587
25410
2003
45704
48559
36714
1173
4830
8234
24299
42327
17877
2433
23175
23201
27580
306
18164
21457
51014
11233
15847
53187
45732
51548
39064
53008
50605
18055
51321
42150
29496
7591
2296
43313
38939
20352
46019
31590
5321
36415
50715
40468
54489
50166
13616
72
38616
49008
52242
4254
50211
48811
19868
24404
29711
45777
50612
35968
23604
48800
34415
26407
39790
41462
8036
35654
49532
41271
20522
5389
18007
43733
16322
37799
35440
18539
38808
12302
2093
52085
1485
3815
54196
35878
7580
49399
16705
29013
21515
35648
25271
9646
44288
33424
11414
10056
48808
18573
10468
29792
12917
17302
13282
40706
32973
54332
50184
44992
45599
44282
42094
478
21455
26045
11227
31287
4606
33952
46186
50595
19642
14869
7737
15366
19017
39833
10544
51670
30759
2392
34355
23798
7143
22259
7636
31170
45343
32867
48925
36351
30063
28492
8660
44786
38896
53950
31477
777
5754
25052
34008
37243
39813
47843
33332
23270
42746
29526
31219
5793
7897
19862
17873
462
30582
7540
54195
33011
26829
45284
5070
14217
42850
42433
36030
1935
40699
17666
27588
51858
6370
51482
48302
30833
16275
26171
45602
15058
29644
17943
43625
51893
37532
20038
52021
52723
14787
45935
4150
24977
6869
24041
32996
11946
47548
49677
9588
47334
30464
32229
40241
53790
33536
40634
45522
49437
45665
22585
39151
46147
47439
22565
45525
3326
51440
26774
37739
32948
41521
46700
37902
13395
27265
44172
38603
11661
19110
37197
47259
9615
15167
20947
13128
48485
298
28133
47691
22820
47530
23008
45184
45672
1843
16102
28937
15919
40644
20331
35814
30854
50190
43347
39095
26872
3713
5694
31441
50338
19656
16800
28810
40152
47297
21577
34611
24644
31371
9094
31795
42564
39592
23522
5696
224
9741
52768
20142
45452
19568
10854
2566
25610
10315
31417
33587
9006
11427
16452
33965
40909
53179
7575
43168
31108
382
33216
42160
8702
25877
51864
51492
31395
49634
16489
52588
24517
49252
19783
14285
47938
26522
24253
44100
11869
54345
39956
24485
54248
7688
5980
36206
31936
46240
33142
2715
28053
47944
51834
36992
52466
26830
45254
3910
37473
13421
28174
6852
14504
22164
1094
20872
47141
8181
9572
41595
45323
49152
31293
32700
140
52502
42803
50288
27342
14708
18628
23770
35595
204
2764
12337
33368
32982
12021
39692
17676
1825
18500
49953
15942
46368
31710
45003
49183
45483
8531
46
33379
43934
29316
3683
49384
17970
51189
2349
33844
24520
25956
12055
17442
54372
17196
20608
21570
9330
51788
41341
7067
42552
29603
2507
3648
28995
38463
48631
958
41903
50256
22993
29039
31707
29725
35846
2984
12086
25654
2512
54166
49344
46733
2933
6229
23
50791
3137
21682
1753
39058
45708
7510
7701
50128
48586
35210
2760
13001
40502
10049
19119
46211
15239
9851
31864
7762
623
32549
5588
46726
24183
2597
6737
28034
31756
11586
24704
24944
30911
8792
39237
38000
51309
37099
42886
19635
18486
46066
92
32929
51921
19224
45194
40551
32191
37119
25144
24987
1132
24735
5223
12469
33257
52479
28696
29952
32139
42952
7195
24069
15026
40441
2640
48921
9479
10161
23352
36731
54310
37613
35288
33852
47920
23293
17856
45150
9577
53808
19575
10252
44928
50623
43085
29188
51784
27324
40985
46996
35788
18045
28986
14929
5843
54458
20892
43198
27367
47302
53989
1819
7187
8431
35450
23989
39255
25104
19934
50905
9075
40954
6953
5013
22452
9713
24743
3981
25707
20068
38310
52549
1885
48755
43527
26627
48979
50038
41055
20256
40552
51903
22172
3887
29002
51528
19812
35638
17087
31955
53893
45912
48213
40438
7190
4343
17283
32775
43133
2947
9452
49552
48109
24187
2466
26141
34445
32248
8340
23974
41198
10334
17532
27019
13039
31843
19680
26421
25302
34720
5114
41863
40805
28067
49629
46590
31252
43693
43452
28689
9007
18379
46385
31221
49835
43031
23951
43170
27007
4789
119
4436
52361
11046
1976
46095
48036
18520
11792
38457
7508
11350
25157
49607
608
27608
14252
35544
7232
17472
37501
30171
15727
8786
3288
35531
37454
44425
30992
13367
41212
42780
42618
49568
17811
42545
30372
18173
37038
50148
268
4976
9030
6699
17781
15626
9726
4257
20264
22144
19578
40406
53212
19126
22232
47744
25439
16557
36295
34062
40155
15564
8205
50969
39295
8069
14296
41633
37019
50073
25675
25896
27419
12247
50138
20801
42663
36842
18896
16050
52903
10085
1385
44357
24239
53270
15143
36513
53342
22131
46000
43318
40020
42140
47047
14683
13202
23847
30469
37130
16414
28311
52901
34265
13518
22261
21549
52870
37311
31957
37064
48524
11056
30725
9389
10496
3407
51457
26098
48063
23999
53820
51155
35143
24480
29401
5621
5748
28610
53944
31123
27119
10353
16302
14742
20757
18213
22332
25531
36082
40230
50025
3006
17616
1352
23377
27378
53363
51266
18968
37600
40414
27236
12956
51042
19104
49146
21521
40217
18076
7288
16860
24177
36708
42511
868
9185
45029
15337
36636
24567
35960
48236
43323
1369
40642
34823
24621
9740
10683
8592
32253
8483
37312
16951
11228
46665
13116
8630
20782
49559
50818
40750
32484
39757
53621
38901
40810
30352
36943
37551
7057
14223
33135
14231
5260
40081
8882
3022
17723
15025
18925
40123
24822
27553
40860
24308
40323
53520
36626
17416
46206
52741
28661
53760
10980
47139
24870
45865
32293
43871
18422
41971
2275
29441
33681
37124
48459
52985
52333
190
16448
12027
18977
50946
9294
35263
8143
16888
42554
24863
3044
2937
16612
23880
54069
43210
9201
35324
5493
32564
46490
53996
43180
47573
52561
53693
32227
26488
30927
33374
12519
29078
21242
36301
662
33385
51223
43110
19505
1704
18773
41591
48347
37266
16570
2863
46978
41511
17243
33468
36309
41557
22687
33805
25656
41470
36962
5559
19090
26887
10261
2244
47083
1645
35920
6005
51311
50696
4467
15065
2083
25154
19996
2448
45103
15117
37977
17002
42817
48505
3680
24340
42218
19325
26998
9497
27544
16700
45043
45222
3928
46400
31602
12686
8415
1925
47725
44275
17453
14473
39659
7350
43013
1775
40293
22746
29850
44712
51895
42182
54353
36352
38957
5005
38649
23642
21839
52135
44829
12392
8943
38453
43159
33929
48966
15567
14401
50221
47628
18669
21082
36589
26605
6419
16511
18458
15597
35149
3080
43776
48280
46839
18850
16434
44715
40487
5536
2501
34543
39139
26773
13094
60
20486
1058
32474
14036
15862
49971
13219
17549
52012
39797
21541
8852
15934
2627
24905
13289
32102
177
16593
47367
42192
53301
11312
12000
32716
2020
42206
2882
50293
39195
38249
44149
51579
2348
19430
8613
51845
11681
31828
5546
19598
36252
24535
20277
52730
37167
41088
49731
22181
45596
7469
7559
38736
20025
6929
35830
7180
30144
41989
46241
19533
19495
35039
37985
8823
4579
29363
599
37688
9830
23544
15242
26270
2167
36337
16306
4737
31054
47097
34316
48311
24781
32668
39667
54215
37041
14599
39890
2547
18700
15879
30653
755
9361
9407
9665
26056
44446
16423
19317
25462
48185
2728
29170
18873
26634
2217
25770
43645
53632
41797
39654
46117
27733
20092
39948
3606
1122
34924
34015
38055
11025
31814
16761
53971
4278
37525
24813
48629
7684
16373
11493
14797
31665
52356
19893
40350
42896
22938
12059
32193
36236
52291
35203
52375
5807
49030
24788
36360
47286
35992
25160
44327
21184
33297
22695
1191
10393
4714
23211
35585
1863
52449
34181
42815
12584
20005
16288
36502
28796
17777
50335
34337
11281
34697
52513
37220
48503
51142
31343
46931
41044
48995
31882
29516
36721
39022
50712
47202
24189
41451
50481
8333
43910
16436
15147
23803
11109
52271
22959
19149
43393
35114
43834
24015
16446
45637
18986
51323
45306
39005
43464
47678
53724
36182
3684
23970
42009
9921
37663
38923
13789
52113
20575
22460
26159
21820
7730
33353
39131
49140
37112
23158
13844
21366
13774
17761
47683
14323
28751
2851
50307
4176
20239
24027
40362
42966
3779
27890
50316
23683
16810
44815
45817
2660
29800
11608
3029
21560
18943
54156
49275
41570
8730
39712
38769
53851
42414
13952
32468
16698
14991
36935
7641
33764
12253
45051
33954
53235
25023
13363
38971
47197
52022
47163
13600
46133
18930
67
11081
40901
47078
44347
39736
19716
44222
54175
48402
33498
54117
8159
31629
31336
15497
49758
25468
22519
45263
42464
32868
17226
20625
45959
41736
38504
43499
44533
54168
814
34328
27047
14938
41244
7548
44182
11701
50546
39422
52689
51519
13301
12217
20039
37903
42874
10186
5491
23483
12567
37634
16433
54304
41860
18279
3411
30382
1380
4552
45520
4873
11121
45116
10090
2039
22546
46131
45575
17044
7994
29367
43581
42769
20180
7997
33099
51659
3386
7213
46563
40560
20574
14177
30524
12403
45127
48594
45636
15900
25136
40715
37082
25785
38871
11358
11064
16941
5133
47422
46819
4378
50109
45681
22793
23834
43552
2737
27921
10365
37819
1446
8911
41256
34233
44057
15533
34701
21878
48663
2799
38033
3304
22882
33465
43962
45967
42105
36797
4106
26114
5157
24243
47470
10795
22675
18392
28094
40968
23737
13434
48683
49293
23099
49310
26461
3551
27416
20397
10198
6342
53845
26855
14841
4772
27044
17444
52789
7428
25915
51657
21115
16310
50398
41536
25691
32817
23393
37641
26412
34440
18355
53711
47204
31714
5188
32209
10641
44115
22872
6319
42002
38983
19236
8355
2082
5982
46537
2175
31687
3644
54427
30415
39053
54082
1006
26779
34354
46323
48099
19061
30812
43549
32168
19472
21483
17669
48203
20162
48411
32422
32125
13793
10076
3592
37164
4904
27537
27167
13549
38369
2424
14979
53815
3723
25923
13505
48228
9540
17159
38131
54133
33238
23002
8476
9156
50083
15006
33783
5995
49961
51149
19247
21925
32131
46181
35901
29594
51450
3309
47224
40140
6368
5716
35118
29966
11974
7239
7631
15409
10143
12559
1666
42174
29911
27306
32052
5302
16755
53478
3156
38286
32961
19980
7343
7887
21644
18638
44627
19462
53458
15333
18675
48462
5367
8720
28894
41625
51967
52453
43252
9272
15471
25579
2402
24061
34223
52918
24951
1595
45502
10983
48833
1078
10208
28044
43688
42942
44939
20476
49203
10823
23818
40781
4006
37541
16187
41153
13855
53771
25966
10623
18847
27656
45234
52463
45895
13834
44873
25647
7030
16094
37433
22651
15384
7167
31119
30623
52409
53535
52503
32909
30785
37184
52884
49133
35692
34676
32077
29673
27494
4147
30011
2318
47231
17045
3104
39577
32404
50719
23346
49464
9193
18778
42708
3184
29054
9318
18013
31276
34825
7987
194
27123
51755
3179
3736
51576
38924
48946
27434
9309
15593
2342
47346
33432
1548
40934
50147
12693
39187
25014
17440
36341
5104
25470
27939
5312
48317
41548
35334
30212
46769
14411
41772
8940
16017
4784
17224
46969
32092
3728
47015
11296
54137
40285
44070
24777
14096
41210
19186
849
14524
13537
13493
45412
52997
14445
40331
40526
16127
45684
38784
17879
36880
19877
25380
34187
52825
47318
34644
14021
16788
28017
6430
44907
50325
37446
53222
47253
25854
32307
24614
43715
21954
33442
41013
4082
21982
47070
30801
34561
17432
32767
54114
6311
35835
51132
4000
37687
52714
4680
24960
28248
52625
37852
52937
44577
43358
22077
1279
27258
41435
19725
6337
53384
19631
19580
15189
23267
34497
48693
45311
10759
39343
9352
17972
23910
22085
16249
39353
43000
42777
12907
34571
24903
10283
53355
15614
53695
51931
34055
36970
46109
37768
26711
30229
22430
32427
32535
6464
16031
21832
18797
45430
49440
35728
32237
30452
37838
19197
40193
36603
10516
15290
29286
1530
9126
7458
6690
17646
6609
27559
16210
20974
4195
22317
30441
30472
6865
6196
47873
53173
6239
31888
19355
7798
21957
9637
41356
26363
29434
9375
12751
31186
12094
244
2496
28195
21189
47638
24220
50376
7675
6227
29490
9907
21441
9111
16732
28450
1581
37447
1569
27375
24356
14230
5236
40065
19930
26510
1201
42055
32445
9112
13361
7440
14347
38565
25591
6978
36588
26213
42654
9733
35475
14511
49785
46355
47663
30079
37720
25885
43603
44334
21201
34984
822
6498
28846
6303
47183
50485
50062
20330
29182
12266
6808
16405
17242
22853
45213
33045
42899
50680
47383
45902
47768
41951
10783
34521
8873
37710
42721
25487
22242
22115
26685
13545
10020
9261
42857
27791
7377
5334
38918
22252
47168
24051
35374
24549
6637
1839
42347
16025
28637
16976
34605
5932
33520
40047
43459
42974
40514
20825
33680
29667
25612
3443
44634
50935
42049
24454
33594
33662
42901
13500
45382
30233
18757
10602
32661
24067
32686
35763
37016
27185
50421
37955
39260
45385
7309
28956
38814
15388
29235
23873
54062
52066
13472
9415
25978
40736
31299
23747
21460
26541
27755
4025
45591
18566
13564
12240
36459
39014
46076
24682
53791
50247
51744
45203
2018
41687
52809
44779
7933
39925
51608
500
19291
53213
17608
3042
41201
17079
47956
12991
30231
17713
19752
21793
13278
39832
53399
16062
18451
23890
15927
39176
6041
8836
27912
34967
1503
14428
25908
17258
36817
52039
49926
45318
38129
4367
47806
49538
12075
39037
34980
13404
45677
28738
22205
13036
9548
40998
36918
21459
528
31350
9675
54352
50770
30692
6136
5850
42524
14700
27878
12441
14393
9251
40990
50450
45528
1310
41426
18649
54221
51557
15061
23842
283
27522
12589
48779
31326
7205
23969
31558
18533
34177
52616
31405
24327
49874
20104
38340
7780
39391
6358
13740
17336
42753
26050
31559
53742
13017
22529
10543
4229
27698
14269
47250
35398
36578
28845
18207
19333
19475
36221
6251
15152
45624
38998
48829
42309
27221
26073
13263
10728
5285
19997
28849
4017
3775
54273
35277
34846
48881
34156
506
38261
6991
4494
7845
52385
50203
27837
30443
35316
47583
52857
33034
30459
30566
21660
11679
40295
46143
40132
13324
12081
51245
29536
46297
1987
23862
54414
36667
5613
27024
4065
30831
54014
40975
42820
4965
11907
10892
31515
25971
46193
42629
42796
35982
7055
51203
13173
49858
1801
14404
51291
39146
48116
37543
19438
36040
33440
13418
51677
22418
34773
18671
31659
215
48571
28326
13898
30701
26134
30497
29856
35718
3463
24638
47206
18661
859
28419
49224
5844
32690
51164
27087
7654
26468
8923
27767
17521
21262
35402
27288
51173
9285
41140
49207
20053
27702
22564
17039
49327
20706
32713
39570
22049
26127
24507
27919
16294
2720
16953
6979
50738
16787
5940
54227
21182
8634
18206
41979
41247
422
11442
13718
36805
2750
22213
37660
35539
51365
32032
18181
5088
27452
11927
34509
20117
18155
42581
21396
40274
29471
5277
50979
37440
22188
18032
51708
39201
53245
35173
30188
20111
9543
38362
44046
41416
21550
54295
8379
53167
23661
44421
37355
20973
28668
35247
29332
23209
52472
18317
10814
52893
331
39862
562
50544
47357
30536
27298
20315
10737
19836
7416
5605
34501
40024
2130
2777
35662
28982
15427
13741
48911
52268
5805
45125
51005
43847
36928
25613
1138
24600
11454
37394
34584
33817
17744
53097
11717
22398
45501
44897
22723
52282
15682
20878
48271
20013
26671
38483
8255
51339
19405
15375
40463
30429
25553
1627
44594
41303
50853
52545
49292
41160
30547
29500
5211
23168
129
46752
49161
46328
16243
693
634
3788
36328
3501
17293
22485
30154
22440
28840
9355
11623
21776
51403
48561
32083
1853
37787
49458
10343
37557
30256
44913
46820
26338
24929
32437
41442
35299
37007
1275
41815
49014
14372
29091
32274
10857
28601
47366
16629
43266
53487
51424
5518
19055
51375
12857
47339
37795
53859
51211
804
18524
6068
24422
31787
15756
19341
53248
998
53614
47961
26786
38473
47068
12168
15309
31354
21420
48304
41385
13929
294
25873
20988
36548
13047
47443
15271
16546
33932
23530
53625
2050
53751
25480
14882
411
48897
38826
16157
29266
1585
41232
49579
43367
2611
53915
11744
8291
13131
10799
9838
29260
33693
51282
41104
9209
29732
33660
12
49512
3462
23324
54367
11819
46402
39611
27081
43234
6009
41918
25775
46760
32999
20550
34667
18883
53438
28714
27412
32646
14752
47855
14688
50396
28652
36345
34654
27902
24559
1
4138
30035
44997
48161
4764
25702
27940
8824
10650
36948
7108
20577
26643
13658
16336
11483
34448
43218
17253
45435
23727
21444
42836
27693
27489
31256
8131
50531
52526
44782
7732
39785
39988
31836
3303
4610
21684
53470
35077
32750
21968
51534
49938
37744
34628
17125
9461
26076
17874
19484
20940
52252
5405
5620
52596
40670
38610
30184
23259
49621
1789
18609
28632
12494
16782
29820
15082
35233
42228
50618
36359
10867
50830
39550
22699
51135
7407
36429
42736
5563
6704
7924
2870
49481
47593
12428
46646
37729
14516
47969
36361
35320
33000
20566
45569
241
46712
39104
20468
44207
40287
660
26828
5038
12970
45475
36889
51804
30948
51028
31516
32309
5914
15088
27759
24656
4749
12628
44286
48756
34112
53607
16226
3261
47087
46217
21908
48335
38127
11499
12853
27603
25557
53455
22361
25028
49004
49280
34379
29118
22806
23125
21125
30767
42485
39835
27879
20281
41793
3399
11762
50348
22344
38526
474
21666
14241
29839
25310
25834
7725
30006
7521
19389
16217
29242
52489
50296
47218
348
26979
31999
31636
37343
30590
36890
1375
29145
17393
24095
11390
6683
47756
40133
53308
39120
41193
12672
47562
9319
6984
39429
7781
37304
38545
30771
44204
24078
10834
7263
2360
45984
10953
541
21742
5487
28725
4691
48715
14193
23945
18969
10717
14949
16215
54341
3370
45158
25657
5003
16790
40255
19838
42794
4992
13666
17402
34661
43381
34761
15837
32508
52251
42240
18106
52675
37954
44842
51297
48888
12844
7298
44586
4468
43197
12340
12555
4528
20517
24774
37938
19907
10092
8797
5963
29998
16355
39747
52145
49868
7502
51090
52398
9238
37571
10640
17957
83
7583
50230
35177
16661
11090
13091
18852
45063
10687
32020
43570
19113
48729
23573
17383
28108
1859
47392
14646
12652
14336
50125
4751
1341
38336
4669
14493
17958
6526
45911
30815
11755
6713
21804
7680
23654
34259
1189
5925
35740
17680
44315
3086
30612
15518
38521
18887
26108
32029
5602
11739
18805
42762
45790
35339
20062
37679
37150
45949
9136
37233
8574
14416
52613
36824
39304
41845
6131
14727
38427
32789
43505
50921
28476
39068
47420
2326
1752
37564
29189
15562
41879
30288
30057
47459
22007
48368
27848
52763
21052
24175
28519
35952
46457
25329
19922
9276
8499
45264
13646
22171
25936
4760
19601
22756
33053
31483
24380
54136
26307
10664
11506
38213
23858
2705
5882
22930
38164
29572
10218
44396
5149
25716
15046
37818
50741
10265
20818
12248
3565
914
43999
7863
10939
25688
30943
1674
50313
12983
48276
28758
43631
14602
10615
15558
28127
19076
41529
3079
19483
34165
15274
12522
4568
12131
43801
30683
28113
38966
29772
22506
43400
27653
994
39027
48676
10906
21318
24070
10151
51238
34744
23673
25161
11052
31024
4780
22088
36976
12900
43507
45535
39225
40476
31532
49242
2916
23453
36409
47604
28365
11273
44481
15890
35577
20752
30789
11151
23823
48143
49571
7201
3629
52582
49493
28504
12205
9860
9465
20774
3952
17312
2192
28332
29303
37835
5664
34398
53578
6718
47018
10318
37055
39964
35540
16343
54011
6826
40197
4868
26019
53448
19208
14329
16574
19924
1357
35422
2736
46513
23763
33955
10673
28887
28743
40752
4341
46427
15001
10900
33620
8651
37314
6616
49447
15044
44876
53873
47885
24283
34559
38042
10988
50053
6881
22511
782
47340
30961
39848
11132
33725
46492
257
28671
10913
41832
16801
15093
44735
34917
8025
42330
572
46363
30823
29615
6230
22623
46541
43034
17947
27845
22057
24488
49527
1658
22889
19045
13870
13190
12738
51215
30343
10884
12539
36318
51165
4900
53056
258
15784
15268
30179
37448
49489
44557
18142
43658
48354
52975
35567
46780
18766
54006
7999
30185
31988
1669
16235
44131
47901
43480
42317
39623
8674
16366
30422
23894
25726
44962
38093
27474
34066
33703
31456
6649
41213
48114
48955
11006
52928
28911
24438
22601
25589
2440
22550
13920
24873
1845
28708
2064
47159
47994
19967
25181
48178
23333
32821
350
21325
45084
15798
30841
11074
26476
832
31074
13313
13967
19551
25759
13475
13621
13316
17489
49584
31685
40114
22109
49361
7352
6882
41824
18086
11122
13259
45511
44599
3654
17561
24503
24103
53083
34646
50842
27445
39096
23689
27023
12578
32079
37488
54053
30025
1952
11748
39852
32612
696
41844
14919
18099
51393
13565
4668
14109
26144
14102
24039
20434
47930
25935
35435
42018
7035
40375
49332
47568
32622
50364
5256
9058
31163
14200
13689
33916
49664
47311
22809
32166
14081
46594
17265
52612
38845
12011
51349
46333
39722
13332
5505
11898
31351
24398
32060
13727
54265
20392
15689
3703
20306
53853
21847
36519
7581
1351
20209
6476
38270
19168
15648
32519
18452
45547
17343
19620
44721
18138
2472
30186
31580
46801
27869
15207
11520
30200
2519
13731
22
27779
8439
13716
28349
2650
14062
3832
37695
39729
17765
1907
52408
22435
3891
719
30208
36140
39049
46480
8008
24723
9212
27828
7174
17981
4373
5348
51113
10566
15258
23291
41482
25967
40689
48259
9995
40161
27449
34343
32138
47894
15464
33262
14660
25541
26283
11989
26553
16675
15639
23456
21998
15738
44969
44847
53879
53352
50763
821
4079
8269
9898
23137
21617
28945
32346
11021
28903
29020
1944
51140
46263
25435
37912
45330
33313
16027
50579
5353
18791
52089
26524
44472
37372
46620
38958
1559
5304
15462
13381
23299
14382
17719
48042
50399
35845
9930
38883
7340
12485
19795
16501
30997
17221
40109
27482
25221
18902
31614
41094
48344
16872
41362
46242
38840
47552
2258
23208
4009
50732
28805
23312
53427
10241
27883
42517
43123
7973
25999
40588
26517
32758
49007
45619
7716
10325
6329
20789
19906
519
21826
2923
33746
35252
12352
5858
13948
43983
11961
10643
3164
23935
21469
3436
37925
28574
20421
37619
14298
20675
35502
18075
38280
50626
47085
38316
48698
17699
53570
38856
1778
35303
32465
29625
27991
46171
1119
29951
36598
1805
47831
18593
26569
1694
34285
36697
3074
6845
39245
13618
16983
29923
25374
22372
20387
43692
17847
14089
20573
1403
5849
45464
21854
8995
48653
19109
10144
38178
19681
45351
34592
8283
31421
35030
15260
28390
133
43061
35419
14303
30446
52203
28593
33920
14615
13515
1105
23221
22309
5747
48202
40759
47469
29213
20599
51775
40732
43648
32113
9927
49877
40172
13642
47440
46183
8544
38226
3885
16376
32952
34037
16429
17115
6204
11687
53294
12044
14367
16195
37354
43517
47648
29318
48253
21530
11104
9556
52847
33121
43256
51582
50586
36831
28104
27376
23252
29763
32493
50962
25952
42338
8975
661
6161
48786
1875
31613
16785
37042
41203
17051
41660
45874
7434
52637
44614
36784
42673
21133
4795
41319
12962
11900
26675
5778
37239
18445
50526
42249
46532
1160
11854
9697
15817
51347
23057
34742
14409
41564
3958
4943
42819
18307
9630
14375
35428
42073
8681
3786
31892
15548
36866
35770
36875
33406
7623
5777
12448
45549
15520
4333
28217
42879
13059
14297
36281
19991
27219
10007
150
51229
52261
5298
5583
7001
29186
7463
45550
49632
20274
5492
4983
49122
21860
22941
12719
30603
24499
41871
33862
546
11718
24264
31699
46225
43735
15397
42696
43800
41846
46045
43890
48857
31594
53463
1268
16821
49506
39334
8026
46522
30136
520
50703
40693
31872
13606
26441
37219
13495
45846
23124
49244
16043
4786
273
49781
41315
42098
34890
48220
4538
13696
34349
49517
12186
25845
29300
53388
44514
19390
2537
31670
32832
26823
9774
6648
36025
51729
12376
19942
21675
48197
17580
34871
31617
13942
28825
36069
49193
44438
26313
54398
27244
43806
26630
50557
1914
24892
14605
12475
9818
6905
729
46630
4800
49598
26931
8831
46276
52079
11590
41594
1015
23237
11693
3322
17481
28606
51529
7514
27463
26234
36940
37946
4804
6563
20273
40472
8932
3639
20724
43220
2055
43472
51928
15574
923
37753
47745
41958
40814
26148
12806
44760
46961
7223
34818
10918
37971
52365
24342
11880
14126
26868
53142
17932
19557
25125
53801
37294
24494
11131
27461
23909
48660
100
33087
48092
24092
13155
30987
23230
44306
44686
41503
42343
29611
6324
3171
33813
34257
24129
7060
32292
20807
6295
53042
1222
9998
27365
17917
15019
43229
63
32420
29840
7480
15435
43602
37103
24760
43618
582
11259
7122
40596
9506
52191
8921
30509
22816
30275
26477
10035
3106
42074
40771
16248
26599
35135
37591
44642
8410
48022
35088
6484
15576
45145
1291
42572
36673
11288
54237
5551
53230
3528
23865
44821
19376
33859
43892
41208
8813
15280
45579
29783
28238
38076
2292
46684
19529
14005
13134
18810
39629
35352
31681
21596
36572
17634
15357
18365
14319
44141
15211
45758
24206
46952
29415
11603
34278
17027
49351
17570
42028
5908
52710
33157
23362
19958
20534
11511
17982
23448
2266
20834
44007
31945
21336
51400
20178
32589
20410
2309
8144
46343
20653
44508
48717
16129
13158
13582
51385
16162
11911
48059
31101
13887
10709
30502
3989
33443
13015
38912
17107
38582
18245
11536
47116
651
38811
5636
43161
17749
6098
659
37397
46483
46300
10831
37416
10925
22224
49826
29975
35350
21376
18322
28147
8650
38864
13461
29674
13075
38892
14076
54301
9380
1387
41541
38156
8609
10192
36511
53002
34032
7102
4570
20959
16852
30858
10026
36094
2845
35811
46586
19658
44387
32618
30118
32384
46834
27094
51698
46435
6836
29670
21253
47316
30593
19826
259
50757
37147
5267
27215
20049
38014
14563
12110
46863
26285
41042
9562
25432
24924
20167
22158
18746
4521
13581
15094
41307
32509
47161
21030
19446
34269
24635
15945
18736
3930
34709
35013
54126
28879
24044
41671
21159
5690
43283
24726
34619
9743
39508
16521
26794
30907
2875
9914
34949
40558
10559
11051
30712
41176
40532
45461
2674
43116
11567
37001
33148
47738
7772
14045
14278
9696
37644
17457
7006
29747
18869
31093
46635
24037
16432
45673
40683
10578
12716
21985
43752
4846
2791
48704
52042
28856
36907
37135
40576
37255
18704
5574
42597
52388
32843
15528
35609
7224
7818
50279
5496
21725
38350
25624
2087
15910
23152
41921
5015
37515
6666
36377
42727
37733
13927
28498
28863
41582
34122
28435
32705
27034
50458
8662
20542
49614
8622
23126
32525
24686
38425
31184
26988
18683
5085
9531
6925
26448
31497
29735
2226
1293
51418
51810
3392
46722
12936
5749
7025
1228
2375
34308
23616
16765
21696
44489
34991
43919
28800
47142
16587
31079
24986
1995
27195
53542
25895
10135
5539
31407
26377
29699
53510
30762
47028
14805
21028
28919
967
36851
53505
7815
13983
36737
46699
1958
31992
23386
41113
1434
35936
15423
43355
18052
31487
38002
16708
146
18239
9809
19847
23590
4659
26012
35911
28397
44036
26529
10356
35023
38777
39091
38898
13934
34487
45515
53316
11116
41279
44795
18467
54502
50997
28012
53432
38536
3030
23987
50917
26659
27491
35866
420
27874
26238
1104
41488
9610
41392
8395
6601
46420
29255
16609
48171
17899
45341
1861
12667
47429
13891
49740
41745
8064
47106
27172
34146
28685
12793
45405
43530
6821
15994
29738
43475
18799
12069
53162
35258
51880
26501
13526
10401
29100
10106
47458
46702
34990
6548
50368
32498
4829
10016
14848
17872
47111
31737
49498
34719
10593
16386
7954
33742
20101
34298
12893
31569
14628
9767
38721
16121
48130
34558
15838
43589
11599
44753
43078
32654
25753
43132
2667
31671
38978
37087
29474
17737
13880
15141
14113
49031
16915
27983
45565
21762
8983
19788
11295
9262
10426
24400
6506
32741
18065
42521
42603
3357
47280
38689
31646
12778
3136
40813
4399
34024
5681
28253
17351
42277
21973
5323
39313
41452
47497
47130
44523
31020
20496
13558
40615
37948
40877
4036
41493
35180
33863
7243
33869
43650
39166
14238
10534
11766
27716
46388
14167
29930
35115
22668
3231
53783
632
51049
18707
14003
11559
15345
49769
15980
25443
41121
12599
33722
44653
342
54355
46986
20346
38459
26967
31017
10758
27102
22429
36420
13842
9422
30741
43359
25353
19809
27852
29029
7179
42100
21651
4643
52286
6769
365
14600
34572
35754
10407
9072
39767
10716
44691
22789
50405
29546
21756
51644
8105
20282
10497
3477
16896
4841
34536
37385
4247
5761
19414
23886
33300
29220
1052
42036
31037
6489
30321
48393
31982
16850
29781
4506
35000
54027
33901
34884
47449
27937
54285
16201
23113
35190
35676
43880
3087
6456
21070
43994
35098
2784
12325
7607
2007
38745
15605
16416
47328
7903
795
42060
47720
18290
47508
52344
13955
30320
4024
19890
2772
12979
34879
13978
35162
45632
3111
18461
14662
15611
32260
18691
1214
31824
7553
29955
53033
48620
34046
53934
32340
9575
43677
28793
19518
54075
14377
4779
52451
1552
25539
52211
52380
35981
9426
10997
1411
42404
686
21040
28449
40625
12823
43888
30676
53019
13756
10438
22137
21229
38149
20900
20714
25010
45138
5910
39555
50255
31225
35618
50740
27157
19421
10431
51470
18918
12001
27381
35238
3174
15960
15580
51836
6363
45647
15422
4645
29240
3332
4291
16144
48229
19625
45361
4931
13353
10225
26069
32836
11896
3427
45556
6643
46557
16956
23367
50032
44787
7877
25867
41056
14828
44670
11872
9446
9488
5669
20191
24936
13470
54420
5742
14122
28578
6072
20910
38682
42445
44926
44571
6631
19775
2999
44252
41681
45233
43902
181
34324
8244
50563
4955
26712
13447
6104
3121
41060
41809
22658
47624
27566
5148
41263
50516
30575
12399
10274
46100
4146
15686
11199
46453
51990
26746
13703
20827
7322
35986
11058
53233
3271
15218
47172
12506
20611
29302
491
51330
26951
2575
2588
2355
29204
45297
10079
14715
40170
47406
15632
15705
27684
39499
34675
43444
40574
5412
2773
29338
30267
22380
19084
11646
53967
50280
24326
11348
21249
26580
8461
44142
44692
32458
7306
12035
27133
5962
28564
14761
52123
29374
34007
15438
33756
37389
30039
33486
53761
29889
4752
40800
22573
46651
3189
30236
13914
15311
44466
18602
25858
47979
51161
35087
33105
48633
33476
41050
20164
7449
11263
8045
5213
35704
982
52351
11145
21536
2101
30705
3567
172
28474
19860
46305
34201
5359
3626
3341
47550
29270
21582
43894
47075
37015
40523
27873
10238
28072
4890
11399
27092
13412
9573
54020
21635
6382
52786
18331
37512
4408
16952
45932
12153
32779
4651
18849
38963
21212
12704
31411
12609
39360
19760
6624
46469
53884
47487
38948
38730
17435
20444
17366
31066
42315
19142
24446
14944
31247
20190
20362
16712
42932
21287
30317
28544
52337
53595
1454
40939
13569
21496
18294
5590
959
33120
40873
26892
33181
11463
6536
53656
46766
7410
27214
6593
42031
35583
38053
51797
39417
51877
23493
8951
22611
27148
32906
21120
9037
50239
43343
52994
41771
3633
45553
39882
11809
53923
41033
26902
44196
43976
33415
4697
5233
2572
48469
234
29898
263
4783
13290
9367
53254
34860
40489
53569
31775
26554
28554
50123
23480
4934
44566
24423
44086
7358
36158
21044
30781
45751
14211
47951
17404
33628
46039
14070
44540
41351
12547
41369
34725
31446
29364
54244
4235
46548
27204
1632
1600
25912
53705
23028
4859
7531
16632
40571
1920
24630
51290
51507
31114
26245
25844
13428
43671
43924
21833
16077
15108
29294
45118
24345
28213
7118
3924
47882
24670
51257
9839
8121
19985
47908
43815
10115
12298
47034
1539
5927
43428
47262
51820
20372
24897
32551
45786
22348
51851
40209
10123
18391
18042
19974
23787
46507
34317
28968
26157
48388
2479
33061
27749
38343
44024
54208
27724
51384
50693
25797
41011
37719
14623
30764
26276
13333
27764
41751
34241
17410
3005
26230
11465
48297
1086
42069
35488
14115
5380
1814
4824
25500
54319
21174
46085
5123
33404
23155
39808
32059
21506
16992
12791
9472
47929
30242
29058
8386
47706
50353
39618
23908
52794
33197
33970
11179
10032
18498
29530
48364
41713
43196
912
2959
25270
11813
2562
3225
12660
16721
22356
23754
13200
16180
25743
2803
35860
46157
4272
39505
36676
41652
24997
13476
712
11341
47571
15618
1683
40257
28305
52456
22024
11581
48747
33117
21605
9308
2692
26007
34732
19335
18826
23680
4104
45942
46379
40840
39494
19650
51573
39456
37549
21343
24159
5153
530
36285
48400
46855
42367
31044
2123
24226
19515
36260
29946
390
4358
9067
23785
30868
24116
28766
13484
706
39780
46693
50779
1601
42440
46075
1543
11783
41781
18817
51077
54437
11236
14077
18549
33571
16966
13455
17130
31928
50440
20697
45925
6663
5816
20864
43243
36747
9979
26080
25072
32223
13014
21969
6742
6281
29961
48223
16671
31177
34779
5949
29689
7808
20088
8559
35344
53527
25515
750
50895
42237
12763
44372
49381
25808
41474
24914
52279
35067
50936
39359
26465
32569
19132
33815
26619
20136
13482
18412
5431
50409
22195
894
30252
27143
8263
25079
53107
1061
5441
18575
1177
28491
36956
5179
43947
46613
15807
53379
32913
27728
34931
30516
5651
38760
28807
25245
23105
14438
13350
1758
38048
44339
11418
36274
27117
33532
18488
53623
16933
8266
1725
27617
30646
30398
4075
23421
38805
35621
41913
29664
25295
29826
50930
18278
15971
49986
44064
4682
44244
18255
5993
35802
5315
6475
11302
31059
42079
39328
45834
34402
52832
2232
24210
9949
22321
3367
50929
8314
31117
1401
33360
39969
4365
4109
25189
45698
23710
47517
40885
33339
19733
22103
29392
16003
14913
33403
7059
9770
6435
18021
29860
8199
16580
43053
20415
22017
40034
26452
52051
2283
29863
32259
20032
1832
5594
38990
20849
51730
43611
36497
6065
36814
46581
14342
50873
39632
49739
24476
19395
31572
6271
7492
31540
15227
37386
25860
46604
24430
11669
30799
20556
30336
30102
37831
30449
1619
37507
48427
3066
33881
36810
27326
22334
32426
20464
29278
32633
1280
45519
18024
15472
43098
4446
7420
39662
52369
32007
47191
11363
4044
18813
3351
5237
24755
45806
30418
12796
17200
15442
44952
37655
24768
4315
52756
8083
16331
9043
42612
12366
8136
25196
39323
30251
20786
9601
46842
34489
26762
3487
18297
13971
30543
47229
47400
17684
4202
6147
43952
35248
1167
24844
49855
21309
9302
35697
34409
18402
27925
26543
16648
25330
29135
54469
3900
31660
50124
20998
49234
23517
29357
13114
8172
32726
5192
27294
45276
15716
3037
45899
18959
26091
11437
20813
53587
37230
12733
28395
35927
20125
13758
41968
29352
21297
25043
36440
43531
41520
42179
12433
7272
19001
20146
11189
8843
3843
30680
25570
718
31724
47396
35221
6157
39180
37189
31696
1424
2106
23696
46033
7825
8401
45374
12177
1584
54111
43120
41723
26904
26730
51757
3201
38807
17542
10692
39640
27465
12149
19931
23041
43736
1759
37646
35271
45767
27871
21801
5063
17059
45092
35553
40370
26397
48010
9170
16547
36666
15114
21147
43070
35054
6986
32638
20898
18085
23225
38752
40605
23719
15728
31550
43250
21706
24086
25101
6807
18512
38889
26734
7834
17662
15723
10877
28698
50507
31920
37156
11705
2004
6431
44158
8016
28403
8778
28442
27956
13080
4709
15299
50808
6224
1237
34704
20858
22969
11443
44769
25846
4129
34834
54496
51537
14679
25496
3519
44049
1181
53418
1028
32267
27361
54391
22908
1941
40050
50836
29707
5618
25898
7149
1301
29052
1081
4072
2155
5926
43014
26386
6878
1577
8189
9965
38860
8946
6269
10266
11547
5846
48488
36086
49071
29027
3295
15234
38573
48151
16537
22588
30272
19508
32856
47798
25551
17598
29151
30734
19542
18529
23076
18716
24564
41408
27775
29846
12412
41872
10121
21579
24761
31277
50801
51221
12276
33318
43334
39478
1393
28778
3937
45019
21751
52959
46619
37982
51122
45881
23145
24832
39563
18432
10511
44791
13655
25477
28677
8901
38357
36701
42269
34139
1414
32504
9621
8448
5826
16134
17696
38031
48527
38100
52319
26973
30873
46878
19881
10926
19452
49655
3667
53647
20407
40279
49764
38244
16832
26715
18905
24970
45133
49301
10307
42164
42682
15667
10873
38181
31554
46411
53407
5427
31524
24437
21692
38800
28848
17789
38204
7086
32936
9652
25698
27914
43228
13054
13812
25422
36476
5045
27857
5644
51602
37029
42645
32118
45071
11556
37045
36152
9883
42755
36921
15426
10305
14792
289
25178
15658
40833
34670
52573
50690
23284
4727
19611
33356
39535
5657
36760
19306
33773
2826
2796
6962
5080
22125
46200
17313
6123
46025
53832
10740
9405
40083
42840
37606
46644
46670
7616
38386
32017
17172
43146
47864
27575
25782
31965
43143
50872
14186
45445
43852
26324
2699
16637
33341
9636
8153
5568
2952
2009
14205
5247
6053
26193
8311
27099
18251
30221
15055
54491
10133
33235
4628
5836
48305
23468
13853
46317
20982
23960
19919
28771
45054
36231
9760
2487
44137
28291
19264
48455
43636
10549
44935
39902
46130
21388
6887
27863
34213
45279
38407
38297
4118
50909
33877
37875
6783
5767
33293
48956
9757
28644
13878
13964
2555
21726
54361
27414
23136
39235
24791
39082
12680
3985
34789
5808
18133
31432
11969
34054
28157
53198
1689
22976
23572
17146
44805
41143
19346
40162
24017
44823
26432
25106
40185
7838
5879
1320
40713
42772
13987
29462
6779
13417
34123
50452
7367
30013
30618
53838
23112
25452
24679
10009
43903
1711
28466
52501
39388
34347
6467
37107
23047
46398
39440
24223
30755
11730
771
17320
52705
8763
30810
4485
5463
12487
14892
2912
1616
33184
6115
52522
38187
4501
51958
50300
49202
35773
35767
41132
36787
48490
7043
53603
3579
39872
49062
26865
38220
15119
9076
37094
1103
26203
34311
20450
27652
21898
46909
9704
26163
39365
19910
52552
50990
24046
54446
42627
8076
49812
47697
45572
13376
20595
51098
51
47993
51009
30974
50479
21006
3849
51817
22536
23247
3560
23342
48237
34387
13344
1501
10375
48243
16687
38622
32805
49170
4922
36145
13035
3586
31786
43722
7450
23305
28277
17330
37269
51466
39756
8472
5834
51716
29669
3651
5797
18393
17377
16841
34101
16092
49429
32272
5626
42790
41639
33589
7790
6260
26066
34473
18223
6212
11983
40789
31601
49205
43755
23624
4477
52961
23749
19226
42623
31157
54293
36656
33638
33172
35387
2702
35395
21108
25037
38870
28139
53064
28259
21008
15245
16357
53120
53365
33251
50012
27152
51053
28411
32575
52988
9627
40310
38701
7018
12117
23855
13230
1953
44857
975
25454
10044
19771
8363
33650
21080
4564
50428
461
25391
47848
2186
11980
53135
30556
35498
24666
16909
36196
16818
45494
39136
10435
42866
16367
33203
32865
47152
50287
13830
42357
52846
46255
12951
26594
32240
43575
2620
2684
19114
16967
40559
29249
38696
28381
6398
19023
15507
29306
19162
15869
33601
45818
45638
48464
24654
52494
20691
6817
15351
28371
8892
36979
31316
47179
38875
21887
20941
19133
2366
45076
32218
22716
16111
21938
2491
44121
11616
43153
10067
21304
15206
10749
27373
35975
52305
53722
39080
38987
19270
20132
23961
15162
52127
33044
26726
8743
48290
2411
3973
2254
19820
39410
8621
14454
43021
8879
16349
44644
47827
35106
35004
8464
3430
39584
24363
46698
556
22454
40085
33583
22180
42475
3800
3050
10711
22400
5726
39175
5973
26696
14133
7093
23162
36449
48813
16068
15523
21268
36385
49980
17643
18769
1671
26970
42459
48991
29940
49439
15775
46888
15129
33017
47064
44547
34374
24286
49150
51768
19646
1025
51273
14633
6694
18619
27935
11446
17169
14724
32202
4392
5122
8294
13592
34595
46621
17984
7273
23651
39278
4938
22490
12832
44604
8254
43972
54478
17359
48880
51778
29227
48943
20881
1450
48377
4880
19488
49561
3693
52535
12384
22854
3984
18824
3356
6408
50649
48417
47810
29439
51356
12221
10526
33995
4346
41666
17397
30632
40145
23916
26741
19157
50004
43712
2140
22917
26035
9802
22153
17271
17894
9787
6750
53492
21760
12511
44525
44184
31007
51063
29531
25281
43830
45428
5371
5737
50572
46269
4613
7202
21333
23433
32435
38556
36924
35078
44986
49126
35537
3615
54103
47650
54037
3267
26259
41532
32145
30198
42922
9484
38662
26331
19361
44830
30308
35890
5093
13236
47080
38018
15169
22149
1871
15200
25602
41463
40059
37210
6508
41848
18125
23426
18235
12954
31799
50555
7360
18952
35917
14577
18292
18197
44399
29701
52947
2827
1071
17887
49414
38392
25337
39218
29523
7706
23892
41123
46358
25168
8000
40247
16230
36321
37529
20017
5103
36114
1735
37917
19175
22955
31386
13251
11160
30428
1522
9779
10458
28926
8348
33595
51206
40341
12213
11540
10859
45005
3269
4217
53023
23018
7745
15236
27797
12867
46770
36122
35311
49359
3508
26332
24068
39748
30887
407
38672
6611
11097
32067
477
40477
44725
27010
39290
32252
4159
4706
49333
33820
11040
6659
9457
2049
15410
49112
35230
24845
31855
40844
45864
22448
903
21433
18785
13746
45290
37145
6188
38323
18820
28058
4424
44407
30375
38782
41759
23282
50937
51254
16122
37365
30130
7415
39396
24447
33838
12297
8352
8048
54163
29483
24231
14246
29289
12500
24005
11802
48727
20083
3812
54147
31339
43423
41089
13674
17682
33524
2992
38417
20503
51831
4966
49822
13068
28556
38439
13965
25095
28723
20764
17386
52175
21944
11627
41762
37866
54480
24710
2976
615
29981
54184
24695
39116
735
44162
10235
6171
9433
20199
8423
48775
23601
7696
43784
24371
21071
17864
52429
51501
44186
17652
37301
45694
12783
39898
23833
16158
45612
13026
15263
28282
38088
33775
34861
39991
43716
38626
24989
25193
47820
39994
28779
24293
44386
854
6519
17900
41458
4245
27253
50667
11405
33897
43734
25932
42401
8687
19891
4847
5138
17504
33550
36101
37844
53929
16283
4989
38882
20525
40509
825
23752
13098
43704
27090
7622
27066
16564
25629
49708
12707
35746
27109
45422
50198
17950
23559
50727
22299
39493
17622
52035
36560
21023
15770
46901
21090
27055
43965
25063
7221
27429
32043
17799
52861
40562
31258
20505
46572
32348
40340
13414
3978
21103
3759
49734
20885
15823
40389
39938
38821
17815
37185
2455
42593
53813
47006
40866
50956
7110
15469
20962
33836
30660
24575
39528
32328
35292
28693
31129
50359
14579
13222
47523
18115
15794
15418
36393
20833
44898
27389
22919
22971
24772
29907
52072
53073
2343
15034
33395
39216
39073
11370
4050
43703
9752
26879
43666
11
49317
38293
6943
16041
49994
39473
45091
48843
43660
25284
19710
14542
36466
4120
17778
34693
11002
31461
40629
3176
66
18346
21871
14348
21613
44318
34963
50534
54176
28745
21310
3378
40424
40356
43759
37382
49258
44745
11918
15396
24715
43232
53666
32442
10451
9959
28177
30203
21905
53415
40757
14171
5395
16080
43389
4094
24121
16071
41357
42979
18776
48124
327
34110
42061
50467
19068
22999
38234
32412
38850
12633
7752
10244
8869
11517
24753
7021
26963
42067
23219
10561
6514
8855
20590
10558
17376
37959
28834
33029
6420
36177
5340
29919
5673
12169
28091
46564
27304
43562
9436
29645
10763
11606
10947
35081
8438
535
45887
42869
44061
3493
12621
53500
39544
340
44095
41880
11017
14639
9085
26635
53191
20148
49391
44110
52586
14128
26479
35200
33359
6578
23808
42415
7246
27480
16749
34249
42666
19299
33025
32799
39681
35510
50263
10840
7460
18119
25396
32318
47247
41003
9943
1786
43930
35366
6935
52601
45185
37075
39576
9808
2073
14672
25365
13337
11829
36342
5526
45462
30877
24162
28541
10418
35171
23463
513
25875
23096
8302
30367
26870
21870
19957
53217
16211
9551
6375
22062
53011
28084
26725
45230
8223
31651
42530
1325
44273
1277
6380
22116
4053
1550
31110
48710
31727
48533
33344
12730
47788
32875
23092
9028
1185
26702
46097
14806
23554
42115
33092
43858
10590
25608
43004
25322
27818
27284
13011
10805
5862
29562
32228
22315
20006
39586
39638
24269
6697
7666
21142
19207
13662
16621
22643
48107
14151
15449
18995
12319
21205
7281
47997
40446
38713
50253
32159
28576
1561
22272
25346
32503
16149
14060
1662
28953
9874
8963
9290
49094
49477
13764
18438
1799
33451
38063
23411
1894
13652
3401
6554
43899
21234
54471
33828
13272
43467
16970
42962
53165
8408
53824
792
42216
25642
46377
40454
17199
14038
34542
3331
51982
6946
15317
52913
30400
46471
52327
23929
14901
1967
33284
41999
45176
36216
26985
46717
42454
29366
16086
22041
21587
20913
6254
36663
41501
20931
11206
32363
16743
51416
50982
34358
49908
27547
6575
9692
6560
17190
12614
22402
10588
38937
42299
35730
31693
28121
6091
5002
8322
20655
10073
49027
12334
41077
44261
36108
8600
47255
40678
2635
24171
25416
7254
11587
16918
12711
12988
40963
42393
13201
9719
36242
15383
50048
49053
15665
3429
53892
37897
30067
29834
18915
45699
43043
28317
27877
20156
33939
29655
17772
35257
39463
12124
33113
2649
24896
2962
14868
4595
8722
37297
18726
27340
54455
27673
10130
30322
29161
44098
4267
29979
54110
8279
5451
42698
12322
42585
11757
33567
43295
36623
6392
36607
876
53287
162
36754
44658
51218
36169
6893
28457
6577
6214
43434
40203
34909
49267
35471
11804
171
11615
6898
29597
13104
11575
35285
5889
49917
25385
1745
16312
26492
37934
43993
11409
5053
31428
46056
15525
17247
48002
765
51598
41030
26653
25424
605
14261
34030
33185
36217
22098
15590
10610
43205
25638
34634
28359
1113
6105
24920
3795
44592
40013
34205
15504
13782
50554
10271
20965
4401
12396
47057
22995
33269
51239
41492
5755
30077
43171
14425
48766
11079
46941
35194
34881
4571
2746
29681
47473
47244
15201
38493
46951
44331
14813
45702
51767
40003
11937
44164
6049
3569
39812
51688
8057
40151
34557
33945
29550
28973
38115
39675
41162
24337
11218
43405
45720
32512
13532
1174
8537
19897
13949
27657
36968
21428
30128
33513
9988
43236
48447
22949
10760
24285
28125
19273
37317
29351
45656
22265
15323
30274
20363
6074
44895
31318
26075
31196
46122
13900
3313
18061
26195
41222
41944
6033
35849
3935
16880
52297
670
31155
32394
24853
8326
50074
1777
19799
29045
15075
54463
29795
32709
35682
29893
30501
42295
29125
50227
52367
11995
46660
2015
35895
45696
23279
53788
38910
5958
15110
51618
34168
30413
15551
51725
23634
31753
22477
32337
2115
8523
7824
53682
41816
3589
53152
12577
20682
43485
19960
36077
32852
43388
20773
16152
15954
4543
43036
32298
24956
53960
4370
27518
35663
38324
46916
32556
7947
46053
32988
44944
7145
32946
12642
40854
29990
9092
14820
48797
16485
46806
4255
25510
51648
53667
4056
52711
45187
26354
21928
39446
35410
25564
21733
24354
20242
35046
9581
7918
41186
7664
2162
34638
16007
47750
22798
11528
34899
3452
41938
30897
14430
16289
12741
29419
37712
20229
10267
27012
29812
49881
40807
9592
49887
38836
644
3465
24143
22327
43310
33272
10852
51678
40829
49873
41080
25127
52165
6915
32732
19546
12884
8667
29284
7904
428
38698
37670
31086
30489
12877
54282
13590
14903
41312
14958
32659
41171
41496
17140
22300
15496
31593
53271
16475
10453
31975
22828
34003
51232
43626
1037
15516
52749
53638
35749
12424
27597
7703
24534
25979
45568
39641
44227
52819
2663
10479
28935
14480
15984
7022
48737
53439
52366
9178
34130
48080
1463
7375
15692
31620
52026
38071
20343
25255
17918
34877
12231
46295
29634
46291
38277
10100
43656
42810
5822
39208
2809
42921
53150
44702
11354
39158
19216
35824
35150
4461
36056
16277
590
43744
21198
27182
51446
22681
1259
38445
45825
22842
51474
35193
6559
33506
4914
15135
39842
28966
38022
25800
46858
32881
9338
16171
29506
35558
51530
37125
27059
26536
37809
18752
35479
46899
29107
45371
6875
18319
47758
4743
13517
19521
26396
45110
22618
34391
42542
37479
5199
6082
49859
13212
29384
12184
46445
22289
36267
33226
22396
21959
2459
38516
18479
360
49036
50327
14867
21277
22780
49226
14254
21784
25235
34143
37915
52399
2499
47355
9315
5788
30848
12402
28429
10178
40390
3868
4166
47779
40073
32812
17084
8769
26940
37286
46191
39369
33713
48474
20252
25680
25406
6981
35600
26184
6763
34582
26561
14570
48990
32373
51072
19621
49081
31766
43842
7625
7603
8754
4349
24611
27407
39932
31306
52009
22807
24795
30140
26252
46826
17824
14357
153
3131
319
33407
32452
25831
6244
48931
27008
53551
14528
42257
26118
12669
46349
3198
49716
10952
43135
24811
6061
17325
34955
2150
38354
49102
21858
43412
39400
49018
47987
19244
26614
17497
42718
32897
53848
22583
27824
18938
26496
17910
10251
8860
12310
44454
42557
51511
21342
10931
37806
51056
36679
402
13802
22593
13579
29440
49216
30263
20193
44703
37961
43111
42183
39285
8510
46697
3672
47122
28226
40767
47350
53911
22586
7473
51636
12043
431
32810
34737
48040
21208
9523
8373
25383
24952
42301
41091
46153
7244
8552
18247
18777
9742
25005
35184
28268
32207
25574
6087
51425
4344
40178
39511
8391
26371
17206
21426
40086
19856
2967
39516
31783
41577
7955
12575
441
18128
27681
1474
45746
43598
4665
50220
45584
37777
45214
12770
15814
38878
35526
10967
15859
20340
13994
43052
18282
30023
14355
14747
30109
34528
413
21385
2024
23478
36484
11195
1250
23511
4814
4234
26738
32555
29063
49844
27274
52411
48669
21462
35381
49367
34192
35520
32923
6154
34413
51634
11707
44028
30671
15098
30047
34512
34649
11474
13206
17182
29327
3787
16470
34754
375
50036
51307
8226
22997
25788
36915
10691
36768
14463
22496
28626
10445
14009
35359
5331
22112
41575
4385
54270
50302
8015
51182
27951
25427
2840
20606
10062
17275
27708
32838
15013
2890
17709
28410
16012
17127
52029
36514
6280
51953
37463
18334
38141
36131
14771
6351
51887
27504
42044
45166
53780
9139
7356
16862
47466
21667
28203
10960
44537
36490
10601
44707
44885
35132
7383
45468
1335
16775
11215
40583
20840
42386
2599
12461
1211
1396
14856
21551
35631
31239
16616
9018
5170
49421
26914
47803
11067
21437
44135
6913
10427
14894
52000
36838
8535
32116
42169
35042
21802
38499
26320
28951
2390
14927
20456
17759
36105
20985
25764
27949
22556
1360
40261
38432
12724
39108
34113
46156
21315
44232
37
47836
6656
51588
29069
2833
48493
44287
53506
34428
3876
37409
6016
12286
36370
3752
48285
10790
34073
21843
4301
3240
40429
15052
11401
3096
33986
53806
17926
50933
54381
9718
8289
16498
40690
51975
44461
36526
39700
20580
22636
30460
3914
19683
13456
40220
43796
31566
16817
53088
28512
571
31216
42947
30650
51083
31729
53157
13298
12434
7890
39978
45381
988
52657
47261
16657
48535
11169
52056
14987
32829
50093
14007
36378
41705
19385
52077
36402
14271
26175
27080
29688
33802
41238
32290
18323
9149
2235
13146
40300
4562
42495
25087
33493
4033
14559
6387
20131
19234
38693
32917
26130
24835
25501
10768
34972
27967
17832
6448
28590
26666
5090
30664
14961
23914
25989
13196
46454
21988
29408
49542
9828
4212
17842
34838
13385
21475
1440
7331
7140
8740
7596
6743
35142
20739
24590
30064
1697
4634
32070
8059
53732
36237
25263
15425
22788
45227
11379
31846
15672
21652
4308
17890
43687
19257
32072
5195
40498
1900
50369
20951
39971
23442
30089
28715
48017
24530
42219
46828
14777
1688
28073
10470
7569
48195
11249
13090
21221
36536
11724
2181
37533
44083
12971
52181
40543
47652
15192
35642
15747
28436
11954
22070
22364
44406
29716
37701
9657
49946
35521
17156
30408
38552
16361
35062
45762
44832
48086
12600
25623
1653
49426
8022
40400
23677
53720
17463
19692
36009
13743
40932
48998
43681
19189
39995
46268
32814
47728
11839
16645
4325
32151
13669
26346
27072
12049
42549
45716
49376
49777
50270
49641
53390
5704
15176
29344
45855
18944
20656
52575
6026
41374
39488
23685
23184
8988
51626
52695
12941
28338
10486
18301
301
31146
483
5294
19712
18652
40723
20620
256
7871
1285
9931
49750
47988
3449
5327
28624
9263
43378
42286
6457
16441
53966
14651
46764
28873
15250
23067
42405
40794
11210
33166
225
30641
54323
52196
45842
41645
3691
42544
41603
3721
35887
1395
32581
48577
44667
2333
14273
11653
45993
41092
2204
40380
30919
5627
25676
7312
30434
14289
28297
49282
10725
37132
46890
41251
34383
48423
5899
32548
4216
51253
41259
53036
24150
46977
42998
29095
6546
5031
28427
10701
8745
19607
677
52996
24696
48796
34033
45037
31803
33006
45012
27397
20268
13143
15856
13941
32345
36367
17424
40665
52627
2963
46035
3692
49468
40656
22986
8501
40102
10999
22468
1768
48386
13629
53688
9219
18269
24803
15841
30305
37279
50384
947
40784
9160
9229
43939
16739
47699
40611
51016
4695
43508
48869
18595
13796
30357
43370
4551
28483
26207
45390
52088
47504
48872
48610
11016
50476
28815
9104
2195
50492
25600
44622
12527
34471
54408
38443
21693
9795
39268
17530
28734
16701
47100
42123
38879
9329
4288
30747
39631
9939
33795
32522
173
47291
32902
38680
48425
6584
28386
36565
18644
16679
46787
15962
42427
24393
43029
24544
35710
5417
14396