6594
46815
48741
28683
73323
49736
22305
73153
38528
10011
76056
21952
79561
25235
60098
66299
60707
71433
39956
72024
20122
35278
13535
14427
56584
41110
80426
62369
5273
63477
71901
31938
81850
46026
23551
39491
18678
42832
55603
79624
75570
56146
80619
63016
41797
45333
43316
65890
60124
38307
25200
72891
71035
40321
68230
14416
77832
7159
52309
2354
61770
1922
62786
46304
41440
80624
45017
39302
66251
12400
69515
46179
77669
40032
59737
72577
71501
72803
77678
21400
12190
51717
30002
14187
41608
33772
37918
73762
50986
52924
76516
29190
78080
7776
80908
37209
57054
37546
144
20730
36814
47414
78768
58687
57518
17767
17581
25377
66611
54343
77051
81663
72742
51901
36461
28361
43368
46077
28538
78525
65526
4310
27209
32765
70496
47023
16301
14135
70487
25635
38336
36441
20501
67312
2291
53458
61358
4319
73168
9714
20892
3848
58902
29569
16131
33910
8378
70315
53621
72560
76620
51126
81603
70387
77218
58309
40935
68606
2752
50377
34859
68423
73937
24830
47802
70901
40926
77337
18241
61616
78729
12039
30919
37997
46676
8770
298
48017
70845
68811
13460
9087
33068
41029
18302
43438
63908
18926
42131
77241
21815
32907
21553
73194
47988
71540
71122
58070
39332
57922
53059
68612
8645
62465
19107
54478
31146
4006
67448
34549
23014
25750
18981
43870
42875
65003
38213
55143
52049
24797
37103
35605
48396
55870
45168
23569
40431
65487
21544
22357
63142
25910
70743
46290
32749
30408
47148
52116
24836
59547
77657
27170
73725
386
74462
49304
59451
64882
65379
28562
33708
61095
78710
15546
55218
81332
25511
45018
15910
54573
33386
26029
2140
31555
76876
54636
44532
25508
47993
79169
7482
54994
58944
72629
38558
62964
38535
57384
64094
57767
42943
48635
6529
52446
57419
11494
38096
58189
64625
78313
69975
63737
65854
72840
10343
59845
45576
42977
43535
17473
3509
78309
36293
74123
55146
17380
37274
40725
81790
59239
68641
56342
69889
18764
25869
11732
64228
77903
18448
81110
81019
69299
75404
25234
42626
43213
63715
23961
47863
4415
81236
60528
36772
51202
63519
65347
17295
54257
19144
61837
50279
30576
33850
22818
7754
81406
76420
43603
69837
31988
81194
48385
80710
1593
8748
69052
59253
23022
11275
64418
7403
73987
10734
34680
18010
37955
63887
14884
31569
29616
47221
22012
75892
28197
26118
78580
76346
6322
20379
61085
76320
17407
81533
59923
61073
43764
56804
37216
17825
41651
30400
26568
15794
23915
20318
64098
22003
62697
7228
37065
54787
63677
37737
68159
9013
49551
63209
5059
3710
68375
17660
69921
81760
18456
73862
76976
57565
5050
65114
63889
11220
38722
31199
23986
67759
35490
72027
62433
4337
16159
75251
21165
49145
23815
29707
33804
21906
9677
45630
68794
60577
15038
81783
69856
50494
58692
40351
6038
78887
42563
41586
24744
40954
54827
42430
15445
29004
3498
16353
81957
46017
69083
71346
23583
34343
47409
61778
48298
81447
24838
31646
78944
36747
78417
25774
33726
19340
26039
6605
46860
79114
38933
45851
38487
23969
19714
647
54398
43904
77913
53813
13968
64989
35215
68961
45157
39980
20407
31439
68344
57759
75113
72015
75516
50933
25186
100
15851
79190
75689
24317
70993
76507
15525
27993
10917
71600
4736
81682
27880
23360
51136
79977
30334
77785
5875
1071
51281
81229
75959
36157
48840
72462
75007
78350
31189
13015
65509
27566
8798
8442
62572
80918
52431
11081
61811
69141
21878
67669
40598
37427
20059
31018
54674
77293
18390
28006
22758
79982
55408
45924
78796
62915
14268
56383
79233
13978
80133
79693
78388
78169
20433
36961
13124
34772
12240
63430
13939
37841
76337
45426
20926
34804
10880
66585
63259
5618
75261
47841
63971
18644
61256
80450
25306
66357
53318
22921
46459
34329
32861
54121
69203
54549
52794
8468
9004
81947
68633
2425
56482
64143
28934
42400
80519
72236
56750
80303
35574
42988
18294
78997
37057
53229
53053
77647
77279
5635
7718
45738
3010
52392
80871
50282
70536
71
43328
59721
12203
46867
59501
9088
81213
74173
74309
23979
7313
71093
42216
81264
17025
11719
27326
61865
43301
51353
52597
2924
36296
31948
32835
24885
12440
65026
52129
53023
75042
68814
21349
60634
20916
76675
48335
3626
55190
29861
72656
55364
26935
13619
16200
57133
34175
26933
1370
79886
54137
15550
71821
10211
37047
45762
9917
22087
53486
52434
7183
75964
5736
48474
79795
64714
22852
14879
41003
72002
45676
67762
9645
80168
47021
43468
39001
55049
62476
35223
1221
5652
23116
30284
18929
26837
40977
71766
14117
41683
19915
15655
61063
30367
44684
9435
53000
6286
57219
70792
5544
422
3957
75910
61588
55493
79121
5865
50567
40048
57967
2559
68333
14263
8075
71626
12990
33294
59847
73634
46682
29255
17003
43457
15837
18961
39116
14038
56436
69093
65300
15276
57453
31177
8268
41667
38217
38514
72280
43171
72552
67375
31813
34771
25909
66199
81170
35819
44282
41161
47639
47609
43052
46531
41180
6756
16566
68200
40586
30330
42725
8106
35962
47345
52132
66985
59884
13371
55197
65600
21602
60018
28771
61562
15305
57060
44960
11917
7296
30790
56092
49310
52413
78696
74057
73296
69702
44151
76845
68943
18490
58759
76107
58138
31454
52893
2668
38565
44397
73533
11729
4809
68548
71538
3862
40548
75202
14490
72707
45788
48789
81429
40345
29714
76821
61599
32104
11456
71587
35930
76100
29665
13987
71752
50799
8061
13580
59455
2982
54289
63773
49934
81933
4045
38236
3105
43822
20975
53798
43810
72501
79721
48685
23336
12316
61530
56907
23900
56502
25684
40332
31393
32719
12681
48174
56038
74958
21081
66726
32525
65464
13612
36301
25334
77912
71582
48568
59063
49836
69169
75166
51012
80974
55358
67071
25819
45052
40942
56818
35807
12188
16050
51954
38023
29778
29980
42568
13503
72224
41563
60912
35740
79556
68709
9259
54267
81497
48936
47354
51697
1786
10489
21909
80090
3452
14103
18515
47112
54664
69953
35025
30397
54204
37896
23976
58503
77975
46091
71381
2371
70268
37674
79021
24907
45881
78664
33260
80005
35094
78217
69361
52292
45927
76234
46598
6077
33834
340
56673
62342
70021
70432
29800
33773
79243
16797
15356
22218
59476
72245
66073
31274
66975
74106
20373
17888
69567
66745
81895
55261
77931
53183
48698
39465
35174
3965
8861
51875
28114
24153
69992
75281
51789
54199
61758
38315
56900
42306
65432
33663
75782
76388
68084
9115
30218
50924
32845
57417
45792
15171
41795
25032
52342
48356
79678
70679
47965
73715
46875
81246
51549
69407
18674
78844
8873
27955
62544
64544
61393
69411
48706
34015
63587
71852
26511
74887
6170
54861
62203
41140
16406
73713
24721
36886
63970
36099
73898
9539
58962
55319
70144
68201
40791
20398
27151
968
23639
26710
51398
75539
35001
23941
2398
13370
14237
52773
45266
76007
75348
67595
41169
20820
7044
73655
26156
8160
3137
22528
57415
1864
65090
49336
30652
57008
21988
52546
68929
69350
41191
73103
26918
39290
45971
68896
29140
21567
32406
35273
53647
28663
62506
78338
45219
1196
67571
60738
69321
51027
23220
16042
19606
58183
60095
56309
56446
61791
71934
51683
46499
36379
38058
44377
58644
56967
45926
38613
81949
34095
69389
46047
57706
32597
899
64858
81588
41447
61367
23361
35410
55547
37833
23233
57789
7987
63068
14510
21157
61864
16511
45640
31749
15343
37754
21234
38956
70379
77594
81454
1589
64356
36084
32333
6457
74529
81978
39054
78296
61927
17168
70977
34825
39327
2508
26531
51520
69623
66312
39128
55494
24698
67162
12961
17357
15512
74799
78219
18292
28515
1232
76197
28617
35038
70953
64862
53295
29064
46512
20788
69936
69495
62348
17183
17317
10182
42914
51340
9011
79037
21126
81769
68127
12803
31519
66376
31550
78492
73051
23210
80602
54015
25529
68593
24915
13529
57112
40102
80069
76017
44660
59513
55379
42422
7352
3329
61587
73172
2271
79757
42981
34230
51471
77795
55145
12892
8540
43729
26136
75607
56493
66111
606
50990
3345
47489
76829
51330
61808
53568
68855
16229
76498
23040
58342
16688
2494
53030
37024
38598
47247
33925
4282
59779
59278
80564
68057
76364
22712
41426
51256
46649
6509
13154
53651
41952
12924
44901
34580
63626
5424
73185
44164
74014
38666
28238
40295
60788
33395
79671
55514
31095
42660
1812
2489
32502
63212
75484
1128
45739
23502
25708
47465
49125
62426
79874
48514
24540
63769
43788
33275
2820
26385
9975
70039
26413
24674
50671
80746
29383
35456
71004
49070
1610
73668
60379
67896
29841
47599
18420
26594
49880
8945
56988
30760
75268
25883
43255
57920
44713
48463
40940
13239
44045
41257
58601
38834
71527
80086
8501
27637
38688
69228
77959
73417
32876
76838
38208
72649
19030
27347
57209
45371
64999
15774
38324
81416
68648
7433
29913
78876
78515
30456
79642
69050
81445
20536
70227
50092
21527
80309
68480
18621
29607
71827
2844
62311
33444
34161
17428
59532
10521
31754
79867
80363
67372
50510
58286
39868
60613
36702
80727
64072
75832
24812
35229
1467
51888
20177
73692
62814
54701
3057
67124
25617
78850
1525
69950
61663
70717
45083
40069
81130
44594
10649
64018
50395
27838
32295
11940
22053
14601
5368
64806
39389
29835
62933
14920
34442
77738
78065
28352
62990
70049
43261
66423
67185
27119
52939
17434
50100
33871
77344
41351
1098
53324
25492
10910
49942
5938
62424
17124
10355
22376
63850
27257
44359
15676
72010
52902
67748
27761
1178
43756
81561
20682
17424
35388
11791
43243
79799
47245
66567
25522
52027
62358
56565
74295
46205
9153
74193
54494
28995
71418
9865
78973
55684
54568
47853
34640
14565
7230
18481
30186
59701
81191
74513
45895
59539
49967
37877
77238
72802
76616
54765
63416
25933
28857
14808
71653
54590
70637
78159
65559
55188
50833
13486
64764
53784
35863
17851
48209
51950
53002
23895
18499
22754
10546
36135
48799
47998
81382
37807
4728
2217
63302
51081
76465
59170
32038
33449
40813
80502
12710
24553
23114
46411
18216
54305
52780
39271
37328
78020
39630
78323
45619
23887
62283
78314
69638
52316
70174
78232
31226
47257
39176
30259
80032
78806
69467
16185
13589
5954
22336
21978
41925
62768
38887
58746
20178
10725
20155
38483
46387
58613
37657
31792
18794
76989
29028
69262
561
75850
23559
81583
77122
40567
75734
35531
7621
44476
4123
54436
78817
79491
71630
20160
40805
19302
77373
50321
56891
77874
58459
80509
39345
74579
63498
4857
34411
42138
52631
52609
39540
40595
7126
24379
80775
49389
23144
69574
50892
12938
58813
46350
63595
44783
5132
25326
75443
76006
79305
72984
32308
33147
78484
47426
76874
72865
2619
66031
62986
26615
51449
37968
78603
47050
68413
53303
67698
9141
66876
3868
77440
43098
49383
16428
25600
56394
39166
52122
24933
81611
54154
77690
74467
11305
6235
51597
42687
40884
58823
77827
74923
55538
31143
24441
23268
58721
34160
30374
13784
1730
77031
56868
2572
45254
47106
40698
73509
2110
10509
18431
65508
49059
69149
79133
29310
63820
70776
121
65835
882
74986
79272
59985
37761
40009
41576
37892
47053
52006
8368
19990
45388
47890
35245
80763
66072
37940
35917
80953
65097
81723
71456
11865
2956
6627
79694
55124
60054
23309
52230
52649
69943
1675
61609
58063
50622
81342
36919
61241
26566
55443
70478
61591
30445
73270
3568
77125
32655
34479
58875
63662
33887
18146
81904
48108
38039
13511
67848
75475
81178
67240
43275
41126
38575
12113
32304
63387
51541
21345
4437
54322
70716
59382
63358
39455
57616
3702
56247
15168
10154
70590
34447
37871
22540
45154
61933
36663
56122
65823
18844
66351
64362
36375
10065
51629
47835
80708
67530
80201
51465
56846
71324
73248
17161
44170
3017
32310
78247
77082
9050
34257
75630
6581
52758
75756
28040
7625
64300
16964
64984
60245
67953
35417
66455
2487
34897
3622
36161
30369
64682
32683
41307
43656
48038
24465
41012
51862
81330
60096
68208
39460
74835
52169
6681
26647
38375
76025
59403
31412
79518
13500
38498
72214
75773
1601
38347
6483
19305
18786
59033
53736
284
57042
26700
13868
54982
62874
29158
31098
63071
36235
59131
58590
71668
22184
16015
48307
32278
38125
58910
70244
69222
74339
9990
66739
40459
47262
18
67172
65980
4065
72853
54691
16314
20394
4607
13043
73355
46955
52554
48441
32944
81134
54931
40084
59644
53471
27253
44159
2781
61125
69651
54486
58397
64163
30394
13758
43667
33331
16071
41943
77278
52188
78918
70460
12559
57474
5392
30827
77367
51037
77705
62694
16112
59761
39199
55130
35702
77074
12056
76731
58350
81069
44461
49975
39564
68523
27084
11596
16030
75371
32584
7023
20646
266
70654
28547
30750
23117
78967
850
57610
51840
26499
50767
5100
45858
10432
4714
18318
48467
81596
52250
63564
44054
21258
55421
26027
19262
36432
2555
19856
80847
79269
27527
347
49755
44617
39500
52985
15619
16248
46523
2928
6158
26691
706
9810
46563
14160
29202
3819
50465
31621
569
52373
74707
25642
34862
49260
49490
55255
36934
17842
22230
3564
7534
39371
40091
81030
60897
36901
1917
17244
10624
39363
38774
20674
50758
75398
2814
76335
59271
75419
48656
64676
52544
27808
15212
18165
16552
43732
5378
25739
35926
81563
38624
66951
36464
32286
34753
70303
69668
32419
37663
8127
30054
35378
55394
37322
18838
79728
12248
3022
27933
60839
75816
50158
29180
27129
81156
22509
81956
62249
62722
68691
21935
58511
15527
43410
69197
59812
61866
72102
76298
32850
63689
80757
67365
17051
69951
39717
42316
30469
49706
41975
40731
27675
76352
38136
7523
27280
34816
31437
34395
53633
38830
52264
12616
4639
70492
61145
54741
57993
24174
65194
68660
58365
70267
78679
20861
31509
8374
55955
20977
63319
40218
63182
2824
61490
81602
62623
77601
26394
52115
78226
45823
76312
67903
47699
37719
33722
59830
18973
53529
17589
25421
38207
7409
41738
33359
61273
27832
17191
30809
5010
6853
24461
3750
80828
52131
9793
75981
57240
20207
30041
78774
66622
62039
66208
78681
60836
27998
11974
1623
29691
68108
73333
66933
6284
81821
47547
50332
36444
2103
5344
47393
61031
75804
51819
34696
81713
71695
57803
22236
9171
78909
76290
56331
27651
81654
80750
14744
29424
13997
31477
65223
54655
47787
80556
25981
33083
55762
47559
46982
79489
19292
33537
65972
25059
2446
57607
62703
50251
49749
75748
47735
72876
13094
14992
13369
67092
81982
27432
70720
8261
62295
62405
9872
79736
19875
60585
59341
33990
43123
22796
23295
39217
25568
42000
18387
61793
18157
38034
19773
79507
53839
14358
23531
47192
65290
46361
39353
15033
64004
48064
70903
29046
50038
37442
14964
30593
22193
70690
71579
39934
55818
35997
72511
48937
18630
80177
5868
18337
15902
55571
47294
16614
78458
73461
80117
10571
43065
19070
65335
7241
21477
77833
25864
13359
38801
24291
63828
75435
20347
50290
64178
67638
3189
74991
67677
64760
54779
42046
17791
15768
22141
11437
66950
78879
38787
31207
72969
60317
15221
14061
60007
79290
13403
29285
20938
32366
15077
31350
76299
2645
53177
81789
56705
41868
35951
34839
74257
77558
33947
64970
32784
67614
31586
33143
17807
7380
15071
9293
33698
31394
38920
24100
36016
59542
27185
51463
76693
21890
6397
72651
57839
78460
36316
12592
15926
75931
30644
64005
7540
9930
70261
65236
49896
24680
76360
34875
31366
53148
6056
17949
8708
61533
11294
16535
70397
39909
20732
32207
70758
68177
60290
3408
28639
76116
36676
73371
30196
58241
67793
41513
1498
70405
73959
2281
69287
81352
43955
76803
24724
80545
18897
13566
30639
8816
55093
34421
18633
63306
15951
36948
55851
40495
6678
39996
41071
60179
75259
73737
68773
73034
34590
60363
66326
69876
77612
52321
19380
75013
57857
9041
53172
32223
18530
23387
14088
79989
5690
8515
16436
630
35363
76479
47980
46641
72793
5282
73603
60999
10679
9699
76327
37284
36056
50777
74058
64631
70747
65550
68750
61711
50554
35083
61892
19159
44981
78588
54039
1747
40852
9811
49972
23669
54583
4139
29079
30268
29749
36554
5643
59661
80403
42054
51367
43595
26079
9934
35279
81456
43963
6351
3559
54867
35693
40774
39421
34716
20197
47160
80076
56755
63795
15286
78741
45270
13419
55784
76971
50113
69577
51561
29571
62362
74004
52812
39514
75466
50989
71294
73551
1826
49213
28155
49027
19287
47761
3447
79313
4130
27729
58755
74329
9745
75646
73907
45180
4926
59158
42245
49740
51637
75863
67334
74128
54047
28717
34189
38416
60206
41436
77237
66440
39944
69819
71967
73649
73671
21262
16180
30423
6131
49690
74275
25198
67615
1405
4185
56570
48776
48848
18573
45345
54280
35404
80643
61281
79296
26321
25258
19062
39596
50593
7450
81413
65529
49628
477
13894
3069
42369
23470
46494
34851
55023
12412
21928
67892
29302
66184
34630
40746
13451
58886
65039
11154
21497
66407
24245
44154
53047
43108
10946
31692
65004
20289
37129
8853
5068
9978
4394
49472
54753
58396
48612
69906
4973
3456
42107
37493
68665
58045
73131
12210
18147
77631
32795
25914
80872
33194
76593
8014
74298
54505
36817
19904
75524
73005
23067
22293
31958
78536
39880
63996
72450
19475
72311
6181
75887
75395
40038
31739
69235
79844
6663
73539
30658
77449
79321
65143
45882
40004
19977
808
79742
79947
77742
23855
32566
71663
6975
38806
4214
46451
50639
63496
19967
3562
13787
73666
37389
67278
78474
62636
56230
29568
72819
44033
58281
13340
76203
7168
29088
28912
45742
14984
55880
13377
66987
7866
53054
19280
22396
77052
27386
55183
687
46158
40118
8682
3319
51768
19665
60431
26008
12251
23228
20520
70635
22841
54893
74977
4480
78861
73677
32066
34902
77514
18403
53368
50693
38086
50249
28585
28465
56152
38794
61491
7444
9844
80181
71611
66924
46751
36224
25298
61669
63965
48400
71555
75330
12273
18771
21576
80484
35370
20705
67628
36420
70779
3029
14154
35143
28432
47713
66260
44911
77038
51237
60135
81819
10932
70512
73978
20990
35312
57377
10383
63669
14742
33667
25070
74278
21281
34619
72294
17373
3295
75310
78259
53630
203
10180
67319
61940
37627
70986
64033
55991
1958
62569
68558
79463
45229
20152
50166
52428
32471
41916
17384
68197
32491
17398
79200
53830
65255
4102
66840
21088
14705
47926
67501
522
59692
21860
74426
61062
17012
66597
162
12397
27136
63367
69507
73439
22763
32827
71962
71392
27913
20695
51456
44868
64779
42630
21038
78336
79002
77348
79993
44195
17365
74694
57075
48571
79925
68323
48639
59393
74905
5539
30228
80466
56777
60471
4571
72182
46192
1681
42214
24533
36929
23450
76711
45459
50789
50227
78947
694
16841
24958
77897
66618
8783
54457
52357
65650
66390
17964
69364
47012
59392
21665
69680
61728
46128
800
42083
42058
35191
36398
9726
39565
64250
15024
3492
2173
771
56872
33844
1991
47171
54604
44430
10273
41970
27193
39544
74941
57169
28615
32981
42390
5685
48500
34007
13089
49514
80435
75877
39090
47436
11193
8725
31571
48145
71509
27683
27417
21338
29040
53884
1541
33310
30893
75542
24962
6697
61178
74416
67659
34914
17614
25955
9360
30362
35942
44728
676
64446
37006
11296
69103
43446
59268
26445
26219
22602
56162
49329
38576
32198
21430
12505
68790
37529
35987
42919
70756
48213
27725
3916
67874
79332
47391
4513
54056
35788
62681
2679
11110
25521
47619
50181
3194
54675
49901
54256
32478
46233
15516
12391
60549
32394
75137
32734
2726
50065
37783
59353
35553
9494
55393
28609
66825
25726
26287
73042
11636
22612
43420
72956
70145
35065
63149
38727
66600
58840
36288
45808
17568
46716
19343
28591
19367
80457
20258
24596
73517
17824
67300
80364
1581
71758
42588
33971
49728
43321
62526
10153
46297
14032
72162
16057
31538
51090
44205
59090
5242
40379
1066
74570
22342
58343
60422
78865
1133
78691
30903
30086
12376
44947
16439
19512
39889
35904
81811
60440
22371
72947
6010
4966
42649
41441
62028
74638
13556
65185
76174
69279
33818
60559
53239
59260
26104
53622
19152
66670
49287
61211
13324
62883
28710
73374
67513
7615
65885
48913
4177
55632
42741
13602
23686
38117
26563
37202
4665
17741
6977
28294
80411
73809
23485
80610
23178
78921
38597
8633
37151
6702
18305
49824
70434
33830
47318
33490
74929
73175
36212
80312
22725
38205
32031
16176
41673
74790
25214
55413
73278
11149
24318
26796
46261
8970
54268
59683
487
60089
379
16596
2527
61520
37834
41856
40763
71316
78198
61121
23440
37798
1908
68622
71105
61219
51115
58450
69926
72709
24389
47659
10845
63323
69459
1429
75035
73314
70094
40324
78051
75257
10462
17986
43231
70619
24280
78049
40085
78747
49714
38118
13271
62481
75426
42067
67870
79113
47079
21676
20805
57629
74773
2693
41
8205
75512
76241
26115
34911
1378
29086
41329
69180
52161
23034
38740
18429
32202
75048
31580
59412
77796
20867
53250
19827
48376
37334
66610
579
39675
67937
44353
5556
80322
6913
512
24740
22065
74616
66116
53816
43498
8175
16973
27929
48548
62387
44700
31843
55711
44836
10822
65496
54810
72567
4936
36735
57776
4385
53610
19276
7526
34364
39734
75385
18064
37974
65421
18790
76387
41019
24063
30124
19188
28875
76552
19400
7530
30872
73701
68094
4952
47821
74789
39878
74656
35202
61251
61821
78001
72152
21779
52364
81386
48673
60879
4880
56481
25865
64726
9202
61735
7817
11307
11086
58803
30574
44547
1764
81912
9574
79177
72908
30987
64161
37879
50517
69956
51492
75455
71543
29508
78379
73239
2803
16250
40761
8922
46281
62952
70835
8731
79809
73610
358
58921
8472
52671
46549
2944
47205
2757
62652
18987
27898
58368
79221
33177
73989
1468
72188
46880
25860
55809
66850
78837
29331
41453
28722
81321
31849
17609
35562
5457
9430
4259
63459
28793
32409
71712
66294
66075
59995
78031
59580
18289
51666
42808
6401
33006
32614
72905
71700
11615
71427
61809
9880
437
36283
63821
75294
31645
54210
71157
21686
34571
52725
76015
45326
2047
55288
70829
60982
63237
68782
7935
77540
72147
37137
49591
64874
74769
50723
69164
11418
6611
46938
30211
25146
79530
63036
63372
27411
28399
35523
62162
23246
24875
12806
37607
66364
24784
61856
29220
58233
77357
5240
7396
72783
76902
80144
6736
62592
73486
45334
44922
35541
67257
3064
51278
31129
5654
77061
175
81090
27312
29007
15835
64749
69175
18816
60781
50417
12027
38603
61542
5726
13695
3693
57032
20983
73471
34136
60055
25242
41005
42764
25161
66362
45624
72394
77585
40429
77381
61633
14841
45293
10695
79196
78413
31375
64802
54859
65575
38629
67177
77574
49518
749
73846
5552
3484
32692
19126
42536
55553
10752
72054
59889
52661
1680
74748
69688
80951
76701
45688
74234
22418
24948
65539
43644
58597
73383
69571
16024
77551
79472
79325
30524
57202
38382
22298
8237
19793
73454
28372
1835
50466
36334
20241
6547
22163
42857
60922
43825
56322
50300
2331
81288
47270
48366
16104
59938
36483
68461
45925
73738
11203
38479
33782
74709
69619
10927
52072
63120
50495
16587
79343
76649
68978
7903
54726
30485
74108
68729
62062
4957
80295
19485
29248
62184
22321
19831
29555
35774
63958
34887
45945
76161
29636
46848
4071
40409
6571
21628
61478
16325
63939
27146
19588
72959
19936
52279
72499
49526
51828
32136
71412
44609
30422
72729
4671
3412
73219
75706
62377
16706
46353
38380
31034
42288
29716
52315
59833
76957
16515
42042
20744
64409
56954
25047
65601
23424
54009
23244
71027
79109
20181
45513
43795
67539
3936
14643
2951
19502
48818
1736
55789
67267
45867
27707
52064
59122
65123
33541
81637
3561
19927
57800
58923
43718
20126
32803
68372
74682
63765
55645
31407
2456
53504
68101
2932
8418
78829
63945
42603
61949
43216
8909
49814
28196
40365
44865
40095
24165
79209
63614
48455
32934
49006
30723
58640
19560
7427
30031
64022
57743
75902
17738
41045
45492
35568
76533
57596
37482
74404
39765
14212
243
25748
28985
39686
57781
35468
47284
40682
80644
37846
26309
61990
14591
40149
36544
73891
3926
49579
55829
51933
11957
49669
38505
25280
78450
70078
11411
7634
5799
24433
34520
51190
54990
46571
65911
75972
57715
22788
66494
51381
13395
16367
75011
75000
3049
49452
32826
68981
6875
55774
19243
39822
6933
62501
22449
67747
67830
73805
7294
79612
64052
45655
39796
44017
3402
50661
43550
75847
78732
78000
75130
16879
28017
15722
38054
68350
51287
15784
64312
78455
76426
1199
48591
15255
54096
2235
50575
17515
62200
81807
75995
11228
9641
38265
26310
55607
16285
22713
61912
35334
7965
80275
52750
8700
35379
66464
64591
36369
57430
77734
59745
69913
68100
36347
37843
16257
40778
52189
37110
41344
1533
75416
43128
33042
39099
79091
20799
70153
21565
77154
34193
44734
51734
3437
47512
13459
21868
45768
52022
45304
15025
81647
72090
71053
20057
76301
59142
72527
41309
11923
10401
62270
38168
61786
16634
1388
25583
55687
64666
39261
2201
50070
72384
16907
75131
27147
28778
20167
8480
24990
12152
53957
37118
52574
30561
19549
1725
73823
61537
19295
60449
1140
72726
4680
15369
57645
70071
31422
40440
18793
58201
49559
7029
6245
2226
73836
56369
28551
64042
60043
60976
64658
3503
26098
70866
13714
49020
11345
55950
16507
60140
18011
52303
78056
70598
34248
50468
10973
60129
48081
74690
68882
69712
29933
20015
68290
22631
78573
73787
79779
62038
24666
68471
775
43706
59619
58563
32741
25472
58023
71209
80927
24274
60808
8626
5502
1256
58609
32693
73381
60830
28612
528
24119
73601
60776
56248
29639
76509
79443
3516
38006
10141
15914
22156
50840
48170
12751
62155
34303
25842
53719
9754
57144
40842
78010
73096
69028
18020
22657
74153
56256
59484
50944
73221
8857
22093
63320
38921
50247
12885
79880
26354
30027
61625
71028
65817
76382
80759
21001
42557
36185
52487
57257
34116
77252
72665
3801
74066
2377
78347
28959
62201
77426
11945
49650
9563
7942
62805
48496
10429
20071
20111
24847
14349
48208
52031
42034
74050
79262
51082
51262
36238
35163
8875
79548
49928
20840
30970
81820
79146
53094
77694
62143
70369
67201
31217
36525
39398
18625
51866
74362
17046
72821
16113
28700
74200
14089
36352
38263
26526
10107
5959
18117
58171
81787
32567
66263
58165
74364
59922
33694
32865
52207
21058
73599
9083
42383
70182
64081
37310
71645
19091
47655
64031
72407
47033
80783
66224
21108
62898
46928
48457
59067
58210
46487
25036
26234
30955
25104
79047
58292
76474
32753
5403
13103
52198
14020
40371
30836
75451
56137
24155
42676
10304
59943
51834
29601
42294
68027
49622
17220
58
51013
57973
26313
63635
20747
17368
61906
31603
74236
43144
47161
37194
62020
29497
24054
38497
10094
28338
70558
24490
17667
21740
27722
10435
64778
16396
25487
45534
3804
12515
23347
28810
22016
65043
74492
2198
6639
44929
27022
7836
62685
22431
62425
28784
61384
59120
73125
77106
48702
39522
44212
69790
1190
31041
41304
33242
58089
67712
59477
53420
3369
76148
69153
78221
56829
64481
72935
15727
42441
26884
58124
75794
79057
66328
55343
13812
28444
76082
11150
59303
19154
8651
81537
73243
75916
55624
75620
64537
53997
76321
33759
68264
47775
75803
61919
18251
54292
46872
69143
48109
50200
44384
35919
23644
49683
11103
32579
27919
51089
52717
14055
7740
43509
30390
4265
46754
55274
621
71880
31185
15115
67437
58359
5826
619
680
21728
51182
65
64029
1116
40956
12858
34239
64848
76784
73231
36210
9300
7874
22111
44173
37038
6029
17852
7080
19136
43736
16580
56797
22798
64783
16010
13166
52107
72523
13461
67285
69058
72179
61455
1742
15876
54913
14976
61657
11474
17633
28476
49846
10187
59963
65184
10844
40538
996
252
10643
54759
66089
5167
44815
32884
28885
76708
34653
11696
71687
4588
71569
20250
40783
58838
47449
8913
71521
9243
25503
56304
5574
15210
73158
63375
20796
16647
73587
22206
76578
7921
59973
54114
39826
13441
15611
7995
6059
50
62109
25636
12423
77991
8420
50585
39238
53545
32955
38197
14859
42751
46618
28457
72035
76044
21166
55946
53451
66439
58176
10738
49030
81641
75838
43887
51895
68714
5090
11782
37494
27161
20087
14471
23451
42607
6366
29697
52326
66181
39312
51279
14272
45780
6197
76053
21225
74285
23131
5987
6746
23063
51654
22633
62163
73455
58465
75676
24733
65677
59671
65842
20392
58743
12452
56809
21579
68554
51296
1401
77151
71170
62692
65135
17597
14840
64464
74867
37396
39191
78103
66504
21835
47839
23464
51580
21966
71914
3382
4477
4814
74874
32146
67985
9735
47673
25622
18313
49697
72596
73402
48693
7328
23629
18966
37416
54645
60823
65341
69662
42106
18425
64584
34530
76941
58933
34541
12511
73262
73437
18034
49954
61493
64636
35181
59134
68092
42846
1061
65821
42813
61096
51077
2258
58885
49767
43622
63753
66474
80574
57791
20213
79167
43432
21046
60066
6862
5933
11192
67080
57552
58106
29125
14955
78640
75091
33000
68243
78867
75670
78447
7750
80070
75309
49918
36804
32590
48341
45317
64741
73528
58119
76133
1570
40609
28732
61318
29901
44538
12001
29166
32214
52360
64735
3120
36868
58624
12832
28388
19880
34901
18799
8035
11129
62241
58326
48986
3886
23737
52287
2021
76347
2739
60974
13522
65730
34737
64475
74422
49177
5575
24337
14649
53871
59362
17942
40489
75823
17089
37421
35355
6828
830
47577
24840
47872
44394
61695
26035
12472
26037
59595
74657
3124
17801
64083
3995
45128
1648
106
76812
46354
80180
13394
60213
888
63361
5660
81898
42125
26670
14243
42118
49449
28081
14828
69885
2137
51119
24661
66500
29142
26332
6307
20778
1435
49808
8772
59599
17650
67383
6723
76598
72992
19258
64706
13215
29008
63008
13168
40657
46171
5930
54834
60730
46941
39778
71603
22076
25481
61956
1267
9037
7673
63878
54473
17827
16195
12055
52398
13074
65267
19198
59823
14338
10366
5091
17795
7391
43771
18359
55469
30843
27585
80497
5085
76962
27627
17733
79951
13699
68140
34065
55458
18647
45068
80522
56593
52299
77248
52727
2906
45589
58034
56052
39619
6434
9448
70762
39185
80227
72425
25452
60822
24859
71454
51455
35021
72084
30852
43224
44221
10887
19660
8450
42948
10328
62661
26846
9801
59763
71055
72780
65829
75731
46762
10437
67635
54891
63075
69015
13362
45482
720
80293
53969
37406
18455
26438
69804
59415
55196
62619
231
22722
61092
24030
29661
71843
21289
30738
50992
57535
75298
46152
37350
30821
49137
16960
75598
68527
50485
77804
10842
53947
21802
30278
42475
73872
40691
64372
64059
9536
72680
25852
69532
6061
26379
14803
80898
873
8332
61802
19615
55906
18878
53977
37157
41539
71303
42447
5503
24207
40528
55804
24978
25785
16079
67556
63538
76797
43686
23044
74316
73159
10496
6275
11578
28824
5311
37226
49530
21641
63143
61697
59617
3266
50621
23695
70972
36825
44762
77140
69295
45107
19038
72917
38368
34169
8886
63685
38418
75722
63289
14864
75578
52495
46038
48072
74297
38469
81361
72414
80700
2800
125
17624
1007
57582
35184
23070
30632
43096
6927
80803
40276
12017
4113
6087
73484
33504
9058
28895
29346
2579
65716
66892
47702
18126
65416
5218
71266
71167
21491
16316
40667
49815
26402
75856
61876
15074
33168
13911
13434
24417
10356
28269
16308
20653
7337
2366
56456
21117
26100
55998
58214
39842
68430
6361
63394
72225
76626
67522
12293
43113
71598
72464
47306
77528
74895
9271
42357
13302
55988
48459
8308
48617
43024
30288
54304
29402
61679
8842
21257
61120
67727
71341
5670
26875
3463
76768
52014
16069
12160
30326
60149
8657
40999
35046
45156
67231
2070
68017
20749
39990
19630
45311
80202
64490
52699
77459
71870
8085
6148
29881
54075
72361
72274
48281
4629
69629
51923
77864
20560
79036
54795
60201
73801
38495
39177
8774
13532
37724
12841
44627
9015
5123
16445
57405
1989
28377
75082
51395
69923
45716
21472
44770
368
51246
78424
21415
26998
35294
57424
4771
77858
57953
75480
30176
51699
72639
69558
49862
66956
59332
23989
46970
61193
67215
63534
56249
53863
81964
78868
51106
617
51620
14974
42483
36975
49312
4873
73532
67938
60472
66796
36364
36035
48646
8383
16087
78624
72094
66430
39636
27154
51889
7580
32077
896
70888
3100
1724
21585
70286
69599
75194
14412
40383
11139
65293
71858
69749
44001
30980
25340
63717
66953
33050
43854
73294
36790
63101
40005
16383
59898
52011
57193
23406
68860
2935
43401
31811
68956
79868
21899
45163
59864
69212
44365
32269
19286
41054
17790
50750
56444
32121
2350
64187
14442
37430
79641
44437
63072
71784
50018
11823
58389
28509
22329
61015
44578
19187
11066
58002
14757
9092
2539
28045
77025
64865
73191
31765
41928
75057
43827
77504
43333
29871
26245
4227
8114
32382
70727
25604
76736
31721
67887
74762
62813
14106
46440
48231
57686
47632
12877
57733
68820
63342
54133
9554
37583
70680
39945
66327
15605
42598
51467
1679
20900
2767
37551
64295
61222
5611
8579
14286
35627
6772
34325
13903
79703
46590
63378
59315
12009
24549
17120
59789
47006
1346
51534
42840
51507
21146
60931
15226
55798
13191
45658
47189
67564
25789
58787
44604
73497
1719
33469
66831
74392
66447
21191
9128
58785
14702
51222
34146
10689
38825
15502
18593
40907
26953
44772
70197
73843
60333
34973
29244
51975
69999
45126
1904
56318
54743
70325
59892
13009
11700
16403
16813
9008
9517
24353
32047
1575
9748
33902
52795
51302
55742
79587
7158
77195
10338
19640
47316
37867
4253
467
20768
33312
47181
33615
10117
40020
62117
9686
9486
1543
72272
65170
38461
54737
13902
17235
40419
73134
15292
67579
19886
23135
47307
51916
60643
72896
46810
74524
78630
68582
57023
47669
13598
31763
23203
39757
60392
14470
75501
16693
12753
15002
2594
73234
12599
54315
70359
43942
65002
58215
10303
18135
49665
25674
7952
64304
36488
44632
72613
6295
49658
72324
77087
49001
59589
70797
67572
29590
25544
20657
52946
69331
44317
77214
72606
53875
36166
23655
42716
30570
32255
70890
3941
46583
73881
8824
47902
11966
38773
51752
74429
78507
70876
35448
41807
20282
7687
66514
38013
12621
20568
1475
48733
16985
78144
7056
62712
47505
80577
67119
74565
8606
24242
73927
32357
4061
69479
55225
59667
27922
79026
15313
44969
65478
17028
34982
35575
549
5877
67007
68739
41635
46243
4853
60233
74230
20589
9803
908
81531
71470
81708
19564
6380
22977
77143
6303
44780
64836
64165
61296
8120
19420
31397
41036
11315
39138
59197
57605
37854
75813
25781
80992
31496
24289
46736
79535
59891
10397
27518
41691
12766
41536
7446
34861
27540
60214
681
34954
21097
34605
71811
13774
34642
52456
24979
14121
22273
45264
54410
15604
33328
68505
37618
74115
37426
69593
77840
37034
69271
15191
39892
20505
5842
28727
39388
32968
70104
5137
73069
22834
61764
10594
14368
55787
42354
22877
4846
54525
23072
28661
60663
5974
75464
63543
35719
46476
7064
23338
45603
23258
68990
14070
47206
77715
48895
5036
16203
45358
3061
34547
49800
9779
81941
13234
21505
44576
65644
63793
23845
70156
61282
19621
64467
27500
39671
44603
3962
55755
47582
73303
15969
18697
51554
28371
69198
50915
81007
78527
44919
7501
51099
76307
81273
30384
25051
29487
2592
29815
56206
14909
18849
73223
2330
76217
38298
75952
45755
54555
26680
59145
81678
61466
27219
38865
54511
52590
6600
20415
49013
71189
80434
51428
30095
42264
38899
10992
53586
69348
32842
28205
46311
34925
35511
65088
13877
17229
75241
46963
72826
14367
32391
36202
62642
79605
67809
65178
61380
16816
6872
609
55210
37962
18141
11814
66027
30475
16840
56511
32009
26361
22390
54213
70402
18655
51519
74324
20449
10018
11122
181
57466
57102
48267
45395
12225
6490
58977
8083
55375
30322
64956
48580
53712
13349
61516
62521
14394
81001
50522
57118
24525
51571
37171
12080
80742
3763
9667
6716
32702
37312
46395
32532
40711
15068
20005
62730
52192
32426
34495
71119
56196
49297
64169
80357
68887
31717
59031
24409
3646
24449
73075
54762
39065
29361
22698
4192
78562
38130
38704
34768
40142
26483
52151
38261
54246
78695
20113
18012
36509
69649
68909
18540
57877
59555
80444
60950
69780
30208
1379
53938
61566
79896
1616
75680
67992
67721
52765
8392
71251
40318
65423
41270
3903
81843
5871
12464
66789
43614
10528
41274
25630
52441
32068
10907
24210
65337
81985
44907
55117
69037
22868
9606
22900
38409
44062
53476
53273
76009
10936
7551
12722
33650
2245
36989
26542
19719
28978
65450
54176
78117
70119
75798
57873
38030
50000
41014
46468
15869
33440
58574
56245
15061
9722
53506
52618
9572
56859
2893
53365
29954
47848
78380
2601
9535
76429
80991
4038
18106
69849
40991
69372
2962
54673
50184
45045
31085
22953
25387
68055
19252
6272
63340
64774
68026
599
56986
66908
26772
60853
69852
14252
4404
65206
9089
31874
30698
31236
537
30507
30115
37624
15487
4754
37356
25656
2208
56414
76171
70163
34539
79618
6554
47943
65368
7865
47136
66569
36930
17893
1849
17559
5191
39983
40316
55526
74878
41905
39080
49189
10197
5046
38599
32740
80865
61780
73385
81025
25077
68875
64309
34377
25541
864
37792
60311
30349
62019
72397
63929
77162
16605
2694
29318
18349
49415
8273
21743
3160
11212
62396
6512
30281
24078
44378
2837
73379
7712
34392
33826
71098
27194
8942
30191
41721
16742
71236
29391
67506
17623
12775
8092
23238
8318
21809
70503
28880
73387
74323
54023
79737
12255
41645
25108
61105
23142
45609
17194
78084
35127
24855
70711
43932
69109
31486
52472
41996
60991
61897
44175
24039
57096
9275
79634
15597
21073
47337
24047
13318
44779
17449
6436
70008
5291
27879
21033
17065
778
6896
73007
60616
31974
24356
65965
38395
19425
67456
30737
56657
40823
67631
58330
40128
55423
54537
68385
80097
63834
76588
14302
36939
44004
64507
49214
18671
16936
23430
36007
66159
38435
48264
5152
25403
68490
11986
52465
45243
62879
5139
70963
58790
79574
40785
48191
74558
49428
63800
60456
43922
81296
6631
64003
64518
38596
24454
46786
56257
62628
62444
50977
57909
19122
14791
50564
38872
31295
62132
40179
74029
70166
67826
53806
34272
12917
36422
13512
34278
80122
838
20834
14435
60264
17811
10241
67474
78128
64345
47958
78572
10064
65862
77294
66078
8143
45458
2156
16848
6266
62252
10582
70998
24684
53386
75662
64965
50849
56485
65590
11858
58100
28335
16597
37850
67618
37815
9424
25895
19731
77179
64609
74668
35437
37793
64335
80587
48124
53241
16096
16896
17140
14396
56356
15414
18092
6338
52421
4916
77762
18054
25273
10049
12534
4158
74823
76667
27870
29131
28038
1818
78599
52371
39406
63354
67967
3684
8290
12672
79593
61432
5756
66059
2915
56164
72262
40430
25011
30474
63858
80127
24622
64259
12786
53153
71644
17932
39293
25699
25283
24710
33874
4100
69477
41193
42830
17649
4618
43392
80018
56516
33956
81472
14755
49062
13672
24918
11500
10820
32433
38816
17075
9081
49374
73453
17953
65072
66829
74022
63871
31163
18558
69067
16233
30431
21029
3787
25381
13826
68586
40341
80785
49367
46072
16334
3346
62837
59960
9883
59757
4537
33122
37988
8353
39658
72307
50763
52867
45094
53219
15111
25417
19792
42577
20873
25439
78622
15760
16760
79973
5201
7850
13177
57865
48136
1045
33576
65051
59678
37305
54099
44801
2777
31733
57319
63336
50899
14652
10123
27932
59329
47443
4778
5439
14223
79537
46701
24775
41834
29195
3674
81551
75502
61762
47407
13768
69716
30331
79756
40339
19777
23525
4020
28105
71200
24301
39809
62483
27425
33535
50257
25937
81872
61266
58620
59184
24385
67508
81117
80882
1975
79182
41993
3039
1797
45049
50061
5494
72402
1655
16557
60452
80294
31776
80970
78808
37473
23079
62999
17683
30357
79511
61340
22942
42193
71415
38657
45192
47812
44518
74097
51022
22914
45649
5921
70140
7825
20353
7969
32716
72112
24018
29629
24493
29757
65632
45066
12944
10139
11998
73059
26637
19197
17251
72431
19335
77535
12761
49305
50041
8589
63277
77112
28217
51689
56215
58031
12628
79522
81398
81581
18258
31966
5339
41311
42522
21164
39447
65156
7346
56946
81622
56047
50878
41564
46722
11161
79071
44274
62445
7653
9546
72138
77420
42678
367
27556
19909
41554
62546
15854
70704
46646
24127
8874
48847
65503
50667
50195
55169
52530
81920
79356
34881
13627
44798
79600
24376
15686
47881
20094
48950
16216
66099
27443
54936
329
53703
77499
49790
23536
3876
46363
23054
7710
39554
79565
37163
67954
68892
46743
13235
3744
73211
47410
39481
52322
12739
2432
40467
13317
76714
62488
3272
25207
74347
67453
35198
30735
34307
54020
10062
76635
73992
26754
76402
32721
66010
343
32598
18858
54440
11931
54012
2826
31283
16294
28026
71826
43470
76565
61411
53407
11448
66121
37613
64413
71120
38998
7813
12443
54842
74716
50548
45551
1707
48036
58672
74489
77148
79011
29014
59851
49832
53265
23854
31882
80130
4978
7731
62870
22857
4010
33266
22604
14345
28800
78814
35076
67945
11907
75691
26828
6066
54357
74885
47380
46621
71370
58184
50770
37153
61441
65298
67056
66885
572
12023
8154
4235
80818
57041
7842
47793
78715
35240
35299
6332
2176
66270
38765
66286
8247
33352
65706
66599
66559
17468
19249
37659
36780
77748
66306
1854
18743
35839
71131
68840
72497
78041
73397
55017
20933
45421
34687
59213
4051
10945
7451
31967
53519
16517
23821
69726
58633
69729
25095
55457
19941
75304
11397
24473
61377
28395
39175
73729
57689
66135
57204
67815
32008
10282
28645
81545
12295
55982
998
39728
17180
459
36630
38984
54895
38949
35958
22400
44374
34298
53474
60219
32291
54413
60468
30105
78094
4369
29888
60843
27764
53102
42884
42097
73575
25243
2086
71443
80285
26126
10120
7143
34391
50900
78453
73287
58951
54083
19717
2687
77849
28947
23718
66675
53462
38363
10791
5569
45745
15819
77818
8280
81084
7513
56745
72189
76562
56082
67547
12648
4570
46445
28501
81315
46522
69092
70414
80931
5380
10085
44719
9252
30202
36895
76919
38437
56464
40559
52993
26063
26965
80799
33998
22569
60506
80825
1440
78649
8084
37341
8123
77495
20709
18991
3726
8298
60905
69448
5375
59162
15133
66967
1313
13731
28098
41545
57263
43291
55750
52457
60090
39245
6315
11619
11598
57724
39013
13643
53922
11045
11813
41942
25972
78963
1950
10981
7146
39541
10041
3179
42924
35900
35567
16097
61996
64460
33600
70872
69311
66918
56984
6371
25829
26632
71384
50858
25027
37646
54125
44403
58415
71863
14228
56980
38550
28651
80143
5401
49945
29096
8534
42468
22387
33306
23032
43204
79633
65959
60625
69009
44416
68513
61351
34919
79772
14889
59912
35663
41412
46085
41136
78139
15947
8359
29058
40497
35504
33100
70150
10296
63393
58255
70912
7785
12730
55689
41267
7520
37246
64382
6428
4284
65808
55973
59102
70247
22924
2262
19774
53111
80690
4314
64559
31932
65846
4443
9143
31545
19019
77015
20758
28362
43987
52994
14377
29341
60354
11522
43283
30651
17507
54238
46375
1844
29279
60378
37074
81488
10657
21843
61638
48318
55897
67217
64557
12985
11567
39247
61041
79806
34504
13739
7193
63529
20637
45144
69132
50266
4548
43245
26254
52564
66806
23883
16726
5598
20029
69809
50473
76187
17392
44103
71775
51885
81028
32625
55658
72542
18208
81344
28690
57483
13999
9276
29053
49408
19545
18739
60940
12169
77924
61873
14878
7670
3285
34491
16932
38754
33108
2255
53765
10757
48726
34761
2868
23772
42327
32
53256
71147
69338
49319
25296
68280
26143
26197
17984
67924
5759
7928
60813
37981
40224
4405
3079
738
57123
47017
57541
34463
4432
60567
78465
54389
27016
46699
3797
27056
11549
26004
20308
21825
5465
22964
55564
15639
12487
32003
77289
1308
43526
55160
25019
6993
24269
36522
69489
41873
30028
69829
51260
65024
10262
32380
61470
68187
2587
67519
63230
28500
61252
43451
76948
50631
58405
54563
9266
45726
62326
71374
2787
23136
54163
33559
79019
69962
35262
46213
4656
43752
21827
4905
44513
51056
26190
18689
26296
44886
16623
56001
34743
15261
24560
21484
27745
26397
9465
8485
64751
18583
40037
78930
50451
52507
34324
46669
31440
41875
4796
45372
4510
14556
57811
35749
18500
28218
76947
49542
46919
28289
57226
77480
42910
7361
37740
59843
54080
66316
2179
69461
65336
66216
43411
15940
27856
37921
21270
25855
64389
79763
57325
57397
8389
12128
36451
69453
20570
2400
27070
23111
17276
15743
28662
7726
48418
45302
58175
27846
2304
13283
27849
956
32485
45151
37732
34969
80967
47936
24075
4226
27026
71172
61997
18006
14528
53634
33152
33719
14627
57889
29526
14247
70300
55867
6905
16065
54230
36997
25118
62726
79399
8021
48528
70235
30187
47126
9852
13208
69676
35631
28653
48428
70134
30049
26959
57508
51001
22548
45546
21850
64268
8596
13056
24768
18397
25962
23367
49250
37431
47778
16638
55015
47249
69242
53227
38520
61056
69554
65663
69318
72668
72761
56434
1636
1150
13386
65585
1357
60350
75107
39975
6302
57188
25348
14151
76218
19495
32318
60841
69756
2189
52911
29440
37521
41660
55670
70625
64014
23946
5361
59450
44880
55178
26151
5894
68873
60989
32600
28279
42655
76658
34226
37676
81751
25771
30707
62281
9736
49130
3359
74947
9824
73553
68063
25553
56881
41002
66646
36175
40799
43576
65036
49910
17458
24265
68272
72750
8648
48436
54196
53341
71393
78285
7994
5336
45453
41249
35352
72873
28056
55041
26383
68404
47569
66753
50845
14143
68277
66966
19837
80521
16440
79712
34290
7051
47900
74175
65445
10258
13609
16466
81887
70782
65015
48900
20966
34551
58519
32321
68148
27734
68066
68217
11114
2343
20499
26758
44090
2972
29174
68393
15336
50387
9508
9789
11624
34786
21660
9601
59220
7575
6137
28202
50603
21156
4685
74244
19737
57632
61240
65246
11094
27867
17992
37557
12475
5133
79378
65502
14457
1765
32155
52385
24807
67032
37506
49195
19064
8659
50391
64305
8937
29465
28094
66019
19787
7094
40071
7269
55581
40915
79425
71594
59150
4745
67000
33046
15770
20243
68549
61727
6437
20583
14019
35034
66428
46008
19999
7246
25004
55479
23556
5225
18810
37696
30765
68688
37294
37016
17749
34320
4649
32315
16571
35158
33213
12900
45582
71181
74388
36409
60773
46035
49288
3554
48009
4150
78701
51536
35966
52689
24749
23248
30868
14684
30726
3348
48583
20218
44590
31195
8129
34711
22726
31183
21383
6012
77683
39106
46497
11915
36638
25000
74448
3563
4554
62597
51857
31908
81345
36330
38673
23319
32979
55102
47231
68947
38943
42710
412
24616
53602
12587
9957
60414
37368
71302
26092
57168
8958
36154
33940
34222
35121
61391
27799
63926
23300
59930
17466
69133
63151
7982
77326
74501
73546
12996
66023
49674
3665
25976
22690
37381
41120
47089
48088
59772
57872
12638
64532
16694
11860
1286
52226
12121
37086
22304
68335
57448
75208
19457
6253
79590
4587
52635
26673
29478
5328
16189
25155
76122
26746
55216
47769
42006
33758
55763
75264
22886
68749
53918
51599
58561
9301
36586
27822
46728
66630
7356
58541
48133
58932
59080
80455
62527
22760
31554
77668
42377
37984
78703
38385
20667
27109
75420
28135
68355
67910
12916
38681
64919
35070
40561
40919
31978
25562
24650
22276
65103
73659
63691
12330
58478
64661
31010
15560
43086
16238
3853
16152
31028
68760
40638
57540
43703
71547
34061
3399
66102
10376
72474
19431
1895
6946
56008
29417
65407
45278
44230
1773
50128
80653
40894
12455
26623
23926
80056
60487
77321
41438
18668
12256
53375
74001
15263
38275
35321
12867
4577
47274
34080
6919
6992
57344
6532
65623
1827
23952
74340
79207
41244
8341
321
55859
67095
57822
39402
947
78395
81039
70771
64856
36987
78466
28830
65753
30203
10421
1396
44958
3977
79860
77775
73085
42269
35317
34217
3204
31293
42428
67017
9778
62892
13547
44303
55159
51913
64938
3353
29677
72490
11878
69400
19548
54338
65521
14296
75561
60287
51045
78277
44855
50874
32492
78075
25734
60158
33985
24503
24778
68802
32228
29938
21650
54403
19597
11711
44299
8349
17897
33740
14987
67189
43913
69136
50778
36847
74606
27724
22674
72620
55402
81961
38410
13895
64366
11601
2410
71943
22102
33265
38464
62751
28172
76773
59296
26493
66353
55826
26464
1709
1502
60169
51718
64576
50951
32628
37300
3031
17249
5625
65371
58736
30444
79100
712
41479
78680
2711
14784
26028
30962
7038
75215
2866
22260
22146
25651
41463
48868
80182
43668
2087
44745
29471
3545
81255
76743
1057
11388
68565
77518
40564
33433
70389
58148
66191
5256
44869
61475
1662
76071
43490
76660
64732
29242
18077
73856
29270
53146
10585
31502
80634
72643
65400
52402
64397
31905
65791
41726
23394
24369
51600
58850
17483
14848
20860
4108
19296
80103
22817
16864
39849
33067
48403
36623
3088
34132
49294
9777
33860
45185
53729
75340
20062
47476
21942
64068
67920
54276
28375
58199
66685
12781
52503
79647
77437
40516
58421
52519
65297
39722
40359
63190
34072
60723
65106
67837
52658
1564
60697
10170
4896
50008
28228
55302
39094
18183
39814
7136
987
5780
22375
65434
58009
16344
49712
70885
58524
54899
42617
1307
13970
78658
34085
5953
25046
22215
30994
47654
74539
73552
19643
34273
33856
5588
20077
57896
11658
21644
15535
11883
8550
3141
47678
30235
55298
77578
81836
16034
54849
17109
57617
12518
13082
63444
18423
6122
1883
17420
39708
33459
20921
39663
63432
74730
54371
60326
58567
10677
1192
12302
50917
11838
7542
77637
29600
23664
59099
503
25227
59383
28165
77414
81565
18179
75979
75186
48451
13790
31240
12966
74428
15719
44340
19196
62656
3657
47519
44558
11580
54031
28407
9649
68986
37509
17533
76855
759
27397
20035
70037
55723
11573
47790
61600
17333
47553
14280
51097
22064
75080
31818
63215
27292
50084
5698
32193
48829
43425
10610
42079
61964
6021
8109
38250
13210
70909
11427
31716
28914
14340
50808
49915
51761
30017
57511
81833
30478
42180
66786
36802
8136
22500
48553
27691
20180
57750
22530
33369
11425
67272
65733
23722
73609
76438
19534
53740
65614
6774
36025
47623
22644
76265
63098
42045
57547
43007
76462
80045
78742
36487
49598
76411
56127
20165
43429
20377
29380
41147
65669
43819
2638
7203
62931
22426
1824
16771
58767
70708
5177
21199
16315
18907
50681
5768
22393
25863
55448
78416
35695
58884
32870
72572
30133
42848
71866
2847
28970
34341
20472
24720
74438
59636
18409
49453
32405
37927
63843
52581
56541
36320
18074
77896
61981
58702
27782
10691
28129
71761
10047
9925
80957
736
18567
39135
36491
22766
42073
22652
31472
45237
66735
776
57720
4560
39576
81104
58534
42156
65608
14576
48534
50173
23355
45504
71717
43252
57569
37734
4202
27074
38878
42765
29558
19097
19526
73620
58582
58318
42916
75652
61831
40706
63408
27251
5250
42682
16171
47697
53192
34579
20092
3735
7419
44132
57186
36216
56071
37595
56992
47991
35854
36718
69357
11846
38493
1556
58863
11364
4529
74756
15495
21993
8005
16145
67107
45382
68010
11264
74376
5790
62960
52599
50807
31984
67468
62319
1960
27872
57161
60189
4501
64280
55185
5638
15810
14125
66155
56489
4095
74635
75752
62921
752
35089
22032
38781
41763
17138
50438
41417
48664
56515
78487
68911
61635
55073
63814
17015
35424
5967
48759
71045
76969
18887
65452
15696
49887
23517
39473
53902
18380
16304
52999
20723
12385
40285
34621
8896
10104
14775
14451
55182
51376
9406
79686
28792
21943
67922
27289
11060
80735
59074
19327
81248
48475
79672
51615
27657
67116
53800
73711
33918
56533
30771
79449
58972
12355
73144
6730
59042
45935
47947
39470
33793
53894
31913
77404
49358
57642
54539
37916
32914
51406
24901
55083
61023
16660
35711
81024
8955
57229
3464
68675
51906
64131
53494
80257
20905
77704
22285
42585
27426
24794
56519
25692
27965
73380
16448
35056
28323
34601
50422
31231
48949
65566
8195
7525
65629
46338
37985
53658
61637
3649
19373
67927
64578
65761
18221
35651
37266
64816
64977
48630
13025
31077
53432
48046
44248
68865
30162
77306
27974
60609
6542
71565
75574
53112
64824
25578
20595
33215
4015
45062
41076
38191
75454
33680
4976
74337
46063
64401
76372
68235
46156
45963
31087
5740
28741
66520
42951
74000
61685
37450
35964
34089
49982
76433
6890
20388
55005
33582
63899
29547
4079
72199
1169
12219
79939
66693
48537
33518
8643
80838
69116
69817
29401
79229
56303
57485
33691
77228
26980
63269
77271
2415
27319
76239
41674
41199
4889
67602
210
57678
43048
80720
34731
48506
10857
35590
47910
8995
33699
37518
20444
38541
64116
59566
19726
80890
58077
9264
42171
27334
55562
49480
33510
11540
69986
30063
10986
47060
68377
9877
74695
66254
11329
59538
29097
50020
45842
76542
19478
81778
74084
31000
16267
31259
11465
53335
15142
52097
1408
80269
66707
39157
78362
13189
81631
70223
71890
80493
44235
16088
25359
31639
18952
65251
64598
17238
76703
42457
79124
12147
60340
16220
30889
36910
29739
2521
71362
18364
72848
42363
42937
45910
41596
45606
36076
19612
79104
24347
13003
24311
8674
42335
66051
1757
72301
79960
21007
42514
27817
38242
80149
37238
62614
55752
34351
43500
13051
60103
77527
57527
78620
22904
48061
17997
52090
9947
50715
59714
7962
32545
46664
31617
1784
65275
57050
35940
26224
15324
17868
75339
13540
30542
3585
51783
51816
28511
80245
39056
72365
67670
56736
57316
29036
46909
59325
54609
65872
69324
10862
30273
7376
13748
21580
75987
24220
29433
35395
34924
37767
61311
13181
78291
62315
26543
59372
24396
1204
73747
80592
54871
66003
7262
35709
21288
26502
32360
51638
77662
31685
73206
16121
74852
41781
11182
9341
10995
80247
53865
24287
24519
77425
33968
57135
72770
70064
21512
45470
58668
25250
5849
51095
29963
17975
5412
2095
81508
403
27005
81742
53380
22864
55106
2287
46260
32011
18603
18683
29477
27357
47275
61161
65061
9675
36685
27830
19041
37934
30335
29768
50051
69547
47099
1249
51836
18327
14402
79797
29680
17690
14206
17739
23789
421
64690
35842
19811
81570
45904
64173
12561
77131
17592
10708
13950
6396
77722
43628
31578
54626
46777
10235
7857
80272
30416
28557
80341
69525
67489
42417
19865
8304
63464
81500
34283
35392
18461
30911
71803
52796
51545
50241
3257
4166
54231
72065
45777
17642
2807
32182
33022
56076
75123
50824
39605
9154
80441
5892
38994
59546
36092
60611
42635
23907
15588
64208
4200
39172
60650
15012
79132
41786
44877
51724
1994
6175
57089
58496
38889
7650
55057
17598
15572
46827
21439
31446
29382
55565
57311
17441
36356
12746
64926
18582
34000
427
15046
63175
17169
18834
4341
68004
17772
58556
9131
57177
30430
70583
68382
78631
61320
75004
538
21604
79010
50677
37147
55837
70233
81053
12662
35895
34976
49720
67491
27987
47743
32030
54730
9108
41086
78233
68188
26523
36937
5904
23161
73596
36059
36914
3518
25345
52622
7680
52884
62564
10073
10781
3233
37364
31924
62943
11856
51778
9437
30051
31647
15152
65131
16855
78332
18857
52643
12817
53286
78288
61883
1040
77474
65162
15293
40309
38766
44494
52380
67289
33264
23288
39029
8147
36741
54361
46252
51419
24708
2116
4558
23997
62186
26976
73722
30044
49676
4938
29307
65788
30144
12135
47417
57773
33749
71257
55732
73487
48250
5432
9613
11371
40155
2578
63051
65992
74552
40772
18709
33763
48388
65029
9527
22518
47544
23089
29911
9162
64861
39895
38144
63167
44258
2640
53363
10625
12263
56768
73592
30881
5087
42384
58579
56837
56789
2132
3578
57945
28825
50151
25131
50190
54414
9119
8428
80909
22892
56453
71360
13841
62684
44255
32260
46818
20134
41977
31003
51690
33845
65691
11526
72421
50612
8232
32098
46608
29505
69006
18376
46721
64670
76147
32668
13698
29718
40423
2613
76282
74735
19006
65903
76224
68939
63744
65082
43070
64324
57360
552
55783
4696
71739
52877
54946
47758
19515
31319
80306
74146
2744
68653
38725
3219
6020
40673
22573
56744
27535
7882
63308
14304
38116
27514
22559
3225
36513
36477
26534
47646
72857
49160
25037
12249
17831
45966
36263
11475
66040
60588
43560
39786
72937
8864
14653
12119
63467
76996
62050
17572
38046
32929
3987
75934
5899
27489
24606
44201
64648
63500
38927
3602
59980
72974
58278
31816
56715
9941
60184
4801
64638
6691
23168
25266
79187
5388
12590
23188
22037
77486
27004
6985
820
49120
51585
70253
35150
6724
19153
61704
78394
59651
73969
14661
76464
49384
38915
42060
65653
68400
5353
26774
50322
2547
66450
37170
36661
32761
51709
43028
59574
51334
13990
79365
15859
71020
29824
64200
65121
81857
63223
14733
24230
1394
10009
42328
59505
32555
2301
11237
61327
28780
36853
56298
3701
1791
21376
9073
74673
42782
20265
41859
52212
52837
46631
50361
79
48039
29309
35648
24632
24568
9746
4459
63058
11052
32766
24255
53037
45964
73429
67352
12574
17500
6226
36725
41371
34438
50837
46975
59907
38394
48996
4730
69582
30449
7155
68725
38839
24316
42761
35343
63953
59950
66132
62090
52957
41337
38361
4865
24866
48432
79054
17993
26777
60731
12179
2238
80879
33675
64727
79787
43359
59073
40600
32528
39066
80065
45524
63085
76383
62012
61230
78180
38890
11688
28251
48863
52768
61800
4830
63511
6145
18276
19509
37177
27449
67344
32347
21622
30856
48808
23327
38782
25644
27024
10492
41081
36439
26928
57915
61304
60683
2279
3948
23479
19684
11552
4744
7134
68032
31341
21173
19839
3571
80331
7827
43888
61423
78113
2705
30784
36151
56664
22026
54079
25066
3232
53014
64427
33689
21296
18436
32438
76572
73791
56290
38077
21104
23764
54179
31865
62095
35111
22310
35
10487
28091
14916
62285
64860
48199
59166
47786
71216
39659
14077
19412
29740
76256
75903
28905
65283
66347
62250
78825
18997
12205
43354
23715
12913
15034
57670
4210
45349
14894
35929
46612
65383
28
2933
51741
35436
57829
47670
3764
59905
62052
43089
61335
54227
50966
34749
72273
67561
55701
65540
23492
75136
9215
16394
21315
44468
20064
43035
11898
878
60816
26736
69784
58947
38025
30687
31155
14191
79969
31595
62069
21080
30461
81046
63622
43800
25837
15579
70529
80595
40028
41984
41237
23081
26860
40767
10843
67981
65513
70921
721
30023
47543
68456
37432
72304
43981
50589
44142
21664
65974
41973
48735
75943
10960
60956
12954
58275
34663
39947
45914
60815
47974
52477
61640
51780
26376
42929
8449
38620
76933
43480
74372
32680
21946
12231
16044
29070
61018
35183
27750
43876
30701
8408
14463
4028
3718
59867
37563
67393
36565
23523
54944
5138
43177
66384
50651
56651
46225
22572
20378
62141
7505
30442
73566
21446
23831
20846
30770
12523
14756
26341
22890
12201
50090
26591
12728
25816
21619
26585
46640
74550
32661
74675
37775
29437
39770
50642
25191
29765
11754
64758
46707
28940
11683
2795
38292
68970
7582
7660
80925
46817
58945
40478
36570
67360
69248
16501
20909
12717
72048
1411
16655
11023
67411
54598
59496
15446
36115
38278
12436
79906
13411
55886
39026
40145
32523
23514
54617
15660
23653
22893
1438
42507
31939
15267
17924
56041
16275
41106
6958
68542
1643
5857
70929
42346
80765
5977
9024
50780
41297
5002
19636
67604
54166
67771
15544
32860
41591
65984
60787
35728
11977
4937
37785
76130
22708
52841
9895
4374
61508
25431
55638
7110
38911
15160
37750
22468
40964
20366
20019
61287
60865
74220
60409
60301
1162
68311
30928
33012
9371
44620
2127
55844
8782
67780
63202
35647
67446
68845
16826
66140
67972
70547
29803
18959
2288
25395
61026
76918
63809
53442
5158
1848
78955
51060
70031
22768
28301
81813
46037
73109
13078
42081
2947
66461
3172
38446
78501
13593
12483
17150
60888
51962
17304
11921
2148
42772
28924
66485
11512
41221
15542
27332
40959
25327
15738
54142
59729
79482
10767
51649
25469
38820
7048
21718
69354
7799
41055
23337
56935
19613
78788
47069
51050
62325
9181
39341
941
53572
4495
24069
11609
10812
56347
80666
28481
55066
74207
72701
46025
78933
21702
2439
36038
730
10534
28900
10514
43348
58264
40136
59290
32206
62666
22063
15649
44937
10136
23494
74178
52820
44075
47556
70287
53635
3214
45207
3251
48244
25106
64619
11301
59858
80217
49179
29585
6493
9999
75369
46538
26904
33899
56602
33057
29456
58776
30229
62853
80561
15316
3241
17906
57335
58410
14717
17757
811
19899
45032
67447
62372
14824
52280
51664
24805
61577
80383
49567
18865
28466
19052
18264
3059
71298
73917
15402
3472
51209
7972
79081
54109
14507
49865
41520
18667
47389
72106
11017
46545
63451
20578
6467
12614
53580
13650
17256
32927
27118
34645
31668
10152
48710
829
60059
51258
59288
61165
13682
31900
28420
57142
7910
5705
69603
16675
51495
39676
2615
40161
25442
58223
79153
33551
11505
63936
14205
72576
30703
61938
74079
62307
34818
49644
21014
76870
6673
72536
45561
39572
16499
16975
43141
68074
46783
47032
52171
60015
24563
16944
81185
742
10903
70673
42142
6000
62153
10618
21758
39567
27412
60039
70353
72129
55771
47725
32763
66036
51627
16752
52891
71750
81960
19721
41958
43187
41287
59054
11769
12402
31783
38544
71952
68833
58872
63128
60162
63193
74590
60520
25796
1201
34207
26348
76190
9331
40900
52645
66573
21536
70195
40259
79151
4760
32448
39148
73073
16489
60277
48696
1937
40521
47263
42855
20232
19982
24691
1676
5997
62415
66511
20591
53118
22114
55029
59081
4770
1447
64286
33456
7598
47400
34150
11532
58157
6823
31803
14312
44269
51591
57065
25899
59446
8887
13819
22173
59517
33877
2718
20739
35661
11269
15453
77814
45038
17901
47359
8808
51270
20438
13469
65961
23921
6412
32036
37752
50342
25012
56854
42459
30743
262
1873
27049
71461
51746
667
28478
39006
17674
48025
57545
43951
31431
50077
50185
30500
50599
25493
33284
43585
638
12926
308
20047
4922
61741
52259
11007
27458
4406
49051
67895
74509
40197
44565
38333
49099
21555
34788
47683
71498
47942
46202
66125
28672
27701
53397
47992
26274
15846
63146
5793
27773
35487
46520
10665
56974
45540
70538
13479
42794
659
79499
27285
20328
41753
34992
74522
80233
20650
63026
78618
21695
35167
28625
27855
42547
59814
58973
80078
39900
56689
33252
47387
78269
61901
55276
41446
42232
5473
68967
11870
70823
27435
57793
15885
13339
45407
77792
5522
27267
28650
47486
53946
6725
56615
1629
28955
34460
18374
62924
71665
71037
56297
10394
28429
60247
13884
72253
33338
2856
3050
5402
77220
43544
72341
74482
79851
77368
47970
3000
15632
29264
40081
34799
71953
47709
49550
40716
55019
20304
62972
23859
56186
13214
29371
56629
18492
57459
35173
4116
15351
7664
55721
12793
45158
33115
17896
35733
13628
75927
63141
31324
34472
37945
51530
78902
21697
9477
1030
40818
20994
10921
56324
55051
36739
76686
57410
33735
20843
59360
30145
39168
39581
62253
61396
75714
42186
494
41205
64074
22997
41994
46100
41320
42866
79407
46553
23208
70442
1230
53356
17550
59652
61201
47372
68767
42785
22081
58983
78188
35264
77627
61140
65457
51320
27714
17758
47237
75765
48563
79302
78672
64959
50142
61150
68927
164
31272
65779
30239
3526
13264
52650
2390
44638
79997
8270
19160
40187
74648
14765
14024
36106
66595
1673
20882
39834
42210
19694
19493
10477
19496
27532
13572
34125
33239
42055
39764
60693
239
55209
52105
32818
73447
23195
56291
35881
15498
9190
63730
59522
47891
44298
24841
68407
58893
58301
53085
71311
60399
30155
22195
62823
73702
48785
20885
2667
16413
49897
24137
30777
75536
39295
26600
13658
46978
40649
75490
27393
74503
41810
37671
38977
1349
54138
28525
41605
66528
8570
53390
20813
5520
73770
47369
66941
32505
81761
68009
55599
448
11770
36209
32352
63774
25343
22992
16398
35101
36534
19801
49555
79839
42200
49651
30779
94
22145
8767
1213
11000
77275
5018
33627
49913
43763
34481
74036
14693
66552
32111
26722
22491
50001
69869
4928
55960
32899
43749
15094
43382
1257
41171
48606
46519
23132
44572
28209
10218
40944
48271
76684
67051
11085
3643
15004
70861
44834
27975
44647
18643
69171
40330
81929
24988
47352
39530
17460
65317
7116
45400
46344
17605
41885
43195
52271
48737
8211
56831
37279
15312
13842
64941
7768
80175
14149
47199
39696
16925
644
37906
25157
38182
67428
6408
9299
57981
60875
53308
79517
9080
77941
18112
31631
49848
80199
34404
67478
70699
32675
73017
64453
79337
64698
72813
11261
77396
23574
32248
33151
48212
13921
45718
23382
5884
17711
49679
77629
30819
20296
3375
50026
191
7715
71814
81515
80049
78237
79748
22257
75099
11965
71205
79919
55591
4535
74809
52741
38751
14421
78670
22090
63553
48194
16976
70875
3420
31773
81621
37648
16887
42704
70193
16912
1367
19845
57266
55808
15425
81312
55312
79931
54973
53680
57274
38786
81077
75163
34829
34450
43306
33846
19674
20619
28145
16883
6842
16379
13718
60754
79568
15633
41906
45308
14668
43861
65593
58797
35923
59608
55661
41256
23609
50586
3920
64317
3200
79850
78759
58015
325
12644
54487
58384
29690
12073
79859
42896
25256
60992
57301
44451
35890
79542
12253
1015
60294
47672
62234
64767
24589
78202
35061
10802
30389
3651
35179
56340
1063
60112
7700
6987
29851
73813
52333
14097
68028
58116
44991
24975
71982
43846
29090
44688
48112
14623
35282
38226
73336
35390
9003
649
63862
17038
16001
65013
78274
59561
26614
36613
72265
39806
37786
77619
14310
916
26914
80699
47120
30716
15380
52537
75530
1420
41812
18155
2012
77981
41507
67041
14241
50307
76859
37488
38421
37707
77765
39643
6664
19079
12308
53909
5112
199
56611
21715
22440
67253
25614
20546
36305
9036
28434
29752
59225
4281
43632
47213
76929
58915
75027
33339
20128
27175
64140
77839
41006
3838
69774
50685
19884
14386
43741
16574
34671
20118
22450
63554
72360
66243
69738
14583
63697
81262
4675
52452
23615
75412
71620
45416
54396
18920
56470
5973
56011
46056
52450
27479
48856
12035
44859
6114
36278
49699
57303
45835
72353
60192
56109
43015
17053
37651
73817
70334
55939
697
16420
47688
20483
41710
21181
21134
46402
45215
75568
23781
42279
70204
64242
58380
12694
39431
7280
42695
22844
33203
37883
26070
18057
56727
28133
31678
6040
21611
52918
16763
57320
64601
27472
21271
32345
51295
57863
21302
36840
54881
37060
48098
56940
72235
23491
48100
44109
17789
20426
71377
55640
5778
23696
72538
40266
79655
75164
26864
81882
11502
70518
47357
23315
54717
4349
19341
39383
58228
29541
8902
22922
55615
42375
52860
68439
59776
45634
70098
41546
77169
8729
38814
80524
49023
68370
50216
81105
61061
81693
2802
32403
74138
13112
35314
71733
53663
14547
28190
67744
14011
44013
69189
54727
66617
25539
80348
40874
55618
26300
29893
19112
71698
2458
17037
15174
8932
11802
49507
28757
68061
56725
36981
68826
9834
39075
37468
63344
46824
3722
73186
23201
59052
39281
43246
77875
52698
73626
78024
3390
37504
53991
80009
77046
8987
74561
18917
64422
25966
31857
49050
8833
52068
77889
79515
30696
33634
74400
4698
17348
23705
12850
33076
32994
46146
28942
53075
26207
18304
77484
27889
24752
46022
28859
931
78229
23808
81623
71230
25589
20266
18773
15985
50815
35236
26368
55801
43134
79159
52258
5852
57626
44039
9713
4788
50906
56823
34053
69766
21548
66835
10824
75786
66044
26278
41581
17301
20458
23619
5421
71793
13345
4597
63422
11322
39543
33849
53620
70871
50239
26660
13591
40755
74287
51651
18085
81571
10772
74310
45786
57885
20487
67625
30804
45466
11306
22481
8045
52680
36607
44174
67227
32917
31570
32173
27666
65157
66694
24068
29386
75320
9170
28749
67839
26439
4136
22811
19267
6191
22499
52966
8167
22128
58860
1488
15085
14003
60038
17700
53637
15386
16994
34776
29392
23281
39121
55649
19755
26982
12685
11352
80304
15775
977
26427
29729
80855
75612
59009
73973
50940
81062
72887
43153
4197
61487
6095
11946
24361
25665
39193
62843
26182
16165
28602
16835
62547
37470
42959
45569
11741
30082
15790
35826
22728
43678
25777
76983
13248
6208
22047
63091
57935
44753
69917
52361
20991
7347
27569
21346
37462
9323
32277
12605
49279
44422
59662
53609
46506
23596
30347
51542
3435
71909
10951
5678
15730
8846
73350
45413
14150
59952
22610
54186
81407
76861
79252
22987
2765
41473
80665
7252
2764
51348
8052
32665
20101
38639
15268
28406
58402
44954
35871
62440
75984
36200
71488
43690
22429
35293
50372
12143
70664
30032
33914
62583
5898
74075
56095
20055
27470
33714
76886
42439
15424
14112
64523
65146
4987
33808
50317
14800
74948
58433
27884
19397
39415
35445
30009
33129
76213
40068
3330
59755
39318
70014
13172
11403
4523
45125
26471
72548
5745
26159
78152
36773
36965
48006
4358
46450
76093
60514
59433
40721
37453
59942
55504
440
15932
60442
70640
80240
34432
35901
28418
24240
10131
44663
33093
43547
63909
25996
81464
62167
46139
15370
50236
58341
14903
7968
37373
35638
3922
78178
32143
3591
34466
22181
7016
54532
45140
48822
61966
41033
44115
2310
9225
49224
14321
18467
39372
19645
58704
23971
41613
39793
36712
5189
78724
73285
46319
22616
51481
2736
29272
1036
56396
4397
73117
33300
7790
38288
60946
26867
35259
9921
25993
62075
19436
48609
63402
50848
2655
20335
51719
79372
56917
19570
36669
15703
2746
40110
3130
12101
51144
5525
69302
1712
6965
10179
975
75377
31914
19087
32139
46989
72885
76642
4984
16680
66256
56644
74554
62005
14818
36762
7318
53552
34372
35673
26276
18657
24031
2797
3167
29517
14745
39219
9468
63604
17159
47739
43570
76792
2500
54819
71358
26169
77096
35211
40212
8667
11969
41648
67854
10411
8971
78476
73845
42353
35683
47041
37179
57797
48221
38355
69497
44696
43295
7286
35802
51645
19919
10609
18044
56033
36405
45704
66215
40355
21309
39137
20418
77546
47528
28841
75456
3094
32963
77564
8180
63487
56793
20930
30592
4882
52704
29103
22955
6619
70703
68805
52802
58466
58982
8963
4416
6435
11163
4915
62048
7552
291
54469
924
76244
14350
21904
36647
49763
34725
43715
44525
69584
13429
44607
74636
55202
55233
50207
32976
8218
36499
62226
66860
24005
81124
7758
8889
63840
7997
24635
27276
3907
67803
79212
9573
10894
19852
71710
22854
23740
44504
31834
2109
37875
61265
18825
33378
24401
64998
48922
81684
57588
69022
24799
68255
69040
44789
41398
39025
8228
32072
69251
36756
51846
68116
77119
39590
48834
7142
56167
32450
79174
35011
31054
46832
14082
67589
3633
38097
72062
58132
60515
39959
68041
35328
47298
1953
57901
31802
67593
1433
45982
56267
14369
45736
7303
70466
48472
54951
29446
36556
40377
68168
19819
59019
41278
11357
55690
74732
45437
57108
75631
49409
60121
10794
1318
6415
15298
28763
13665
73097
16487
78439
8251
42121
51179
38652
53623
14874
4167
34431
34260
10149
56506
33799
39747
50532
35284
25092
44242
8070
7272
39347
14847
25221
29183
31888
65257
47051
32374
43408
43658
8525
56958
2716
57708
10203
41678
33488
56177
81797
49613
81716
14769
55984
332
604
40213
9520
33478
76799
26821
45341
52240
71678
64151
25373
17099
80685
50430
26477
28259
41918
12654
58340
168
75175
19388
81968
29353
23565
34181
32177
4366
22663
818
33493
61081
3896
75296
41185
75742
22622
32086
66613
19172
75522
53069
31266
42
38730
6478
33446
7689
17662
26331
17718
37586
42137
8326
1785
4450
8386
49039
61973
2626
51361
24748
30207
67410
15201
72193
23878
8377
6708
55531
2064
38650
24938
10515
77949
35780
27063
67336
13993
20976
4344
70738
21247
41705
2874
39017
62275
16917
65745
12658
69641
33607
23627
62193
11644
39650
43837
70799
2730
39626
49155
13781
75875
51497
80810
27743
11673
25290
47931
34480
80620
72831
36246
29115
24147
43945
78812
21957
42222
30516
2995
1888
59463
56567
41727
80528
1938
46136
65921
53329
15828
76606
18050
13116
48489
21582
52261
64512
62739
10318
48288
68824
72724
22553
69845
23837
64270
61456
42491
52906
45116
5442
20917
50926
81525
6046
65679
8754
40479
9444
30175
32791
50570
71449
25603
23802
31709
21028
9871
3336
56679
40941
46023
75239
76249
23484
36660
4357
70157
38344
79432
1573
6073
75231
36876
44020
44619
74161
65264
79509
30563
75919
42163
27584
62574
74698
43130
6549
58942
66655
4725
33713
43997
47831
48178
9234
62455
2313
42261
31383
36580
29920
11021
2093
70939
22253
33669
11869
79636
34867
25756
77876
19421
14476
47151
59576
69179
42715
39169
76275
50958
79663
68540
53849
55348
48966
3474
22805
41214
46372
76078
4707
5566
7242
72698
76395
42249
60218
59442
45848
12502
63743
10250
56069
2660
9712
52848
21462
58518
75357
21160
21128
72374
70610
69231
4302
13852
80942
77906
20950
52200
70481
40693
20850
9166
14220
76946
41061
54919
3982
76778
68917
54040
17878
19225
66871
70563
44485
53965
59024
22945
12283
64240
26803
11031
58470
7554
31658
27642
5858
35135
62929
71657
4087
54370
8529
40063
1690
73952
75290
50455
41695
67724
23416
76499
12199
28490
31613
49203
41326
39120
47326
43343
73685
28182
65722
30677
37128
37686
60343
10
60988
73724
47485
14624
48237
18796
3025
7249
24131
28119
30029
35614
20658
30860
23004
77334
2002
48181
14886
38746
13856
22007
51154
56103
60342
81283
13832
3263
19754
81303
18802
10501
14568
23094
37870
30112
39231
4838
57515
60861
78122
76595
40636
22974
32102
861
62660
61448
44540
78852
16783
65356
38587
60497
13033
20654
64777
28031
36681
81731
19076
16905
62473
19359
66293
57625
13164
44548
55765
3282
80676
16773
41367
62595
13959
40611
13754
35458
40170
59305
37236
41102
74913
46850
62534
4994
52520
74964
594
17311
53859
30541
45954
43642
21974
48325
23580
62347
7608
70804
14833
21391
31051
56406
41232
40450
38100
46430
74939
24513
46257
37636
81160
9985
42532
20945
59348
81218
62495
31029
80982
56238
26851
17491
69127
24118
25141
2583
72359
1002
39967
67087
60190
21407
18612
58096
70305
1291
81204
45063
24467
74843
15479
10555
4943
9399
53699
1984
8469
10834
59408
17926
62675
66142
5787
35634
41370
22620
18279
20628
44307
18342
33322
34268
20244
56310
5883
16335
8511
72288
43920
79583
55247
18729
22737
17919
54344
25171
16669
42021
35753
55958
49063
68104
22533
44742
14990
21024
30249
63783
9827
54090
29674
19543
15022
58314
19405
46770
44600
64105
19912
23163
5719
1021
34741
79627
396
24565
12853
18759
42174
39916
79427
36075
57067
26410
10192
9624
6424
2125
22345
14588
53414
70255
36194
12418
51605
16793
42899
46806
11994
73412
55520
60673
56749
17580
48314
66900
15054
32953
59583
21454
28762
33897
68109
22367
77265
25830
52785
53232
8436
8616
10745
13145
49838
21674
46112
59487
63247
53482
18223
27015
77253
6168
20689
37592
41389
17661
23423
18270
36416
41226
35830
45028
41424
26788
29795
10279
77018
14608
10541
61773
353
38176
41314
36277
39335
51632
53805
72296
30076
40972
39976
44070
64951
56374
9284
4287
78591
62761
64123
57458
42573
5107
60236
50726
73529
54420
15636
49196
70893
27857
21358
48930
15215
37045
10223
15803
41729
10645
29621
43592
57992
38253
24426
9979
38807
28373
69970
45084
25351
16526
24088
18704
61158
74041
41828
60081
26486
56535
1053
792
61301
27176
66995
52136
12565
4144
54043
36796
67425
36953
13528
14047
21970
69111
65772
27752
78750
21348
1982
50971
59588
58996
50428
76723
28079
7589
9594
63001
52828
39419
28283
25555
65747
51435
1341
24011
65510
10714
48767
7665
26428
78312
52753
25761
53137
14671
6942
36044
37094
23658
78146
68495
61009
7225
1945
55273
27620
27464
52180
1969
21329
60329
8757
80332
55306
50542
44829
20554
53546
11077
22473
49348
36427
22203
342
51806
37820
1931
69063
12066
13476
49775
79604
19255
54074
77280
43866
45647
26732
10232
47331
73755
63116
57492
26968
81278
28804
81669
18513
68701
40647
1504
25483
3035
67147
45518
61213
2569
24913
34145
45475
53389
42090
7622
57354
35582
11807
3976
30532
44988
27594
3212
42892
40034
21999
21136
29599
59626
28719
22963
35557
65310
78370
56278
40207
30780
950
16141
38454
62542
16324
31896
50700
57174
75302
73492
51491
22681
69652
55489
6629
33964
33423
46000
80420
33979
70095
14179
18905
48976
45133
74967
23192
7863
25128
56117
33733
9099
67984
620
32460
5144
65939
74661
79929
56273
10395
19218
81150
16347
81867
1335
19948
40258
57000
60381
63652
2713
39921
13808
65408
39306
21321
47334
49960
69253
2165
10052
77567
72318
52001
35112
16852
52975
49603
74187
6317
62723
32726
36672
60596
21176
63316
72444
11889
41837
54448
68581
21789
15979
51065
6263
70131
13652
64229
47268
53166
34912
16355
22069
41716
54904
60075
52039
61648
14475
74736
67166
32141
13293
68248
53049
62058
54514
66637
6658
33372
49498
41299
44710
32776
78129
31592
63578
15466
38736
48304
37571
11423
60327
15653
31359
20701
67647
13199
9455
77998
40656
22422
50551
43881
33768
67695
17715
78629
16576
11053
31329
45621
19907
67752
61930
70427
45961
37608
6345
48603
65391
80195
52216
14538
31725
9500
16703
70642
19313
33029
57151
66331
24484
30608
45708
10415
1328
17708
10265
43699
33658
57369
59773
79749
10659
27463
50028
59235
40352
50103
37859
19448
24090
57639
67542
58042
36493
75802
9885
76179
14499
47951
27629
3675
15280
74456
4632
29836
41089
17775
49306
22407
62079
53756
75278
18549
35799
18025
37239
11726
10867
12375
61499
36048
21917
57654
68530
16845
67652
13727
4467
60745
64717
13280
36258
77017
43895
61862
53511
62777
7970
72434
67157
65361
74383
22962
66761
18298
8200
4224
7460
40812
34027
24760
51375
31067
23403
60373
64912
76807
50304
66716
25246
22415
40390
68322
26604
23896
81732
10715
45800
60570
34213
31036
55337
16009
22361
75159
34798
31583
67063
58487
2896
58054
64985
52770
64350
17465
10964
5180
40178
3151
48118
66151
45694
66276
9695
3448
5965
72739
42148
31311
15238
49636
4711
16211
76868
78432
43724
17201
20491
26183
13135
9373
42574
65213
27598
56580
12580
20139
73880
11701
54328
71352
38095
49616
1277
42240
49717
41528
74711
21243
4768
76760
35994
5585
55910
49009
61290
10883
12457
21215
6104
2133
32417
41774
58273
31649
44288
15892
21772
14481
67099
18870
7174
27305
60873
19206
27886
34962
5533
3812
29773
28073
28580
26944
27905
32238
1699
52015
74216
33739
2828
65798
60967
17412
12430
81829
37555
43646
2376
13360
24108
67486
35518
1531
57283
40304
50566
20528
27037
8149
1123
56077
63273
20012
36502
51092
15433
22593
23688
28455
33625
27498
43672
4609
22933
40617
2650
22609
31824
12541
38783
4368
32131
9370
69120
77813
55149
26764
19555
16822
50610
26554
64808
73644
49112
28316
15858
5491
60957
52344
71926
47474
51282
43387
13640
65197
38824
24575
24214
4790
72688
13862
10188
41846
62857
38696
2334
72978
8655
30626
19744
57239
49581
70945
64898
44043
41965
76151
37218
25289
69850
9478
50351
74465
51883
48156
31868
78403
57500
29681
24580
53916
63019
52890
10293
9651
80395
1465
3155
69693
65727
33037
69162
5319
66818
27577
15246
69544
19234
50244
56474
30552
70457
46427
52305
46629
13065
80022
3770
12320
19911
59245
10017
81473
11654
80662
68206
11778
13810
55850
70573
6949
80866
61834
12649
23535
15564
62217
30296
4244
40833
33831
45446
53775
17081
17870
27433
42497
2535
12812
24026
53535
50136
20937
49783
41021
52374
63293
35813
28848
79398
27189
32311
14678
20363
10452
32341
6334
65863
6447
31396
66771
64567
52849
51844
64500
33229
8979
1598
53559
50272
60917
19742
62688
8788
65771
7282
35086
3092
79388
29468
81701
55140
81347
67369
33183
81907
44412
3298
19165
3616
15119
28654
49692
73000
77469
45872
46489
68721
2464
52096
12551
65860
24181
12528
74357
64220
63485
22263
49079
34383
69390
7240
6835
61008
27241
5511
10832
8435
67518
28930
14200
12133
13502
57085
25596
50121
27144
10346
71238
23809
9121
34311
68079
31563
3153
28008
32550
24894
26442
77819
41378
27232
36860
37656
32164
42732
77258
59351
32807
63975
1516
14709
6813
74741
27299
70121
62176
33865
30775
45315
76481
47595
77605
33394
61074
78134
9315
67134
45134
53672
30304
58653
19173
41755
23436
35496
23510
44842
45202
14226
22802
67686
52055
3381
51444
79435
63726
39441
36740
22587
13860
72171
33788
42835
79972
58827
29658
21799
25823
51966
26894
46220
317
10308
21753
41689
54066
60965
50735
56590
19333
43952
18111
76541
8740
49240
21422
78043
10579
78890
56155
66046
10870
22778
47845
6225
18288
3394
43372
12871
69980
74253
43235
34512
61173
8597
48520
23124
80416
4489
27984
31355
10161
51941
26546
23481
44971
63131
36125
59540
52275
20273
26177
71242
48973
12365
57703
22792
7801
45159
78352
53593
81372
77966
9763
15176
13706
22825
2531
7382
86
26649
65436
54005
46021
9569
10028
56388
21636
4482
69863
36832
70814
50708
50294
3430
32057
42371
5232
29265
81466
29211
8028
57388
32989
56113
6451
28408
11018
5211
58969
5815
855
48052
23775
20115
59133
46696
34300
66688
26017
55386
30938
10720
59803
52901
54294
69743
81567
48886
51995
13760
29293
31124
34595
51311
40859
78502
17192
27547
31700
49103
66858
31464
62104
25087
73732
26086
57927
76199
44906
70340
35302
57603
44260
27035
37890
79911
75182
27062
34013
32788
10031
51850
8189
134
72351
31012
66794
69721
31115
73475
38591
56722
17803
55111
38857
41460
8491
11076
64087
56362
54968
26576
51387
9342
46948
19957
56484
43058
46478
79927
70292
60850
33934
41498
64142
70056
40869
67704
7490
62335
51162
24567
19585
72044
71970
34713
26264
12906
25307
3779
28532
55695
56638
5237
15960
35502
61479
1807
10565
67785
223
16374
64833
11172
58441
27337
4610
2879
16392
74580
11614
17861
65685
71479
3923
63157
34486
17955
61717
76060
15473
54222
9033
28814
77311
34562
48030
32658
1100
73519
20559
40325
1416
79415
29323
53131
41900
36344
55271
21793
13865
56020
75586
33080
10989
65699
42666
7201
12727
30337
75405
55122
73777
35459
79547
15409
16714
44946
47177
66234
18186
61420
38840
19889
40435
51212
33566
25459
80475
69814
18506
2670
26518
65327
61937
67765
47586
33415
22132
72759
26455
62959
70802
53814
46890
48751
59342
30817
62540
383
40106
7919
10853
32608
2056
27324
4426
71333
80978
77095
35971
39229
79394
31880
14849
40847
6500
1667
61349
41154
16446
76720
5301
54318
19366
44846
66374
13329
33161
43660
45767
45668
1588
4208
58005
46161
26797
9350
46800
19558
53998
64109
36596
11784
81844
32891
10059
71718
55474
9210
23057
24386
35908
17134
42465
74613
37256
35050
57697
11047
14927
38316
70473
71276
46069
20428
64792
42342
15208
23153
22347
10101
80630
19657
44336
36366
69711
51482
23186
31794
45599
71749
27604
56717
77117
34694
49427
63705
56653
71494
30142
35228
57816
57850
29581
72719
40252
35540
80261
81636
38459
12737
14131
70618
33441
25803
27366
73006
54774
12107
44657
32646
43353
64845
74540
13338
81366
38397
77914
12260
26090
374
787
5920
43516
45672
22039
67994
39096
76066
5940
69800
20300
21887
72050
49532
73091
28061
77728
22583
41497
12083
34994
61689
29989
71992
33930
42643
20825
75697
71220
33016
66304
32565
32635
43907
22742
73871
6203
26509
54695
68497
4350
52630
64730
54955
76083
16544
12706
23590
74370
17914
2596
64457
21595
11798
4271
35479
18740
74689
26889
29472
20760
53514
17286
46792
61131
4025
56524
51170
543
18720
53931
34037
27399
62977
35255
72331
42735
63569
3839
22208
27672
32209
60002
29789
81143
11649
54713
13310
26236
41402
55893
46267
9413
30946
38759
81098
12931
32641
13933
43954
59192
70347
55318
80356
57014
75018
11282
67626
43977
43041
67196
47082
77916
72325
3689
53832
34200
29812
39422
55437
63994
19763
19027
63078
19424
53124
67417
5481
31503
58988
47751
15897
25563
4695
74093
42030
24428
60271
46658
68446
21767
58714
28343
55286
56028
15076
46292
79281
11561
6591
32089
71402
17118
20228
43780
52447
46119
38151
77205
27821
32618
66538
77433
49342
15750
35471
64936
4328
56558
12902
15086
27940
2636
40235
21392
42823
36312
54708
62860
80374
25034
57833
57846
58370
762
15106
48257
34781
59869
46998
45814
25611
16792
14969
73252
62525
57561
41628
56520
44331
44323
57660
64211
22706
32707
9773
70435
43652
51567
67898
6223
34046
27947
29973
45430
21499
45253
71410
69340
68132
72209
16472
17079
73345
18190
38972
63331
26988
49094
81969
9966
33789
5376
45825
57957
17832
16903
46581
39000
4211
17967
56091
67142
38482
26950
9660
152
22101
28836
5428
49463
46882
25369
51440
15995
46327
54524
68303
22641
48541
45687
10879
79142
50370
45347
16456
58087
65993
39974
22744
70191
67244
3772
26810
51675
43611
45146
30360
59711
40510
40738
36792
62828
43973
28869
14931
65038
50962
34098
43161
70278
573
33424
71286
70277
68340
66862
2517
23677
68899
4376
43149
3312
9063
49899
49434
33590
42159
25072
31994
8698
55043
1752
11586
41749
32542
67767
66052
34947
4461
14086
60539
28483
7808
65926
10713
72481
8459
37825
24926
14028
49269
37148
58092
7467
35847
28452
3934
10390
5387
58760
214
55931
55167
49040
44347
72963
67819
6561
12975
15275
46592
63097
74300
80345
11313
30763
18752
40400
71115
55355
12928
31331
11633
66175
64436
52354
7074
7197
18471
43211
56142
35428
53205
19043
14945
25923
63440
9510
25806
74862
43249
48625
47364
25671
316
12079
52987
51008
18482
61051
58149
17297
35931
75152
19323
21054
54353
33133
60600
75072
38905
77580
45773
39739
51363
29706
38323
28397
80210
5716
39926
80188
68556
8096
41649
44098
64905
16872
5443
54391
53197
37383
25879
52146
34610
9904
9310
42971
67258
72382
20902
67860
74408
36468
74256
36473
32327
6617
2321
80387
10345
60690
54843
32401
1780
59164
37605
37080
5619
18687
18782
21730
60257
39657
11950
11255
11462
14480
30584
56699
1298
63046
63228
75497
44185
20345
24636
74780
11248
80569
56108
64550
17726
33538
55922
60715
42925
15831
72520
51798
70111
57890
81483
2474
14725
17626
31045
51986
73363
48601
24820
33224
22312
74628
48255
18139
49522
71835
66777
68326
29626
5749
7698
53750
38958
50217
38161
4733
40982
14636
33314
53008
49611
15396
49875
42542
68601
35407
69105
5926
43079
3128
80158
69140
31204
2039
29356
43271
781
28068
36066
65739
41623
71473
57640
50444
62996
21707
58245
79352
67960
59879
78545
35276
20144
25985
2004
45290
27713
72190
30668
80042
58726
34703
7342
62517
69541
48624
53426
60028
65470
40140
13798
2386
9898
60644
35757
6649
59177
45099
71062
72587
3891
49442
28052
67025
73756
49812
35978
966
72454
36636
28544
81153
26714
46386
25409
50867
67328
1106
58546
24419
42407
16876
51430
65233
32622
13073
65856
49855
42516
48351
5077
66542
33606
3967
70422
21052
24985
58425
42115
74722
588
44874
71336
71190
32188
73832
52513
36497
25833
73426
71137
1733
1013
5118
2695
31303
65879
79837
831
51483
11035
212
2316
67736
48230
2888
24204
25683
32467
60041
40274
27960
65606
40233
6218
17211
5820
42802
47919
42901
65008
63155
20602
53690
33405
61575
76912
50401
50079
17009
27202
43817
54055
27506
50102
11265
9907
22807
62604
19178
72925
16722
28598
29021
4722
36256
961
15327
13491
34933
27051
51977
843
47748
31297
9682
49398
80111
55097
41934
71051
29224
2360
17524
29031
22665
15205
76057
50479
62557
56430
71087
70550
33495
49504
49694
29181
5222
61683
20042
9195
54380
44674
31064
23374
51989
14075
22588
25672
37379
56235
7218
10444
35543
64046
76883
8884
27590
54461
40055
37697
80883
20514
51516
78937
80553
7846
29531
38556
70527
31373
45176
72115
32747
77250
46688
5947
77880
51996
42968
76004
51053
30615
74168
53280
26422
12093
23798
48163
29105
26790
24642
52932
28107
55012
49990
39377
81012
55369
43033
1998
74813
78778
62298
76443
63510
62223
14525
79869
19571
50409
68020
35549
27376
58617
48022
38068
29409
60765
5608
25709
55036
73764
19519
70731
68119
47145
26784
29377
78555
51289
57622
41773
14328
65893
17770
30704
58681
38642
27097
23411
49724
8715
1239
11714
66706
23600
25894
21765
5198
12099
75063
72075
12697
16803
43155
13685
18462
75506
24195
1078
81219
22581
13834
10600
29725
59425
33186
11379
30975
48878
60534
79707
60134
38403
35820
73309
41744
61750
23869
3755
28633
13228
59468
59003
69644
6817
35626
14520
21692
74787
58679
17266
50231
44289
78896
70648
1187
63040
77301
49031
21063
31172
55239
7563
20406
10574
27526
27791
2574
8465
64486
18315
53155
60199
13254
31192
73506
36142
67711
2404
69420
53790
44107
50744
81642
57426
19020
27040
57989
37995
17176
71516
74846
17495
80941
34359
29828
2030
65119
13575
50416
66337
37189
76504
44893
26682
42853
73272
71923
9705
21207
70214
7211
69223
4620
33139
66414
11339
54874
46032
7640
46842
46931
51547
23934
72284
52887
75594
9857
31537
61142
37938
53982
30491
71052
44805
75695
69329
79820
68364
16074
27613
52408
63563
46188
70853
18389
45763
37717
47383
48485
69899
16734
34557
15459
79812
49087
31698
5712
20609
31213
40513
17849
50501
39209
6518
68051
5263
71533
20471
39178
37559
40418
6881
75983
6766
70061
60465
28320
71980
35616
55172
7887
12064
24670
14641
16624
26214
34108
30312
68227
69613
44447
8560
9480
48959
5523
80789
5226
63456
40576
19213
1550
31249
68629
62741
34334
5913
29833
7102
5130
13746
23101
67935
67884
46108
4233
56760
81044
75906
73581
58836
28571
59736
9420
3610
72670
48410
56926
12634
20510
69682
39038
54927
54682
6793
21368
58156
56606
45893
26883
28671
79278
53159
30435
6279
16016
70607
6616
33357
81788
7215
77846
62484
68050
21209
15918
8402
7600
26049
6390
10531
45973
19182
23461
17540
16282
14465
9818
7105
62124
12344
62212
3593
7084
13221
69430
3114
1512
63906
41359
81388
9380
1455
29787
38962
54428
3385
13931
55920
13114
55985
20198
30274
41947
22959
38431
42300
30602
47723
32021
60232
53209
75362
4373
4822
6469
42747
24970
25317
48945
78212
63917
28677
51231
15352
53176
33218
34812
61185
22700
70795
45425
45363
71495
72270
70450
81988
18421
989
19923
66332
42123
71635
73557
2077
31527
25749
66167
66223
5806
8361
59207
37537
46899
22277
74651
17202
64891
35976
60262
28304
35675
16715
51955
34017
8999
68683
77186
71951
52737
53594
4060
73912
12329
14488
65850
73448
44028
18415
48146
56211
8638
6522
36083
61436
4544
56059
61552
57423
39767
15667
78983
14261
71070
23519
69074
71728
36270
29992
60480
52948
57293
77335
65949
66103
78302
29232
50885
38714
51414
68817
7003
16775
49233
69432
26819
12337
62499
72122
11485
51193
24660
49097
63763
21572
75222
63108
5452
15628
56222
27229
31108
50785
79792
39382
53820
41821
57576
40519
1717
38209
9581
80790
8863
67654
16360
71013
63639
28383
45529
30539
75870
61110
34843
50464
55674
77755
44673
53771
19014
16029
18700
67357
4289
39507
30174
37818
56285
56861
63161
13882
36878
60387
41603
69388
6851
49284
57247
40626
25817
66661
70023
59340
7890
9615
40675
2112
60703
67348
75925
3012
44584
55846
68321
80752
29750
23756
14170
4871
6889
29946
56549
64235
8762
30794
61405
50563
8750
27582
3527
1951
52094
18101
25180
7437
80051
62829
20690
67532
26601
28966
49169
7371
19121
2884
9631
3536
38109
71891
44123
30621
13275
2608
66400
66816
39649
80658
26657
71342
45992
64194
20956
5836
43761
17558
52710
66699
13659
20717
45074
15365
11441
55432
30165
19466
22220
5179
45284
44564
70108
75836
76523
37963
55181
32513
14941
78227
6510
22246
24186
79532
64332
77391
53204
42322
18172
52971
10082
40551
53348
12046
74826
81455
71353
33642
62395
5146
18984
53993
17814
55963
28581
15555
7532
52623
22123
19353
39726
1482
63985
5644
70084
32814
48443
57656
41265
45681
23
5760
46276
69381
18522
78252
30302
63646
34940
61847
17055
71197
64556
59795
19938
1088
46527
80537
57440
113
50398
29929
46378
49574
18937
6084
40315
45891
52606
28309
47538
72644
52746
60798
68299
52298
73026
58659
61828
63486
48059
17339
75142
54997
67241
61774
36152
76488
66582
35347
44821
48907
41876
56625
74520
61297
59014
22379
16384
3307
10014
67401
10470
21581
28243
39285
75638
69553
50801
58920
55329
12348
63257
44081
7573
71688
4295
71258
19438
23543
52856
41616
78571
70022
56783
79152
79829
52082
39171
74619
6455
81965
42016
19550
67308
41382
42395
46809
59116
274
76034
27497
76453
54820
6784
62262
78579
2482
38583
37577
34018
79061
58604
43465
55186
74144
17969
31052
36228
50945
2463
20725
65064
67298
7473
46420
19580
71790
11238
60339
15125
15181
36388
35798
11828
76750
56423
76893
57555
43757
15862
62795
23750
18440
71154
7012
66478
74920
27107
39610
16951
18947
30047
4003
72210
20480
10788
42997
45001
25718
69438
27404
73361
54504
29151
30934
21918
13391
8691
7896
20733
29648
14618
50591
45009
19651
18200
22839
62906
56649
6803
54800
35611
55468
41488
62094
43371
73939
4103
26108
77070
22459
7497
47459
51199
10286
79458
60764
57926
49016
68156
9389
17326
43397
1
30073
456
656
31137
25798
73033
11286
42258
32574
41894
10088
55064
20465
48150
73943
36597
71221
27217
60226
78608
81906
36653
35598
67265
21521
29020
27501
62080
74265
19704
69000
9590
48680
51071
76459
23278
12603
54964
65899
26057
28328
47495
74477
49726
40504
65641
40245
69087
65929
10704
40014
25889
15173
56044
58955
36692
41096
10634
1160
72375
59111
60050
33766
68575
18233
16479
81421
63894
65725
23728
18711
48423
66087
32588
15230
63282
13941
48718
35260
41568
67466
19624
39048
17785
36798
71079
11748
73833
7557
10581
3829
54149
15710
39858
74597
45498
16943
70138
63225
24516
14642
24019
69528
15437
60653
52290
80650
24482
75551
49172
51122
7182
27775
38140
31161
35767
38849
39098
18407
11761
39255
13635
49421
77005
27087
33347
62513
2987
15099
11663
43100
61106
20187
5027
48229
52399
50448
54788
11975
10670
19331
28597
33528
24327
33960
38870
18565
30557
39705
73196
12824
14445
11424
25946
13129
46379
78993
66063
9303
40470
74838
32748
55656
12493
66020
3724
81436
52810
67209
46335
37388
36198
76142