22097
36045
55918
391
57786
76827
56396
62489
62442
62212
53230
52656
77384
78978
23756
27845
75196
78452
62027
7119
30560
50813
58594
23143
35660
25559
73602
69454
70410
80807
52141
29808
30081
62224
69441
77992
67056
60581
14170
54415
31430
78062
60232
14245
54422
29562
33992
6362
79429
64181
52213
61118
65175
34283
6188
38110
30335
61373
64451
69588
76945
23987
21127
50354
18492
42282
19317
32043
71562
33461
80561
12226
54018
2899
13634
76740
14229
53075
26424
64984
19799
64021
13286
65139
54223
78869
69009
24685
13438
72759
23732
38555
28625
61687
51648
64759
65778
22883
40689
29472
60501
58399
66349
32495
53844
31945
22485
77710
45417
4140
52060
7342
775
78580
15330
60642
77926
55033
16863
39336
16321
33233
64948
18966
56209
57654
15186
26541
31749
69104
24851
1867
20924
246
75521
23444
77276
16076
4889
38439
66426
57835
10347
12683
81020
39606
8744
70790
25926
56451
15747
38685
34830
70194
17914
35335
11725
72150
21011
23466
25237
10940
53826
70119
76247
21483
29512
36269
56604
29951
20789
38569
69465
74055
39749
3209
72246
81272
56799
43790
71824
22658
73939
16010
45070
73065
71866
2273
52281
4805
32444
55175
434
74638
79646
27693
45949
49550
40698
46733
43161
76019
66178
44090
60947
22265
73595
35010
59174
56893
62460
21952
79220
81333
56993
56469
23353
28088
52360
74561
49112
21290
6528
52513
77789
69973
45036
5770
39157
26212
14145
52992
59618
23805
28150
54503
50501
30459
60135
48673
74679
50057
31230
38946
47354
32854
42579
26480
22542
25930
73461
5471
18290
80860
45038
67362
10617
11138
10593
67292
23424
42159
69637
47715
36918
36840
53929
71152
58349
27650
25297
27310
54672
60431
10474
54321
58906
48271
54273
65141
65190
717
67039
1654
75769
29718
40615
19644
24549
57379
78540
19764
80267
55240
53944
40701
81503
68998
25274
74144
20450
26927
43897
61327
48191
26568
630
31355
732
36679
44567
16677
14329
50541
73036
67139
73895
62927
80444
45360
31451
57031
44030
51390
21745
294
73429
69159
29882
12743
63707
12457
42733
69933
75061
60719
65953
76694
33792
15905
27562
66980
25679
55279
33465
71574
2468
9644
30758
76500
4017
75946
21154
40563
36631
20203
29875
56344
63133
80386
56430
20556
10480
63099
52169
60328
25023
63495
10062
62371
73671
44241
64832
35867
71214
56492
70853
78844
79608
56250
64627
45517
39303
22616
17884
69202
54525
14090
80843
40635
71347
35821
13644
32451
78001
4732
34951
18525
69151
74061
23127
80945
49220
51034
13144
36766
72030
78843
19090
24829
56397
70667
37966
15429
27874
30780
62204
55985
54042
26958
76188
74431
26807
32606
152
15437
50403
74871
40196
46427
54303
41173
53370
65252
78530
5474
7253
76008
42866
36775
58934
1573
37612
5849
42391
49624
37153
75420
52759
5963
30838
2292
55603
47499
65872
52010
41467
71613
78081
39626
65280
34397
5694
26103
24493
70138
63846
42814
67427
24990
24906
32436
53467
22220
45295
22840
75799
80746
69472
3309
55215
51763
68180
61760
30269
9021
35569
29781
73169
76221
18756
75289
21156
17684
72731
20340
37235
66628
77510
28218
32631
3631
3135
20761
4187
57093
14039
60608
52250
26450
78198
79113
39433
79555
54931
36821
34950
45758
15293
51228
72140
75904
6181
49268
70121
79257
74112
76802
13443
49026
47903
29033
12581
24782
71981
38197
69571
32275
76012
28592
60228
59194
71120
81530
58419
29621
39014
35007
58450
6399
64085
18306
889
45709
41937
26032
61356
43727
1005
79997
3933
3620
25420
44651
75756
52623
27922
72384
27326
66990
31636
38984
29067
51744
78617
38975
48158
12622
60042
38366
56599
45170
66562
57126
68876
40527
50364
81523
66351
13250
45843
66135
2574
78071
7785
19182
46080
69560
4296
43116
39663
77628
59593
5309
50336
42933
36049
50234
72244
6692
74323
72054
48782
3229
68107
41129
24451
80734
28080
67200
40929
37106
50482
27942
52453
25774
27143
39148
74810
77262
17388
13404
25600
70730
65359
3790
3311
17652
39851
36431
5726
28969
40683
46656
63294
42698
50986
68202
57897
35512
45326
22800
79660
73368
2333
42336
6244
47395
80217
72771
55671
75394
12295
6889
1012
28696
45974
59693
49809
36164
1943
70330
81420
58115
71978
71179
52352
57314
31937
46174
73350
47367
11801
1688
15320
64446
58023
34616
27084
20014
64126
1047
51525
4641
7057
33602
27177
56763
58379
77313
16151
6454
69880
15415
934
65460
62118
13279
59511
61096
74726
56170
66374
35859
12521
41971
57485
27256
2055
70105
80354
51808
56811
71051
48501
49255
15898
64308
79316
57936
60825
20286
33417
77424
62897
75575
81638
55029
13088
65096
54276
64790
28564
75206
72113
75464
32523
19472
27355
78127
1217
76195
10142
75530
72594
69143
33113
8924
34415
63337
36804
80832
17405
50621
30802
64221
79529
35973
49199
69001
14299
42101
26264
33183
17366
24085
52899
33489
35017
61974
32633
6195
41688
75863
41004
34630
24413
15729
64435
67484
60001
69032
6853
68676
54136
67356
29995
14159
47419
36418
1976
4273
15299
40456
2310
68343
60764
65833
4327
81009
40246
79301
80474
63758
80971
31228
45550
33574
31117
77655
27534
66751
16266
10660
18086
44750
24274
33873
8934
77478
19610
45249
30517
81663
50499
24531
81265
31227
54579
29617
6495
27304
76813
46796
75110
47856
54073
63606
45182
18392
79462
44307
52833
34849
72096
45226
33502
11640
54609
27201
4121
7972
72649
56332
4049
79244
29331
67659
30922
21467
81041
61768
71566
34880
17395
77845
38117
78232
5419
76844
35779
23585
56156
57415
42680
64463
36944
81370
73614
22004
61988
36144
55938
75070
71531
4373
18102
59912
78959
66183
25027
7746
1054
5660
24243
4385
23238
19334
40501
57993
19553
31300
62792
79951
43899
21250
53116
6817
80314
68801
17312
26543
57879
65132
61598
46435
73988
67204
36564
3402
4419
57311
56809
81765
58105
50377
78037
25581
66718
62302
72102
23011
49808
6045
16916
25747
16893
26786
10854
44343
16324
61371
22744
76936
68559
2087
10812
56537
71710
76310
12330
15983
79656
50673
22369
36581
42919
80636
19053
12840
8496
11540
45587
65712
2704
19359
9357
59021
51239
78157
23784
72682
44638
52880
48932
46878
9215
53943
19411
64966
74294
44968
38373
59212
75607
47088
23026
59494
42618
42972
33661
46133
23378
60987
30556
31581
52
68590
3255
1849
78067
49852
39138
68611
35694
78792
73578
37192
42469
79151
81016
29278
13177
51079
56877
73300
25606
66791
72612
80931
71728
71963
52701
67306
52687
42201
70992
23701
75729
54959
57883
79859
21385
46373
20344
47940
81748
42528
18196
29803
10028
22934
1274
67376
46159
54434
42099
10310
33135
44416
25607
24347
51432
59225
62681
57179
72636
59850
51262
67060
30989
45178
22427
69244
40281
16596
72557
8543
44626
37274
52398
60178
73921
62262
9883
67304
54588
17811
63306
16439
27281
64872
34032
30599
17066
50641
20889
58215
68609
40802
49459
81139
15882
80906
64611
72095
19494
55297
64382
72367
34446
63151
42877
76291
75087
61282
22928
73054
25407
70372
50167
53054
17195
42521
11774
886
36211
78640
35914
68352
13043
48463
72120
56424
3624
1435
40764
73452
23113
17798
25676
52659
40004
34461
76274
22131
77452
8722
20449
56652
5679
31880
70979
74298
52078
39947
11322
17583
50370
60462
6269
21431
38634
73178
19514
72433
72110
67664
7712
70365
8670
58003
62613
46689
39636
76373
75120
6931
17108
25480
25037
62042
16896
64945
60836
80927
69365
15180
36421
63115
33535
4546
41369
18312
33858
31649
40393
26162
1208
17540
68450
3841
44450
80481
64953
36782
3774
78663
71906
38029
73885
51143
2518
15035
20008
80272
79397
25372
52852
19821
32252
40364
51190
19115
28613
31676
59321
42553
40557
63957
19471
80092
46093
37844
45938
30959
64318
78443
18854
15244
53760
20287
21009
70157
407
15150
7201
59351
61418
56384
40587
1278
36195
63450
36600
29462
70184
38931
58618
66832
70816
76077
69951
80025
78293
51979
75524
11741
9220
238
67577
53917
56636
1767
78217
46032
43361
28274
49409
26789
52439
57984
7573
81055
65314
10527
52054
76126
29652
4312
71172
1765
59718
52294
3170
51789
37941
46124
62935
76592
77608
43108
79327
62123
73650
15603
79039
39909
63075
63357
38023
63776
15737
25167
42234
71742
16345
6204
53198
49229
37210
36595
3425
43825
70939
81462
26959
345
56036
17258
54640
60560
66315
42608
71435
43999
51323
16210
80140
66608
28994
66903
53499
16688
50247
65832
46381
48047
81158
72515
51575
77485
21591
26433
4106
44244
49562
36825
53907
75054
80372
16226
29239
69023
73539
49476
23998
20998
20376
81249
15954
31283
23219
5988
51481
29596
67564
42404
48818
32522
2622
18201
55511
24201
5804
54121
16204
39765
80000
61950
43366
70751
14081
3493
10635
67102
70543
38161
64115
53959
16524
36627
37441
1541
66800
50585
56157
4747
57297
415
31968
38049
37293
31029
79921
13953
20053
5461
16386
60499
45638
42007
69836
32050
7918
12612
14312
33689
57658
71669
19297
45802
32684
3680
2911
46767
75430
18203
53439
53342
11447
73692
26485
4265
52711
77345
20707
77990
4021
20160
17119
69269
20983
31345
5239
71506
19588
71883
25830
57686
68277
43944
75732
71387
64141
81424
30559
11459
37022
51546
61430
72432
64467
62695
64856
62884
70549
71301
32134
10586
73458
42051
41803
68936
49472
28932
29298
78973
72123
81046
50822
31780
78749
54261
76883
10756
52190
58332
69902
34749
57022
5856
28365
78417
59570
4833
68244
4718
6705
24513
23461
20474
50467
63515
29748
54141
22213
81492
29401
36933
20859
69573
11474
48447
20067
72723
65850
75834
78269
65196
1251
50493
39707
359
19241
61802
7890
58264
32726
50289
7963
5457
15112
48300
45593
42706
69053
18956
6565
77114
42631
8101
22629
13282
48309
23840
24399
6222
67321
4896
72621
1737
12886
33353
2163
14099
5494
57475
46097
12151
15554
75235
18018
44509
78483
35373
74979
68912
77087
74264
52946
22607
80425
71415
21359
23482
78610
17205
57117
12473
68210
11790
21420
66908
71478
48052
32878
42357
26660
77255
56256
78491
2874
71597
58694
78718
56513
73359
51779
15017
12173
43140
55836
4870
18222
73129
17415
77681
41699
41587
40712
23319
19915
63654
11551
4900
71513
11683
7692
57381
7088
49126
45496
60152
19930
10134
80476
39615
50707
38575
54401
75250
59920
57046
262
36207
62704
65992
64476
50552
61213
24376
74524
786
66706
37079
5793
4083
16743
53581
33620
281
40933
81851
69506
21313
11533
2120
62671
36251
11071
22579
73233
27837
44487
49783
28862
43859
38350
67192
3550
6822
77519
53143
34567
49952
39816
52680
66836
64454
80469
27525
7575
26906
19271
67237
57077
11965
81122
8902
53997
27887
22925
70190
37461
41508
39487
40908
41759
61450
29275
3750
31497
52180
34731
78879
61286
13466
28419
66099
64773
80741
75455
80319
53660
20389
9134
50807
41774
9822
22718
63129
10290
79973
6317
65903
59165
17192
7051
40835
38225
66575
59239
63172
5016
55250
79492
5914
77296
67191
75299
54866
25472
71856
59849
1527
17612
81718
72047
53006
8351
76638
74702
7873
38599
29687
55353
79541
78711
71081
78896
297
55688
22109
23990
54756
40090
6752
74138
1081
12588
28835
53506
18863
43871
79395
70912
67528
9941
51969
9495
17822
23836
16066
15526
27259
65448
56246
11139
74552
12646
12795
77795
51777
72353
40151
37984
49015
45271
354
78207
40450
28182
4633
81646
32723
10701
69971
41896
47816
31597
69173
7865
77219
28234
76508
697
42564
5384
33786
73618
8418
69660
39020
54301
49981
48593
15161
63142
30527
74841
62036
51248
74282
11979
47828
48316
75797
55223
71286
80957
61393
17959
37341
60553
43616
47469
36792
81803
71666
63163
51219
66220
60446
27047
52324
20702
45386
6600
19602
44980
48555
49792
64006
69981
24191
55932
16099
37708
36114
28627
24712
30260
73561
60018
6554
80387
62599
76259
57228
2784
61305
31137
78121
55871
37621
68498
29147
14755
55002
79980
73770
60220
47962
46451
74262
31391
17622
39068
79967
60366
80072
22709
79272
43285
49277
54944
53784
78031
78764
32033
10329
57655
33688
40368
48510
56546
25116
53753
56875
42185
46507
8189
26127
31099
68168
5808
33064
5597
77286
53071
13100
44524
978
32321
23532
53474
56082
34902
52355
46154
38474
59094
66185
30071
27618
62082
68972
66940
42632
23879
59407
15456
79029
12639
65057
11307
31273
32600
3600
73552
68600
52166
48630
59426
81797
24214
39366
60187
28247
64503
71765
71989
76664
67798
27
81166
35657
33372
73004
41670
42287
75637
14829
22025
45184
68686
70032
72443
15447
49041
21909
10067
73868
5164
75170
75382
16367
35632
17114
65336
60208
72410
57548
66670
75707
14602
11647
49123
80874
66477
3061
32859
61030
79508
68848
43819
55709
52417
78460
39672
8635
80575
79174
69224
72315
63882
64914
63907
79746
72170
41976
17031
39508
26501
1824
2325
33473
65100
48912
66112
27998
41049
69846
10100
40256
39681
77554
51591
27974
47222
71833
29769
65641
37713
67667
58951
51755
35402
62464
12901
17681
25054
32057
15255
48344
73913
16885
23492
36056
72356
53596
69458
76817
80515
10360
1675
71118
81875
11853
55773
59573
22701
57576
34774
50687
57025
37268
1468
8771
74835
492
32173
40998
53588
8917
58169
76831
27798
47132
3071
69729
71928
20809
15940
28284
66636
34761
62004
25754
67185
49024
68642
79919
24593
24245
53432
32408
42385
5736
21600
47400
773
11146
1259
5749
17949
67811
32924
52148
69113
72231
14580
21107
74775
51409
76803
54348
65462
49497
38153
56358
54873
11894
4455
5800
48468
54596
51015
58066
67496
36278
21559
20189
16972
25979
37753
31832
25282
56631
42414
52258
34205
81445
1513
4003
30026
13240
12268
68571
51597
34024
50097
33929
79856
40233
40840
24778
16623
50428
37311
58049
55380
56432
27075
11118
1659
24170
77803
27319
62868
80930
17249
50472
72824
32604
7498
37028
10898
25005
12779
20471
34665
40974
8167
35421
48274
70090
64151
64373
68564
37479
52615
42881
22524
73751
55567
61593
68911
60130
35546
77938
65222
1021
48579
20184
50454
22481
76787
29365
33478
32151
79925
70674
40091
69195
23766
54144
25277
19388
81831
14247
78861
73569
18422
37068
77023
69015
12512
44604
51291
26244
10008
20059
64783
41753
28071
81510
3645
71924
79359
38038
48802
41393
11643
2198
24818
70575
80075
59476
35786
81849
2756
1507
4764
53852
17346
7375
44136
38304
75542
54004
78476
70616
45509
67642
20212
9270
28033
30223
40774
41423
78694
67704
1095
23304
76655
5051
36540
51738
27552
79966
52851
81733
14383
28465
46679
35586
5584
4827
16695
64753
11713
11619
51602
39482
2351
60882
24357
80770
26683
77736
66778
39559
49440
57971
46956
66962
77340
44892
70796
27561
8159
80594
8299
36339
54014
59052
17343
65301
56181
81502
52963
31232
68665
15626
80424
14140
73419
37925
15563
16165
77371
12892
65214
48838
62393
57159
24161
52204
20969
75543
52982
73633
30998
67917
78223
22457
59301
22259
64750
8110
80134
3168
79651
6280
20660
17029
74753
66431
50191
24265
9807
63551
46919
35682
30672
7180
43797
4321
75929
48115
61608
56313
44352
9430
38143
69319
30795
72902
25585
40776
56887
74643
58915
54459
80394
72318
17069
6564
34694
73345
42437
11348
9627
6167
73074
45351
706
79416
79382
746
60559
64854
34558
38377
63418
27274
60759
17428
78369
59271
68389
34092
20692
68511
13263
28306
45994
59876
67967
5841
81180
78015
69337
78248
37836
1298
28807
11985
55128
51462
24956
75516
63579
63116
19596
42035
79159
26496
50134
6778
14379
10494
13097
50785
77043
60433
54513
69308
51891
33080
61028
26345
23692
41583
64067
9770
60962
73044
4841
40070
76443
11530
66995
23704
62551
21580
28491
78691
2103
77270
58681
6488
29844
43833
10542
17187
29961
38458
66768
61320
21798
45648
55828
78508
71722
64169
9378
21219
12597
66970
56056
45737
58389
73568
81453
47519
17609
76571
75229
28711
77915
60475
6452
64841
69370
53019
64827
4944
36446
24319
24524
26585
69101
47770
65859
21605
596
53840
7039
18887
46067
42891
5170
41021
40992
41288
11076
61429
57500
53306
72463
58865
76135
47102
13348
65257
78350
70864
25881
80897
1288
68945
64333
80851
33304
5284
34843
78515
49924
53176
8268
47584
52580
69483
42266
67342
81032
71753
34734
41707
22194
34651
74803
78774
50918
14285
56571
57929
17028
72177
76661
76088
77860
20828
23359
5562
65600
8949
52333
48636
58606
10444
70584
8488
54709
40305
80074
49721
37726
9687
41267
79834
37432
37560
31459
72838
71528
36219
77461
67844
44360
10274
8254
27984
72883
25417
14838
72099
11590
79165
2484
16279
56029
51915
17232
77714
30585
31544
650
79941
18614
68064
40011
54345
14788
2037
36967
17791
45851
21097
29805
53672
33114
21495
73706
53648
68545
38662
62731
59084
72540
30953
7316
65551
6112
40048
58441
12447
21489
45390
76318
62097
69630
45827
8332
56273
38756
24239
15386
46150
31653
54741
41449
67631
70964
28375
77143
48608
43971
30570
6744
50929
11100
42889
20297
47821
30904
70860
20312
17575
49824
38899
73588
57956
51922
55897
49898
74186
67092
18127
18082
22677
65010
46250
46007
28778
55503
77723
77778
78257
35032
22602
65687
64838
33007
51696
56761
63705
16217
41017
2097
29809
69999
9464
38564
25056
70891
9698
61736
35268
68251
76444
60961
71504
39121
9312
257
45778
40576
74955
39918
70069
12825
60929
39855
19325
63331
37172
55155
79286
7488
35081
42080
53529
39898
69942
77214
41410
49148
58422
2695
48034
53695
75441
10253
72716
49863
12762
24598
28397
11123
49363
47663
52011
47485
22061
75190
67536
25174
78788
19176
17813
59448
37390
16572
65657
41818
72735
74595
7089
17812
37869
80242
8093
56480
27202
64731
56189
60595
2788
4948
74377
18734
70569
22645
27482
49976
30449
72153
12771
38545
28870
15733
29543
10933
13652
8675
48823
58889
49018
37131
55072
52365
6161
52862
34582
73427
14632
13812
79571
35022
31931
44190
65727
6507
74792
30322
68510
79351
14586
71795
43993
57161
3155
78334
24551
15777
67756
58535
37246
37655
70026
50555
30064
15835
33517
36156
67944
49217
39360
44259
67922
43768
3203
56922
39467
38761
54312
61751
32005
32935
37332
25661
49373
29291
74355
14649
7664
66744
9699
24343
14916
6990
57728
81404
46884
8527
50910
23512
1677
24040
74073
5095
22728
44936
4972
72357
60921
13514
66472
69751
5523
66332
14005
17124
75715
21787
65957
68656
51284
66516
46200
78918
47295
2200
72876
10780
146
55666
73151
51733
35353
28735
69724
64580
8452
24911
40027
25251
13496
54441
57193
36508
81007
70778
53680
76685
69389
27183
9576
75485
24472
65274
45296
60617
17464
68124
46288
68103
38266
57916
69887
43959
37470
55904
2728
60716
41207
77738
70091
81575
58028
7702
3279
23656
17130
42494
55533
72201
70824
46495
60837
73199
76536
75533
16909
908
28552
67547
68981
57098
10453
32409
5690
39125
24871
40965
27216
3339
75111
26981
31573
5386
81392
32318
58584
65749
34548
64379
77638
54810
48236
74604
43472
5569
54835
15792
67738
66485
4235
13370
75972
35954
4496
19310
51923
43074
51568
73950
51956
35794
14973
50739
9182
57428
30093
78480
5066
11186
14262
40243
81919
31809
50701
3219
39133
31602
71180
10077
15217
70240
59439
68599
37589
78342
7888
7910
63237
34663
58195
74250
16031
19028
31502
80170
15082
41295
13735
2937
31868
5230
32265
45658
39405
32822
65402
29922
56827
25342
70692
36883
39621
24619
30175
42217
58313
22785
29440
18945
75164
70132
24725
66698
25768
6352
29936
42899
78828
26560
14819
61580
11326
946
9692
22940
80900
42949
76568
70450
61342
46012
11213
40489
17719
74966
15343
28879
5216
58421
11916
20588
36779
33855
27749
5012
6644
69139
28101
64736
2437
51582
26283
46635
2685
55010
70177
50717
80638
19003
1449
25974
47843
40354
78494
57546
21552
2705
53884
58034
12796
7531
7731
8459
9837
73990
41439
43450
9665
62749
54206
59415
75743
20460
21740
43678
24282
26657
72167
40991
21810
55747
64105
60652
35363
70996
14307
51081
28768
67620
11974
62992
51566
78150
8589
67332
53772
50279
80089
34529
48119
36035
38584
45236
45011
61208
47661
71601
77759
58853
17159
75775
45762
62503
36853
161
53820
9246
28103
37781
25183
22019
37177
26516
48538
68042
38147
21599
55386
50833
12159
47634
76893
47604
31205
73402
18317
72547
60318
66733
4457
12301
13288
67949
50226
35741
9924
33163
30851
66043
54896
51
57198
59155
1223
18169
39925
76953
66013
63784
51068
48893
42044
8984
79576
65988
72213
34988
19283
31684
62911
44998
52375
34145
49915
9482
73632
74939
18980
38670
46038
44712
78381
74161
9196
59524
42831
60573
67480
32768
44340
14059
40573
67052
71309
74342
77875
81426
5432
37184
5360
54350
76824
10044
13659
13047
70145
49432
35692
49529
24420
50023
25824
27136
67312
2603
22203
67516
1104
64176
11496
43664
11611
53166
9607
59669
61513
45885
25724
81109
66443
53858
75680
65817
67836
13988
41302
43207
55371
63541
6047
64779
59753
16470
5527
57987
4428
24654
67813
26443
68530
65572
22388
2352
30206
55595
62753
35487
17737
51590
65412
7736
79619
51518
26844
24578
15025
66911
65074
34920
23245
32276
81794
61787
81240
4194
13278
11794
15828
3446
80304
62058
36801
45327
65652
20678
72063
67108
8599
74091
33424
4608
72591
30845
72676
25651
70071
72529
75379
76663
19638
43578
74229
5681
48045
13892
75722
58045
52766
55887
70099
69388
49302
19736
64535
71358
25393
10268
19001
72926
53394
70490
62596
38190
75350
38924
60911
27251
2328
45694
59712
62620
69850
81119
43930
58757
48084
69592
76784
7982
46611
66506
38941
46325
47613
64393
64016
77404
19694
17533
64671
34980
60795
14893
44177
69915
7237
69781
73083
72571
59114
77961
63560
17442
76107
44624
72320
36058
44112
21029
18379
78936
57343
56143
31795
7070
3012
20323
27567
64473
64797
20873
47148
18713
58242
73411
47090
27210
63062
29674
18349
33398
26670
80647
60530
16504
19501
8772
37145
69085
43856
15995
6759
59008
14121
41648
14683
36651
50598
28834
64933
62479
16734
59090
37099
41696
26169
13387
68970
7833
33337
53288
66524
59358
7759
34552
59711
60364
19750
6005
16787
63618
42755
15770
24977
755
17467
56061
1741
30674
2161
34436
30182
50600
41894
41473
32651
9256
27862
68800
51704
21851
54466
43543
22414
15362
81205
53735
39510
10646
58675
40492
62199
51333
26139
62130
22330
39290
75913
42068
55969
49833
35307
11886
7737
80351
33923
62380
76917
65514
65993
64938
66660
49246
64687
47245
43908
54858
53869
19096
33776
29947
34787
75276
4671
18092
38417
65802
69331
72034
54653
22495
74394
22892
68307
8989
65604
49578
58677
57609
67072
10123
53521
56279
40860
62162
72848
35607
15591
55253
28362
70632
38804
61411
39386
9499
39404
17008
28389
40601
34718
9961
75609
43635
65858
59023
92
75661
75298
72923
71107
81814
39352
79563
73970
47214
35949
64174
79075
79465
58191
71270
7796
54633
41564
23002
55262
48179
61979
17360
72757
28854
19891
26491
11698
43535
49066
29035
18150
12320
2409
25497
66212
40649
17991
18122
13863
49698
81351
3778
11892
25817
70868
50116
44152
60026
58715
19975
8432
17934
77970
27629
47172
19672
31067
65701
51674
28015
9900
29691
74959
22745
25085
40865
77197
58644
81725
33707
35243
75645
1002
68236
10738
18649
37785
3964
25267
73531
72550
26462
60643
18610
79260
30914
43185
20991
13899
57769
47396
49418
37842
68737
69397
23125
63148
32539
47729
26642
31167
46401
863
7425
66945
65289
53220
28536
9631
20502
50514
79905
78397
13087
61696
28636
59150
24918
80745
16679
71694
9370
2978
73332
24275
81539
8197
10684
38016
55506
33331
46850
64093
4982
30350
47293
56421
63057
1091
62685
43552
72340
224
1566
2849
66283
72079
53988
32621
53514
28316
77024
28496
45332
12620
1252
10013
55829
64739
37422
74480
6404
37914
6883
70268
21145
33344
58145
72860
3330
59813
77216
35206
10046
11043
55758
60064
42682
6585
73250
3289
13241
47001
61221
59641
21036
9971
70247
55785
20501
21866
62770
33217
77155
62994
52420
14938
37203
74117
37367
34656
66644
33245
18233
23102
45613
67158
48519
31484
42098
44327
10327
1847
6921
14731
472
53458
464
32838
67734
10508
62404
81592
80942
57539
59634
80680
78987
44338
74384
77013
66147
1550
60385
36005
3689
21646
67636
1041
56215
62808
25271
7952
12864
22172
81482
34266
17560
63815
51005
39546
16859
9508
49970
11261
72014
46745
70340
40267
15395
78864
78008
67275
12024
26041
61516
67404
4663
45682
6369
66022
57401
16480
66478
22317
48885
19515
77378
26270
55909
6041
39230
1984
53080
39231
75136
68413
66618
23754
76442
60954
47858
68496
42486
55172
75368
24471
3193
70202
60104
5344
49485
53332
53617
60656
76144
13918
53930
56521
80570
61674
9489
45456
44174
65786
71826
30396
1008
79539
68699
79990
16918
63287
17713
28231
3462
43648
23795
25649
46140
66434
76636
3584
10206
28221
68422
61650
38997
2528
74213
35155
16929
15327
24318
73422
73435
71903
34247
67680
44185
962
61384
18926
36658
63353
10673
76438
27570
39346
60112
33779
11249
66828
13594
18445
26990
10942
75726
3739
33592
59403
14863
29766
34910
64887
36197
68400
51665
5518
3673
54805
46089
66936
17634
874
59355
41794
31668
62657
48151
73605
37620
3552
72502
16876
58052
18063
10477
80917
35864
36450
71108
38220
18435
78731
35956
68960
8554
24937
40505
10321
56180
36355
65905
81054
7884
29431
69211
78105
69994
28828
20589
21619
56822
63532
21978
54476
535
75560
32104
21069
80346
43083
64818
51773
77841
21115
69905
48819
72487
45686
60033
47648
31959
30888
66848
54076
38522
16131
34164
31582
19680
35197
74540
10162
43440
51149
454
48231
19041
63877
76365
72652
58661
56789
68834
41801
38037
55547
74717
35119
27506
51123
72605
56151
50448
701
15216
75305
35851
55981
45863
15480
44330
39096
17736
15974
64928
51905
75049
48969
22856
6055
53612
26076
30894
70836
1167
45105
69119
17727
55066
38960
68220
74582
22325
20536
16565
50944
42821
19179
23608
78348
53178
60817
73389
81071
69128
69814
53086
50736
78468
77128
26204
51534
62257
7162
56153
9467
5261
1886
5001
78261
71499
19946
80218
54519
50172
73226
2494
31245
77226
32645
38870
25242
20163
68381
42822
59995
11377
63928
24332
47624
56306
7639
62714
58771
37761
4557
80640
67563
26138
19671
16064
78182
76353
36127
78886
58370
79287
38860
77558
8222
24342
30751
58411
38767
33949
26124
33346
50019
46776
16532
66124
76397
26375
66261
57647
77484
25848
61656
5114
72600
69895
50237
36587
16379
23934
17757
23151
19812
14783
48013
25880
44377
63759
23552
80529
28679
21380
80122
29927
56106
60421
28606
37900
67698
45369
76506
50921
32942
62109
55540
12566
75401
36037
58819
6671
33763
76116
66033
58098
46910
45131
46857
70482
40735
79294
75660
21315
55095
42663
81118
36264
23080
46448
81902
62985
65735
9047
80705
34356
76601
26182
60654
15189
10878
12606
73263
17661
52437
58500
26527
29352
12202
75763
5900
75616
51395
38244
30478
31365
44965
60894
8138
65738
51454
41031
74065
1427
54880
1378
5626
3171
34290
33382
37353
62075
55408
36830
46571
17384
76
38281
42449
16657
78423
20411
5780
46753
6444
71334
65538
62139
13375
68091
36336
77900
78584
67100
29019
33788
79839
43922
8573
9164
28633
36174
19540
21134
8146
60712
73947
45124
40887
65012
32339
39550
46663
33272
71199
34743
59704
77035
14451
72468
31237
47488
45059
47066
56749
30357
72912
52308
19129
31226
50802
69965
81283
72671
70315
8184
12690
11355
66222
16016
68786
66086
23089
22850
9537
24007
32993
62289
22675
5252
65035
44538
18924
9534
30562
37828
74819
10169
63793
21371
56557
59977
49208
69545
65987
48695
59544
50662
54175
9757
70354
73217
662
41121
23294
35297
21935
49547
25903
65861
38352
58702
60939
38753
21341
22281
55290
23158
55304
29941
5314
22937
72943
41035
55646
13873
78873
45652
62742
57505
37909
77726
15406
15281
76465
40722
67652
57746
74659
40664
70146
18541
29648
15099
11901
30151
19368
29256
26921
45290
41492
62541
42958
18822
43694
80360
31842
46348
65299
66589
77649
45777
66978
34220
33314
77293
20439
10600
9660
9859
54695
15315
32235
25317
12289
17851
21685
77620
3511
47762
71135
6980
79829
62070
7244
27613
62239
26646
78359
33499
1907
66596
33324
50957
48352
79913
67420
51299
70574
75413
67371
76578
52800
74285
46068
42635
63977
22315
30278
81763
24747
52334
64548
17891
69181
34850
32574
8652
33630
14354
3884
63696
111
19841
14547
47874
34275
58181
7214
74006
10443
1321
72498
22249
57242
1601
67558
14098
18659
77516
7773
73246
18390
72145
1486
17273
56441
23815
58928
15326
31721
55820
72587
47567
24688
44215
37666
47836
53372
12917
72577
37656
13529
59816
33742
47964
56006
37671
80375
75955
41898
32984
47513
81188
44277
13551
1073
11294
26755
23257
65166
80813
45443
45398
3941
44898
47947
63408
7206
41034
49584
64231
15528
66928
3456
51992
72640
31056
6078
61010
74630
72992
12016
71505
53946
48410
67906
10412
71480
17643
78667
71583
56544
25225
18835
3355
22909
48217
42654
53239
27678
75724
6787
14552
68026
13588
72423
14230
17527
33126
53921
75821
13970
3646
4744
60265
76285
26405
43720
81856
35933
69111
74027
779
11710
42947
67005
7218
4395
70257
30949
29348
69300
58995
60288
1583
50967
34860
81602
25182
73290
11205
12544
75634
75467
27547
44498
10566
46766
35935
31263
53932
66406
81837
5438
6832
42261
14190
32086
1019
2000
74332
58801
74867
2515
65464
10999
62890
27915
68003
69937
40020
27917
42519
39948
9008
3123
61965
71658
57216
73822
78178
10093
62828
55954
70474
35246
4027
15709
15790
26818
20428
32911
41665
26276
71846
23412
81911
3853
64280
49234
73647
31732
12041
66370
23860
1388
80371
61624
47984
678
11674
80880
62272
55927
27021
57141
77072
75872
79045
37053
42952
72248
54365
13535
62143
79303
22468
11815
46563
44580
68322
22791
56984
42412
58276
19180
33442
66496
24999
36199
4965
13754
7128
22527
62582
68301
10728
72420
26829
74316
82
57595
14985
57357
70935
76172
37994
7473
28619
13018
54220
48457
18227
37856
31163
58158
10655
21451
49399
47139
69721
26910
40709
47684
78116
70954
37777
74793
66270
41657
80556
64124
51041
12179
1365
64250
41546
20804
96
16755
43132
18747
2914
14496
34598
68928
80367
28652
80175
63648
8876
62723
36181
36191
79044
37042
15683
22755
648
60796
5953
53326
70551
63407
61375
28162
63919
14811
73786
52590
45516
12959
16415
5790
60022
77439
51310
50295
4593
66291
44615
61299
71401
11550
73793
38123
24268
76730
79423
71875
74724
77686
81376
81063
71889
29614
29091
59060
11411
57263
45340
41912
65621
22351
56671
81680
29495
26588
27759
44941
26146
63105
64240
37852
72171
78294
74883
70115
19158
42540
61956
50080
10587
32218
28561
78410
34904
30916
1161
75331
36455
58465
68275
29891
23328
4618
14466
30042
2223
129
60951
47643
18704
63249
76977
36246
70321
38621
32846
59063
43022
36761
79817
79513
40905
56992
72324
75187
30161
54060
26176
80702
7698
4206
62110
6799
67546
45308
72525
79415
62823
45316
34063
80258
48884
8864
67581
11822
2342
79235
30497
10157
36977
36062
76121
28756
2590
64919
38112
60253
77201
35293
63003
54773
10302
51098
14662
11082
22463
2285
64766
19151
53835
66866
48922
71609
70896
25066
41827
71014
12584
35521
12738
26331
26590
31538
40790
6346
50056
76439
16450
76898
72782
18296
43100
11527
25997
54385
68549
2233
64851
9921
48817
24130
47779
11454
52803
3724
2547
54721
37922
37446
8752
18212
29826
2738
49773
38812
65086
50591
64461
18327
71803
65249
8219
34402
68674
59822
60964
35811
19461
62498
2080
61727
74045
62669
1356
11120
68095
60004
52109
31493
74794
45111
8874
74697
638
14617
27045
8319
27041
71342
9661
34437
14636
75100
22234
28511
13158
65220
33965
44576
19013
57737
77357
67707
48071
40868
34106
10986
52632
37630
1970
22965
56591
24087
14787
11696
66921
56350
45981
68431
55629
3134
65936
7981
59126
79515
67333
23582
29384
16793
1518
79634
6236
14869
26189
81583
26109
55490
31482
63089
20153
35983
34820
59436
60198
20098
79628
21228
48443
69881
34381
68979
39735
77786
40111
14724
25516
53756
66932
78657
20651
10880
41893
7484
64417
68987
77418
4467
68672
29135
51629
46579
58652
44422
69759
17434
76747
71057
21477
11838
20026
29117
70424
80990
38537
29484
30475
34020
37287
1241
36797
57822
30367
78451
43973
29028
7521
64406
45210
48690
11562
65695
54780
60405
14763
77664
70926
20631
55905
77420
70986
73545
73008
66466
38646
58119
3088
68671
6290
18177
54572
28526
26694
9810
61841
5514
56263
50122
8153
6069
74989
34544
6573
6476
5683
72814
68033
32296
71868
251
40715
15876
66564
39
51235
59095
18627
33238
18246
44295
10829
65541
1075
29968
49215
42614
56970
37718
46358
4353
41487
37295
73274
32781
12757
77364
76336
43089
34096
54971
30839
26695
68122
52503
30609
11548
21195
80649
54845
52787
22184
14066
68392
19639
67038
67350
73112
14995
20611
54953
33009
11944
65895
24048
63466
40632
35299
57555
1125
80150
79053
76429
42627
66
67024
74448
58840
6420
28790
78098
5578
62079
79102
39081
50679
25175
57941
65509
10788
2611
39221
1497
41184
81196
5388
68729
34801
34451
49320
6364
73317
49266
22086
18798
21965
49317
3833
60605
70507
41074
66025
69673
57512
8962
15471
27802
52037
6812
17983
70461
67958
45666
56731
26102
20545
32598
50124
62255
42450
42721
25698
2988
27448
17504
68843
26537
43532
11504
64869
21844
45076
74924
48041
74098
1392
33376
9236
49991
12075
75045
49704
54904
17497
15820
65306
46542
31530
39957
47365
76855
41137
62056
21141
23562
26581
52902
71685
47261
38737
20827
50386
61501
19047
72393
81231
68296
73584
66401
37512
16353
32260
574
33822
43887
2041
48985
79194
46949
8062
79229
81275
55111
8264
66096
47596
53781
2638
74650
38456
28717
73852
32364
24039
49765
6731
36229
2554
63246
5409
59124
5766
17707
58455
47044
10150
14023
58871
27546
67828
39969
56727
68869
13207
11014
20521
78205
49692
80435
37000
5412
65900
63481
59281
56141
3353
63525
78161
19025
25535
50176
19714
47034
33487
63013
19855
71409
6211
28181
33040
35545
78107
7765
77794
20908
41633
75749
45918
62267
20058
75172
13519
44069
27490
12051
28368
24771
45768
59937
49955
31008
73727
1720
60775
77047
270
19775
49725
31872
72307
27731
56070
35337
10085
80202
5032
40681
34227
32608
18651
66625
68795
12926
70644
69540
24650
23202
48460
31466
7361
78289
35125
7336
61558
9846
53769
80115
43786
55183
20911
56740
56608
44146
66387
17625
8693
1196
44782
68376
71391
47890
63154
12991
74825
80704
40811
125
70089
14011
70065
44506
61814
81147
56455
16652
27457
2334
2320
64034
1292
38325
14644
21077
19784
58363
564
9509
51790
67617
21897
16256
75871
35971
5566
26353
49367
74667
45526
9323
2301
28287
58756
80081
10236
75321
26172
3769
72024
76910
66195
26895
40384
15169
40853
73818
71936
32967
591
11122
14236
49128
5658
49641
12239
51817
41618
33054
70606
6389
38483
34686
61493
50273
23828
41068
49913
18767
531
7387
44080
2300
23432
74401
8910
16973
7044
46630
54863
15776
26292
39100
560
4962
44596
41745
70305
2278
8045
47619
13165
43331
27809
41983
38515
44585
42894
19492
35461
49838
10112
33865
14259
61830
72166
45227
10588
44074
42853
42825
69776
47005
63798
34935
79017
43750
40809
39644
70430
44484
77749
41664
50073
14071
17090
25398
8417
25351
70457
57585
32168
55454
37331
9262
81394
28804
1456
32962
57422
35100
38821
51603
61928
51920
9741
63070
35920
21715
11327
66051
4421
71203
643
17740
45937
65019
30288
18356
24145
73105
5753
65180
58665
32382
23401
28797
78808
60459
46524
77153
45689
2262
13360
53814
52739
53275
62412
81319
16886
13482
18686
7607
71446
61287
38652
65973
8970
57637
10614
74171
81025
1614
47785
54420
49031
34729
68780
60415
36498
48598
54511
26765
7052
34572
75493
49104
15859
45544
80758
3053
36467
43564
36372
48067
71094
31822
11108
61911
56498
35960
45001
63936
37382
13560
31818
16114
41157
50624
1788
22101
52910
10338
20466
72952
40775
14647
26192
20043
34312
3382
58478
49883
79270
79843
65357
7228
18936
28901
47899
7386
44828
11810
37013
60309
25425
47143
32788
38133
12642
29113
35527
13090
6767
67124
80102
58620
61326
50908
63706
44224
44959
27095
25359
76473
39938
55901
40098
1353
18180
20481
46036
70927
63371
43390
77771
5929
64341
46090
124
34295
69700
67752
43954
31551
30231
37454
13129
63575
50392
14962
31481
1308
6300
59050
44974
22167
19688
3836
56159
30213
78849
15549
34959
28585
77583
24291
26167
74911
8842
67989
11048
29711
71239
64388
70264
77775
76213
61630
7166
6200
34341
58013
68757
22162
32551
66242
52429
5092
49422
63589
24452
50042
47199
67513
21698
13894
70009
13620
28079
18577
64113
75692
8443
58633
47593
49171
25410
74747
3348
59948
4879
79526
27823
26488
11166
23254
73148
46485
80068
33220
67956
823
27595
55557
57275
7376
28709
3952
71295
45399
58967
49137
42692
834
5448
9099
69191
10369
70523
42839
41734
927
70367
20778
57587
70845
14541
71793
74516
36730
78594
10340
29515
45703
14952
32505
3868
11870
332
47977
62019
56323
4935
189
7196
68411
9590
68139
35969
20755
9179
59731
7518
45050
36138
73856
15090
80823
76337
71748
10765
50723
41950
72979
16834
71687
53737
35755
8503
44851
16307
12571
3098
4797
3317
26551
16711
55742
52720
51264
65174
13069
81834
28343
27657
55877
16026
62747
80126
77994
67252
69769
59026
44591
12138
47082
16742
62917
55370
54182
63903
48957
20881
22307
5742
47509
15285
16231
31475
51849
45200
41540
47285
38401
71532
58981
61896
18881
4116
20031
50855
22270
24664
70084
72798
78568
33813
10065
60731
23335
60059
22822
7935
79702
62592
24224
17800
26538
62018
29224
23132
62576
47272
48473
73028
51810
68570
22063
12650
60463
46908
50941
40192
57932
44396
19063
10091
18774
26826
77318
72409
14631
50505
80398
24250
44249
75689
72567
43767
44817
46831
36387
75454
48035
51754
21051
29074
32590
47790
32315
6567
77336
725
45053
5147
13687
66061
79924
7683
30018
59505
19707
193
79254
21693
26252
10977
18604
30533
77181
37608
70111
71626
11399
6668
26634
47753
64717
13175
63509
45844
68191
70643
6129
45654
74639
35548
65513
13934
81771
64528
18931
67907
40707
63301
2135
48807
46031
78882
59646
13561
2210
2954
35902
44043
67746
5371
80552
43172
19769
34670
34930
9330
26770
72828
32974
32641
15182
71682
62650
12148
44
27322
15633
30764
53442
45894
60895
26955
21666
62395
39687
36002
45475
1134
72994
46004
58322
9274
73958
9065
67662
71429
43405
27638
5196
25994
55991
10230
42810
46319
4549
32811
28171
63253
21724
42156
9608
58377
80093
71520
1477
7396
22498
49304
43219
46886
27242
8683
21659
81222
5657
48826
31085
1647
58046
13023
69182
79730
38206
32701
37
71460
45448
16819
12403
36547
67317
54188
4453
61025
39085
55050
61569
29663
66336
61045
14484
34609
4460
761
2776
62606
38491
8749
29610
76779
26422
6086
39834
9566
30940
75783
67448
50730
4854
11221
67142
18878
40327
66941
10176
56474
38098
54717
5729
79698
30318
22830
16949
26025
66560
50892
46244
14711
34503
23421
61183
8538
25669
9767
44592
35137
42121
46184
4794
32992
20710
67224
19485
15621
8673
79445
22060
13426
7674
10523
59178
64385
58524
26704
11156
63036
23474
20519
77501
66289
28978
78723
73373
70701
20614
57321
28546
17905
65110
46827
31034
50053
16452
79824
39311
76648
55530
32120
28468
60095
12001
24433
45121
51622
1014
44209
31956
48100
47180
8088
59315
13596
19199
9036
62368
14048
42753
17896
49522
13078
47536
54498
60677
76519
58309
12130
74969
32777
10351
40159
71159
36644
43124
48614
11202
48246
70711
2486
38433
48347
12745
19504
45018
40066
26864
17110
6477
56454
41859
15849
69076
39982
31720
12430
73649
70956
69878
80007
76383
74592
41769
18282
64518
5921
23175
11628
47115
45421
45409
13326
26309
54286
56750
372
71189
39878
56709
70223
5835
63929
54950
81752
73906
29975
28188
13522
5715
51088
33015
31200
78572
61881
71148
20927
7848
12751
50634
50344
13526
67319
58560
63659
3828
77215
47022
23955
13474
70624
24058
79713
59441
14258
20281
17972
19147
68861
14914
33848
76288
35647
65631
51165
65522
42207
70806
28140
21783
35091
29988
65046
68623
81807
77639
79186
20274
11230
37594
21509
67995
5039
52303
4196
47079
60263
55479
16673
7079
3951
34641
56201
21151
47985
46271
44550
45600
50887
59530
42510
6690
47761
60090
24944
9094
61404
39768
34152
21528
33611
53689
11663
18823
33802
53225
24067
36308
23090
60218
66893
37864
74192
66064
23943
8739
6252
76101
42078
42059
47209
20916
69802
43940
13012
64542
29378
16581
35875
28762
46649
1787
61023
41997
4193
78023
3906
54758
2816
67081
17363
37834
39706
16339
54790
36685
74345
21275
33794
17419
10874
54029
66804
11357
75813
6626
15273
27400
41722
33793
73284
31548
69432
78070
72295
57570
39507
30604
52286
1030
28077
59230
8831
18824
51042
79341
53726
19374
13784
45281
19711
66024
74830
4404
78471
54293
79025
18646
22735
13414
35167
56769
27178
20878
71002
59589
74909
40254
45720
30581
7588
22410
45946
61647
76873
75603
38310
12759
12897
30111
62511
31527
25530
48532
46707
9015
27813
10954
48654
51170
67230
69524
46073
15941
69094
5285
22772
74914
71330
68031
27374
10752
26747
62799
49861
35062
74255
45234
9014
41271
9212
52966
8781
10833
50878
66858
78966
67819
72450
8662
55109
24843
77096
63362
53350
33684
20383
60957
69856
78866
17023
62534
79484
50108
14446
18036
53097
17019
58510
14883
79523
7855
60708
43278
4849
15250
23273
9439
17018
22050
78673
71162
32081
18394
75877
14414
39809
60011
34678
54270
43272
75275
11832
41609
33033
30978
13365
9090
63199
49353
16966
72269
72133
35226
7887
78225
58071
47792
42812
2587
76673
38560
38530
13578
16138
14744
37063
49893
80252
28569
50874
49120
25716
40947
59939
5915
76414
26153
20228
77651
5748
9283
60727
80584
70593
43149
34305
18958
16024
58127
18624
33660
5870
17907
2059
24823
29137
51858
55090
67116
18054
64860
59416
24508
26631
10193
68853
59153
73212
42301
30648
20432
2824
4787
57785
29767
41319
2085
79752
61232
47094
64352
45192
38388
48420
46383
74876
12776
51722
75742
66587
64962
30864
60735
39197
73490
30236
35749
22446
20745
10960
727
41880
8258
59812
13996
1233
27289
45865
12523
39118
4361
24538
79939
45897
44231
75555
21457
7036
46414
65079
70537
16841
58793
71020
22692
49633
10855
35530
1238
78383
5334
48008
70128
40642
15153
11175
74937
76774
25972
25737
53892
1811
25777
51694
12121
60338
12696
9359
14403
28597
19480
59257
24669
36579
18136
35905
49189
25913
61184
35211
28383
32611
20106
20641
44122
28157
9818
77943
78914
25989
59751
40823
7781
68410
68482
22504
56774
51326
74738
52506
52467
18807
65823
41229
39169
26224
77232
77102
7825
66229
76613
64076
63260
65921
12697
44790
56918
64425
52574
72895
31645
10863
26738
9550
12384
4778
52641
14849
57625
8476
67214
58716
69285
60284
22142
10990
78685
32816
77433
52002
77865
12731
19920
80833
49755
65706
65447
72175
62948
7615
61237
9988
33203
72348
54011
15808
25591
11388
74611
63588
70801
8600
26334
23500
20406
29341
24517
34947
67525
30196
2797
30247
60474
56127
4745
43249
16645
46528
62850
39475
36529
23871
49014
66898
42118
39178
69888
48731
40103
62288
48130
74640
81048
16775
44066
7481
49775
29978
2858
2689
69418
5710
36425
40704
64261
34109
69874
34956
64059
4694
56870
77527
1423
2372
46966
53919
76868
35924
36817
18922
1950
43779
52192
36291
28410
43658
77280
17478
69838
14745
67857
58248
29705
42685
75129
25690
59016
62567
34192
46517
27197
37036
41780
43448
53830
23049
14498
80164
75286
38018
9920
60562
72322
54363
79183
68689
14362
1715
11234
19722
79135
47463
63266
43562
81711
16748
76488
61460
9263
53880
19233
20247
58600
5595
13967
18048
234
17773
40015
31787
43308
71489
62339
41366
30716
19992
300
62628
58879
39717
79048
6394
46691
48853
43483
25988
26827
27434
53571
4257
73634
11784
46339
1665
19353
64560
56854
8633
15113
56561
21858
46785
15184
80750
24820
4349
18722
45057
52241
62160
25797
17846
33098
59346
77090
58503
3737
19290
32074
53855
7013
66512
7099
49361
27776
26960
36517
26835
401
65476
8826
30749
13595
5083
68874
48738
17808
7270
61093
65496
53254
12508
35031
69024
56859
76897
81289
58449
52749
5665
53104
10203
75788
36038
50052
38187
73207
4998
49932
75966
1348
39204
4328
3019
1987
48281
47901
47445
1533
50151
62858
74840
27787
58293
42862
62537
44091
73040
12982
38703
65352
50001
39865
20495
68200
39383
79334
69712
73255
6827
42303
21060
65932
19224
59724
23722
6591
21772
64897
71313
42291
68819
37228
22126
33559
53662
28749
41197
64350
29907
20221
4326
66345
38249
69234
59383
15376
33092
41078
34765
12778
79475
3617
52611
20198
68009
69063
13925
53419
36288
70418
43258
40542
65431
8237
64219
22990
4414
78623
43255
41167
60182
2670
74893
32736
10546
22294
20838
79355
32674
41957
6039
24968
70400
55318
54747
48746
38499
9650
40303
81216
27348
23646
7337
64689
22512
33416
77966
77974
64193
13221
15055
73930
78226
17913
59853
73320
69339
68462
39188
66650
63736
7880
26413
50497
32097
77025
62348
42256
3541
45457
41868
57149
15196
3914
29800
57866
80333
5858
50578
14775
54147
55915
49238
4005
81884
54375
44654
22672
20306
57111
55150
35348
36742
12535
26841
72330
75387
39572
17097
70358
75650
41500
5006
52682
53362
44861
9763
7655
33261
47803
66876
36864
36649
80501
18597
76755
39963
54328
26881
52267
19230
69923
63438
12439
55680
23834
43409
79781
15926
18587
44220
12256
60872
42211
21262
16825
69598
70725
19573
17554
30856
40956
10787
39299
10223
78675
71470
79111
1631
51703
59832
32952
26478
30738
1410
48723
17828
3885
40503
56615
12809
44207
5144
22748
48793
61083
7510
47722
39653
29637
24679
71813
51961
6637
28503
59442
63752
52016
25545
13916
7219
22338
46468
18407
68238
12066
30628
25944
9862
4817
1995
40355
58575
38671
20485
52540
17229
64555
75538
29054
31904
10326
78243
51707
62989
64251
1316
53900
17044
22371
79214
49572
18009
8832
55118
45818
52771
57039
12161
72642
61343
52997
80048
27949
71585
14176
74960
34241
22176
62976
7717
11335
18429
36298
50625
4481
81519
17333
55020
23899
42599
1164
30279
44605
1798
36416
13889
70283
81052
24097
25713
29898
19072
16607
45144
78889
37004
27516
16315
69043
52737
64036
16550
74341
29126
62332
60430
17466
13082
8880
2354
52836
17590
68217
11267
9904
53450
71087
69189
62125
45588
43216
18549
10282
79497
58616
32789
48937
4148
13309
7021
35763
70004
31106
74918
35420
19157
72010
60472
16950
46253
39906
12664
76518
35732
35457
32883
49140
3889
18483
14069
41919
40408
4306
24625
40339
58569
2291
18387
3551
19544
77885
23108
77671
16042
62474
8314
29819
62966
67688
12737
62014
61901
17547
13052
65346
11224
40609
39330
23331
21662
38059
42473
29984
12836
42229
22898
56243
16780
783
77430
34334
1473
22036
66298
21056
63386
50881
73018
60721
51904
41543
25787
31012
65967
2190
50072
52391
35824
7506
44029
54704
2769
61857
72791
72374
42132
4538
7994
25103
31128
52093
2362
56292
53585
51807
30410
64831
25348
41007
10903
5642
75812
63486
79540
5148
67615
23825
45092
78562
62399
1
46141
66885
25437
6463
21639
6144
25640
70826
10509
38828
46310
68161
12511
52050
48479
39908
33293
2203
7815
61365
51180
39596
45748
14564
64054
25846
70213
9653
61255
15601
68457
39013
2499
28926
11313
10590
45343
25612
7186
28435
40780
63380
53557
45838
9950
1857
3158
77173
40433
65164
4366
35265
69553
27739
27344
5073
19789
19888
80510
18920
45621
28006
24860
75805
45136
23299
60610
65512
27901
64584
23864
24478
73640
66005
5885
30197
45860
78520
79976
63136
2512
19940
43421
76534
36935
70432
27765
28010
49800
23368
2876
43744
79987
12280
46931
6962
7313
10867
15576
30306
51421
65880
25941
56019
31330
26187
26241
51403
34200
80975
75628
44289
18240
16422
14875
75127
19878
63252
9695
78215
39423
71353
24563
66729
24056
16317
13706
55049
72214
61791
42772
60747
8622
20803
50563
81929
65583
36611
1898
65810
605
51304
58304
37600
53810
14107
53734
25845
68232
7571
43126
63219
22357
36873
31622
26596
59112
6869
53822
35339
30450
33766
60940
42537
10386
74188
55438
26674
35784
56423
12934
24297
46523
53235
72654
42249
64200
6468
42968
60063
62637
43301
27440
61508
38905
77851
71072
64924
7042
79405
71907
52100
19433
27467
39443
38149
7082
9848
47204
72173
1632
41356
6919
74723
76620
42141
13446
32422
31437
41691
44729
510
63870
66316
61573
1877
60509
8575
384
21162
11592
7080
56585
6327
5723
78829
21297
28880
10952
53337
4243
23810
64994
55715
14344
56073
78016
41620
64517
10434
77421
57842
9448
16464
81214
3391
171
40732
56720
29845
47359
24195
65595
42801
4398
5267
57354
56133
63916
35483
21667
75356
8547
69952
9226
57617
66626
40185
15525
11734
36813
81142
70349
48814
77468
12057
1337
57471
33001
71725
46173
101
41853
41399
75221
74411
68183
48536
34364
26811
64809
67891
27698
27800
20024
27161
56884
10608
63710
59933
25313
6629
68744
1738
31848
67298
30639
35317
20779
5992
2650
48260
33875
70739
55231
48078
6028
31253
31978
78391
16435
3603
48429
42131
64109
64636
15264
35492
38970
54159
30314
3248
22820
9751
24116
59076
55039
75255
56286
44180
22085
39696
33512
43499
66158
1115
54234
56702
80315
16773
24828
63280
41265
65427
35392
26015
54723
10712
11737
20948
36499
42723
40428
30514
66113
53030
47364
17216
79754
33046
38894
57164
65639
3284
42470
36194
31413
7565
34756
51606
53319
16360
73035
23506
15245
41361
55585
54460
18517
26684
38408
2842
77632
42434
8681
19742
65848
57053
81181
14133
31735
24632
24948
25151
26606
47897
24442
68811
6336
56846
43845
5361
52973
41064
32496
39451
30662
71219
8461
38785
64902
58282
23195
9568
4507
24492
66140
35535
7413
35000
32341
21629
70915
76594
53124
23056
4500
9450
30239
29725
37212
36124
24298
1558
30664
50160
61242
4863
36724
21214
75887
24672
26017
54504
57702
75839
40399
3106
26005
77328
43046
45082
30186
20930
51274
62941
23892
35800
39803
41876
16188
22659
80409
52731
25456
59843
5520
56680
41905
22139
60694
44685
19441
29903
18161
42277
77811
42597
81785
32238
52585
27120
53063
42780
78646
19178
42382
64976
46062
34702
18676
30451
51897
44946
8730
2269
6905
49996
22539
11196
11660
80607
23138
35601
15952
5961
58641
80489
20037
61440
24105
70908
77195
59457
9354
61253
73170
5975
40983
55700
75958
38129
50103
54518
53224
25527
53111
1894
14609
28352
80245
15465
38971
43012
39976
11383
80059
63431
43863
2231
34019
11847
19863
24877
61684
37919
58152
32565
63398
76968
44375
8980
17569
66900
73136
22257
71867
15815
77122
28446
39929
70085
7896
64508
800
63276
79678
72403
11278
5589
44021
54577
8909
59610
36203
52683
16182
21733
35608
29868
32524
52805
43383
38189
29146
37698
60299
43895
81254
4463
37315
30968
33590
48864
81699
41883
36129
43978
10515
53289
17010
63595
7625
72684
50690
40080
79201
27853
57454
46839
48374
34004
7555
38431
45953
55722
27937
57256
27092
58082
80286
68426
77165
80370
50395
711
65926
71090
41709
21021
36704
3343
34135
32210
35774
9325
66841
68533
4646
28815
50864
53154
46169
19170
13761
71922
28629
20431
49283
35623
17706
55381
307
8710
11992
61321
72039
56505
36047
13605
10285
64442
5939
32018
553
50142
33327
78512
72089
16085
58964
58055
15420
40440
23446
40261
40828
69040
61138
29212
24865
32813
63165
50326
27295
66565
30833
63643
5242
7877
39757
2414
81313
65773
61148
28955
17513
71839
69379
14856
30487
50205
29914
8958
69782
52343
30883
5608
23478
18474
38131
34526
24123
60245
43229
25931
24460
78894
1237
49585
13715
15176
22751
6896
56796
75922
20627
609
81855
7805
5999
79567
25876
28662
16997
17742
60278
41373
43415
14504
76720
24834
69810
42596
36606
19537
7261
56221
29485
49667
38076
65149
28064
58988
8714
20831
61094
7578
18334
10679
57218
33097
71427
25900
72272
81840
46230
57843
6721
23167
42022
50610
56689
8306
17763
38563
42312
46895
59128
58260
7263
5105
60121
12732
73240
62763
49088
16675
77078
49908
29261
25125
58635
67721
48266
58965
62150
27726
53865
57465
66160
22919
4582
24135
44904
56093
21972
76164
31952
54378
69237
56836
71589
10549
32020
18087
34285
54035
68339
80841
13477
21948
56352
10697
70905
53146
47991
29701
69734
17288
21245
63808
30465
71993
53629
51536
38276
10843
20598
26155
21265
71977
15062
74195
30507
65894
810
65000
46350
27575
80523
60386
61951
65815
30256
11066
34179
35256
30927
7138
25489
12240
6774
9582
33392
44652
71721
15947
55572
41336
78277
11827
78238
52462
72698
38170
64269
55761
336
29391
10622
38782
76705
55271
9293
72493
71443
315
30005
24646
48993
1775
10416
48367
64189
8597
67107
78142
65081
26971
6816
35042
3412
14254
67234
47373
76125
52858
35473
4503
11935
34869
11369
23216
64602
20235
12472
54562
25384
74223
75565
23819
30049
14111
22041
73159
62871
35874
13488
42364
18507
67771
79208
43964
42155
42252
6354
41276
27519
15546
23774
64715
21705
53564
6563
21518
67972
69310
73734
23666
62183
6312
62293
49535
64592
46504
81088
13550
50511
36552
39727
22393
52672
35474
54626
40927
3895
6353
23057
62091
2451
30980
41147
76547
25666
81327
60743
30811
71378
6092
30167
55723
60587
60419
63694
6605
59562
47650
81549
78435
36232
79378
20813
43093
14193
25068
62550
53834
32373
39994
80032
14923
56999
76152
10128
17402
37254
17248
40850
55001
7380
57232
43601
30817
65589
71425
50930
56063
48228
22635
36799
5437
39724
41217
37603
32390
8585
38092
78630
11922
61922
12485
8205
67982
10419
63658
60689
67780
12969
73309
60397
46110
38937
19988
76906
21958
22366
52311
49345
15673
18864
27602
32566
65383
1260
75123
9856
66414
75034
32187
28665
36551
19242
60089
15869
57392
76379
79370
59797
73294
57449
7548
75131
7659
50217
5324
13995
16318
8839
4340
19210
57801
32492
55347
68993
69201
67118
42843
16684
20111
43432
50153
13616
63763
37372
58605
14677
32284
18260
54070
59968
53134
17979
17753
56527
37169
12995
10693
58766
28941
47345
72328
46387
15693
3562
26780
49596
46644
45724
64643
6063
38086
29598
30952
68597
3785
776
44758
56216
40213
58553
35992
46991
49473
12278
34757
17868
26016
1158
2399
44267
51926
72266
6796
69449
5302
4242
78948
9560
15761
51825
37542
15844
63772
22657
22865
80985
70658
22145
41275
54424
4156
11408
67068
52662
62066
17241
12713
28403
837
57067
68110
75620
28281
51502
76435
54795
6547
53683
17484
16242
61937
31136
9525
9671
62522
47191
66363
67794
3242
13694
43321
74554
10886
23068
45878
47938
34042
4214
49785
37688
3469
43570
78240
6103
37484
12192
37521
47242
14073
3369
61485
43984
51157
4112
48283
31694
27894
70337
8817
74176
6610
33751
45757
48172
19731
1934
50696
20673
27377
25507
9905
7782
78004
8618
30144
78133
34316
3822
56696
11288
80497
57383
56552
77363
43458
32105
14094
9541
66988
41589
63425
76131
56240
45560
49030
45072
4836
65842
43376
17836
350
19425
59620
62065
22401
61866
63032
64661
19067
62158
47004
67465
79714
50538
58088
21173
8841
54128
49098
47578
75589
5981
44457
33910
28878
26298
42908
65393
36585
11649
14904
72989
76841
66079
76395
50379
44458
28161
57962
39582
31313
73989
64633
61169
7143
36107
64901
1145
56940
30297
12978
38837
60291
23354
6448
62788
74280
11214
45820
76428
61274
15007
15639
51074
74369
47518
1610
18388
47904
71801
16197
54050
50766
29745
51484
48942
41242
2008
37879
28320
1418
23022
23476
21201
6910
46973
40031
73271
4133
42713
5355
32805
25964
68044
53698
48215
4589
50649
46821
17626
39528
7307
896
66447
71097
28289
61097
49561
29421
24178
8021
20729
63906
64160
31028
23670
61574
79918
60632
52425
55941
45683
14523
42191
69344
62778
47357
26403
8718
47853
10454
65804
7864
76099
10909
14186
9535
30873
42589
65041
31859
62421
21941
10461
28043
39826
71678
35564
62634
45787
19848
20618
72691
42570
40014
12334
77866
60845
68702
6617
25187
18787
73120
76070
8406
40466
80447
58761
79142
31457
10383
59512
46760
28060
68292
37337
71365
79024
6763
19298
42397
16095
55309
13704
38383
32399
21285
23926
8899
45344
62429
75150
58774
32507
62268
39184
80707
8030
18764
69396
18401
10395
30683
81103
17520
14051
24739
46210
58622
55284
27671
14623
65333
76587
13794
5868
65127
32655
60804
66581
40508
16273
54055
70724
6379
72703
54849
56460
49803
18934
14425
2142
1591
13667
27836
45483
32192
4169
27934
14593
21229
52160
49848
57436
71743
37304
28568
31222
11033
74482
892
72867
77832
61052
50848
24769
50843
56386
15934
63941
52930
80797
29647
47069
60934
49574
62001
41458
73140
47950
77355
35225
33882
45912
7001
57806
8630
51943
77206
1748
73807
6740
162
34490
30068
19567
68754
61540
64677
5277
60146
35269
19148
74470
61380
15949
46601
72144
74462
17355
71701
47660
42867
23392
16449
59306
13086
79948
40434
21413
36892
24213
72070
8056
19622
77578
70028
32054
61239
12089
40289
47697
39567
61128
58822
73548
79531
27585
8277
27610
74076
38062
11771
31190
58069
42988
33178
58409
19701
33169
56374
49310
69580
1213
80716
68502
57875
6803
53531
50327
61388
12706
69072
24786
59972
49670
68893
80654
25153
9477
63046
3532
12657
1708
63627
8424
72506
39390
2434
22199
507
45437
79688
65486
33363
8687
62835
76179
3519
75600
54726
21885
40222
56046
36966
38718
26202
19525
10859
15586
7990
54489
3947
25160
49135
25219
3268
2263
51058
35898
71456
60776
49552
3714
71182
48960
26888
10918
59769
26087
48562
36708
22152
30248
12819
16299
67239
29009
210
13669
56001
5594
78170
22656
44062
30773
80536
39786
64301
47616
74455
51342
68950
51194
19021
63824
24449
46805
56196
53248
75096
17981
14034
18827
59467
49945
60773
21612
61154
81174
65466
35129
56971
12410
46628
7155
65129
16763
52209
18782
77489
58726
72414
12890
36936
37890
64288
47527
81428
21820
56366
23416
40177
41947
34640
46787
13316
21769
80396
35427
63653
20690
29163
76246
2617
21875
12672
37195
67877
58996
54742
76346
52705
15235
74359
6151
34360
60158
16295
24450
31660
45951
77409
55452
16617
10992
31753
31759
77491
6830
51308
41913
16291
68762
81568
33890
52830
39497
55772
4096
20361
28029
70176
71648
50340
8705
13269
19774
35770
17541
55491
34052
18310
31624
29181
21233
51878
21988
20851
57564
46826
62518
40550
12212
4757
48400
24969
62340
19655
74132
73625
78287
80690
52610
48727
61111
50974
80954
49276
68703
27927
75980
16191
49058
33526
23110
10262
36083
12704
24943
8470
36737
77545
74271
22743
23916
19873
20768
14338
67010
73529
62363
58340
11521
36409
76390
62667
51327
44661
32263
72628
30440
2894
9206
61535
77079
8386
38880
78725
17253
74309
6711
48790
67611
9640
8918
26913
60051
60355
67458
58348
27453
50187
68894
2659
30982
35944
51717
36667
62304
20001
15649
29470
21536
42154
38747
38235
50995
13932
17658
44320
25322
19938
72927
59338
7007
48830
34256
59656
43466
21365
9812
63459
77391
57115
45812
39045
51936
51182
62734
75700
67435
73397
74303
20172
46640
56580
55248
74272
29270
56909
18142
79670
37126
40552
39257
55040
37408
24985
2920
61659
5951
49467
74908
19254
8521
3031
61017
33341
35341
48434
69744
3801
33068
80283
62216
35283
14221
73556
43442
28354
43004
65006
36947
14458
67235
39602
62925
72637
78328
68479
33697
31055
30119
26223
10037
37885
1137
16453
15335
49393
18319
14517
80937
34201
15783
7688
36860
3755
9396
59242
79632
41183
28283
68230
69519
57632
29373
58859
44696
56024
21994
31284
44767
80109
12501
77021
18766
8215
9306
5060
68586
51375
67622
72369
15702
52719
47374
77569
67865
81348
49738
21185
1841
47271
9342
78601
79642
19394
26394
33213
1717
25471
21582
50769
56032
2384
62874
9704
47543
74465
46237
15513
62153
4724
47797
49227
76250
15966
55730
19809
76653
14980
25919
55444
40472
38264
14794
5478
65863
50755
46452
43636
4217
36382
65025
34834
34944
60346
30592
55696
2647
50210
33830
41719
79896
23071
64132
24032
23682
11170
24207
44686
2505
71953
32476
18647
59047
70638
74106
55504
26649
67869
59803
12491
9674
39286
14004
44365
3185
19831
27535
39063
22228
59663
16802
2610
54629
69844
72484
53633
79741
23266
5501
25620
69332
76093
16388
36003
40412
2751
61889
14015
36751
33237
28705
1201
28687
36463
72189
49075
31685
66534
29458
6540
55619
54241
24023
3609
61002
12201
62470
39272
77999
28819
43696
80042
72257
1407
32023
76510
1683
50635
73743
48205
28452
33357
13224
23345
81078
35833
25371
30013
42425
71735
12424
52821
54231
36546
61061
72922
41344
65225
3697
58920
41348
48765
67588
20511
61472
59666
43355
49008
46370
3700
61336
55973
33826
31402
77401
22623
41163
81653
54394
18359
33156
73019
3760
49817
48166
26862
65213
51983
24106
72218
26580
75595
10848
19402
5601
50033
2474
36524
774
200
32860
5725
9830
37222
40592
41890
80768
14335
19721
78190
42066
63969
42587
61038
36543
24810
58468
20794
56010
20
78957
22984
17000
20121
77592
48326
55764
65253
69562
33121
31743
22029
9652
29735
60450
21821
17432
79512
57229
28241
8828
299
21571
21328
56086
71479
49164
72275
77373
31520
37346
6437
15622
38105
28783
52696
49986
33105
77027
34486
16041
34739
74529
46105
9441
54295
54919
39006
41933
40120
74425
46927
75671
71036
72225
1808
61933
14291
3273
27393
57334
51635
8997
66318
32665
76052
33289
68817
52755
14765
10762
32072
71775
47117
12728
38168
65758
44501
58354
32225
70378
18314
16208
21442
53641
23545
25889
57604
47489
60495
4859
61594
45718
52279
214
18929
47339
57696
27621
24255
36491
58093
24263
67805
11598
22874
11428
37736
38412
11367
47798
33968
65925
22664
58972
5293
8941
18847
71160
68391
58074
20090
77765
44237
18193
20091
7403
9073
17559
8171
11005
77658
13709
32831
30412
22947
63485
26214
25996
29627
51561
15306
26211
26271
31927
60272
31824
27829
37133
35309
7651
51251
12649
32742
78034
15295
43067
26301
13506
19064
9298
54736
16925
15986
50793
33922
67327
8289
38675
4721
55400
41519
74382
48351
33523
71343
65671
70018
5115
79960
57593
35841
6464
72000
76155
62403
14413
34519
37675
71225
28132
74847
19846
67554
36927
21676
34783
34190
70170
28299
1815
10466
43084
24954
38918
50544
20294
48603
43291
20573
33418
4710
80824
7116
16251
3576
57129
80773
80067
13121
78696
50410
51259
11091
22239
73848
50293
54911
9970
45797
51246
35442
37164
32793
40747
16
30826
29246
22456
10068
15317
16248
52383
19220
9913
9029
3783
31806
9868
53489
6754
9623
27775
28540
27111
26778
52726
52269
8116
10720
11416
14278
47467
67020
26343
8976
32530
16941
50571
31381
79764
8079
50644
24469
68269
29533
47385
6482
48285
39564
20958
2033
25110
57712
29311
5502
13064
4939
1186
76405
60442
48583
5094
6099
16635
70798
55949
61261
36991
39400
43134
50517
81472
5269
44114
48488
30090
61913
3436
35434
17923
48381
2656
40320
60855
21721
47029
43238
14381
78858
41727
70717
29374
51512
12225
47689
29150
53144
12114
27540
44678
10197
69627
43153
17149
14311
59256
23751
3594
27187
69479
56996
15287
55959
59626
36959
45734
3264
14576
41429
11112
38805
35576
74951
19700
75272
47111
25867
27181
50952
53088
69486
78503
36718
69987
41188
29790
38548
25522
78109
42762
24146
38213
23119
11534
48527
42624
54317
27911
29588
5874
48623
35746
35417
45907
993
45575
5398
12716
501
32457
78756
26092
19139
51741
60091
73328
71916
29847
24387
25303
39074
11764
13753
28760
68469
37118
12368
61747
29834
1752
25836
50825
3747
61821
9277
27476
20143
56954
28257
32963
9147
39956
71899
73190
56004
78319
69134
3288
65327
33228
4125
1928
50452
57980
70555
60376
33280
66783
40895
62351
73089
80782
59747
61311
62722
67470
25209
24854
5154
17297
73196
12266
24722
40481
7593
75824
23314
32957
79413
63193
15892
74247
17259
23039
39629
30843
72216
38838
43038
72934
23790
33936
39874
48702
33604
33139
4792
48472
55779
25134
60180
71006
38846
51108
8576
6530
16156
42981
9934
2112
54802
18790
67223
8524
11955
2717
47057
15123
70075
36877
22593
16000
11440
57367
63543
26277
61742
871
53149
968
38618
19252
66394
4044
76478
55249
2400
54150
16544
18263
81298
33027
17061
30965
77365
49279
57032
69382
51748
71262
68713
60493
12106
13855
45220
49204
18837
56629
67566
54761
1918
53591
939
32133
24445
76553
11670
55143
71544
14272
65192
49386
36931
52202
36365
47229
10925
80221
65167
51839
2050
78260
64624
74948
26268
5189
47182
63310
55473
48494
4842
32092
8178
42645
56228
76826
29535
74488
69278
53200
59329
56891
73076
30933
1200
40607
52999
63962
58803
19980
73876
20682
39108
66743
66503
51834
22714
72395
21808
35555
57824
11780
33729
57
78614
56603
75444
55512
63559
45700
33997
40337
22279
37809
63011
53966
40119
10316
18897
54554
38811
39989
4559
39347
24698
13826
41042
11185
56756
53236
21764
63347
30424
45868
74442
10796
40519
59885
6493
1204
66544
12863
19617
53424
19908
6014
39608
49290
42140
34421
62322
58100
20415
33022
68798
17054
55464
61549
76986
44527
32622
17969
72889
70761
39374
45829
24153
53540
59186
41283
42479
18358
50656
48376
70230
53412
13902
42923
32890
25849
60481
22300
8193
11023
56863
524
28095
81614
33555
34391
71410
44166
16488
23060
31123
45158
40024
58994
54254
27267
74558
80546
74728
74934
75155
76696
60116
51529
33582
66973
3845
22654
59495
24733
40673
15503
3399
16627
47252
40348
61525
29268
1937
80100
3039
23713
16241
79319
74575
54826
59601
51428
9074
11879
48902
41914
56486
49425
14959
54197
26617
57052
8354
72362
45427
52628
29615
52960
33824
70652
59374
51952
18672
62156
57444
58176
883
28311
17451
40796
59814
68769
1113
3814
74988
11142
42108
31567
29722
33006
23232
42550
12466
56645
14693
52886
41087
10245
13333
35662
26295
39628
75764
47457
22686
4476
771
47238
6481
81269
24406
78928
16542
57831
29860
16163
49179
38627
50601
20133
78988
41095
38727
4443
81670
79057
56930
45964
79704
68542
68260
34811
64097
59688
43619
7066
61603
41554
58486
33451
69349
21936
20006
6221
12482
3005
38995
47622
25648
36019
13195
76192
54678
25041
41252
28485
33752
22612
40937
53315
80600
53265
58227
69577
11749
13300
14434
58941
9385
48292
55538
70517
29406
76796
29379
23156
78548
35708
23227
40041
5553
75410
13518
53404
18252
76042
8425
38502
80244
10278
61704
27010
20137
26993
60618
14846
45990
64149
28074
29045
741
3365
3298
12310
64482
65065
55520
71945
17783
75849
35058
76764
15212
52230
26472
38952
63864
71719
38315
15804
57761
43714
7751
49449
79984
74997
81739
11420
44011
4621
44284
27965
81558
66807
49417
22899
68101
57079
7568
20264
29549
29557
13679
48710
29471
2217
33549
9315
19262
20319
7787
9721
48146
16497
26439
62313
55326
59600
10502
23889
43201
32130
3128
16867
23312
40455
41082
59140
58991
53950
26570
65511
41678
16423
3898
25364
20666
79533
3648
31280
65910
68452
41033
1730
20192
79723
63863
40918
75173
27651
63446
79452
10266
48503
30686
32601
14316
76057
2415
40923
10821
61618
67438
1644
31510
61818
39590
7928
14862
78833
32270
37323
2909
43243
66712
13215
63669
8136
46979
64209
9186
54550
49968
54410
6945
820
67148
4809
41986
27172
5995
66419
52840
37492
4225
5266
30034
74620
76683
63084
54781
35327
43793
44280
59836
52939
52651
76451
77958
60394
55346
37260
9681
27681
8128
68758
78794
73185
59154
38592
54728
32739
40274
59508
36424
14130
52330
53980
21835
12844
75561
25202
22434
44990
48147
5187
5781
29448
78796
31950
31771
79732
68253
6117
47811
29571
26115
40358
41110
37156
81115
52996
14557
58739
37111
1957
79796
545
78798
46337
38246
46550
14441
16125
17105
58517
18041
4866
34340
2427
5695
59550
24611
42746
13187
22698
25615
18461
11655
2675
57259
52813
15067
48123
26506
64724
35164
10
59739
37519
79008
859
64407
50527
21083
3818
9108
74709
9408
38426
7241
63325
58233
22595
76362
29156
24569
35775
19657
442
20178
10968
45203
42979
27667
35673
58269
43169
49606
79004
69684
44439
23091
30655
39093
27647
48167
75779
40058
68326
20972
72456
26215
10379
40139
16632
40509
55851
71423
11513
12187
65152
11860
31348
12248
6038
18692
64747
17225
20130
9731
14443
56443
6657
12562
78143
75896
42707
34355
72303
45380
13174
4941
19272
19684
3218
44882
79879
59668
48847
16220
3036
37502
63647
12848
8369
18187
2944
23449
25720
43627
8377
10803
15538
56590
40200
9955
32159
73679
27205
78404
30726
67935
24368
29957
43240
76301
33082
11557
66759
52629
37829
7943
52301
17305
53045
11757
67395
56126
39165
46820
37934
48060
58383
10214
40257
79780
15199
29502
26085
9148
64585
60568
47928
50314
31052
60003
63422
57678
47672
22423
21093
33652
29171
7277
42275
33497
5535
46926
56625
47573
4060
43188
5125
19442
45213
77111
33874
47144
54735
62433
57203
26883
58386
13928
18535
41063
2025
40030
18113
33639
47737
9459
19529
12034
31371
998
64471
49684
2076
72277
33675
44531
34470
42264
25332
44929
53262
80459
50899
48094
37245
5701
32
41222
77435
59583
56335
81606
2039
79450
81693
60168
56349
32869
46129
63828
55287
43425
77839
75102
795
22117
65767
75145
51349
52504
47922
74183
50846
7067
38514
30543
9081
58218
81150
21927
34126
28261
39054
32798
64630
58806
58916
18899
15198
51382
54687
34625
65241
78375
51776
64445
68515
79115
32158
52449
39900
49677
35808
71901
36392
60753
71784
73859
33495
11130
32543
70683
25683
48637
36318
65929
16520
8087
40416
17177
48569
41041
79774
10980
49155
19781
58691
10476
38008
1834
42371
16848
81086
58331
54264
47071
56826
75939
27272
46508
44470
1401
25760
17277
28986
1778
58660
48391
2148
59976
71123
25055
25095
72549
37961
57511
49977
17603
14473
4713
29140
6143
26728
19345
7111
6501
20735
25447
14728
76458
24892
4926
55082
9334
69608
12354
75268
53745
16173
47301
79439
44676
65318
57672
49958
43512
29525
1592
49712
28579
23944
17469
54535
54244
15108
60902
73961
75025
8070
37818
11637
81823
31985
30629
58528
62902
41926
30087
61758
30617
36151
39040
26742
62297
39740
5422
63458
70946
31138
10108
52113
31320
13178
10056
27351
7366
50458
59868
52024
79823
11437
9979
77471
37233
60628
24038
33907
8788
75282
10179
15209
602
74852
1070
74769
44430
4037
26011
16709
71454
55410
61589
48769
51359
2747
76419
17296
39884
8046
75432
8871
56742
24504
47968
35330
58544
42424
18957
9867
54085
63317
18869
58630
42349
42114
52151
54981
4483
34159
49652
28014
66464
77893
46460
10811
187
79612
65438
14702
77566
51632
46721
42343
36349
38929
32335
78041
9791
7433
19155
80838
31382
28479
70041
79874
65560
23043
7844
32062
32695
80670
27031
17139
65421
43846
4075
54257
49381
10514
56030
69250
28291
40915
61158
80383
70972
44130
44748
15659
46392
48024
39207
67712
66093
61126
66118
29607
78824
19181
68783
10950
15769
64272
27713
46048
5760
21917
76509
21389
14665
13944
43010
16328
64847
19068
26070
15155
60886
6698
7171
76626
40395
46475
50092
62030
23895
40755
57950
77867
48975
7355
49190
54965
15908
2018
65531
20816
58733
52599
1178
77006
59786
2760
53551
56647
59030
28205
5669
79550
36261
57811
57490
6515
37553
51250
74495
20753
58381
9897
32513
37415
58295
47140
58533
12096
2433
64297
38438
61180
34797
23485
38328
9294
46717
53547
44380
74670
76029
17999
81924
28885
10576
77883
43669
81414
13033
55336
68071
33253
53797
39338
10562
58708
62356
34664
64403
36399
3044
18665
6970
100
52920
69862
39253
54818
49859
52773
34081
4435
31761
37570
59940
30692
79566
67168
50438
29197
4597
81869
30114
27797
14919
38296
54995
39798
54947
25400
14195
70874
26592
38002
30100
20567
8518
36012
43268
3260
41909
62713
69065
80188
34087
51449
57266
58092
34728
20320
16175
33407
43009
21695
32291
79892
35640
76565
40345
8341
37431
14684
30342
60101
6175
23630
59000
14204
39279
52030
20257
56901
10640
22411
64578
16593
35276
16185
50268
6230
27701
3770
2718
71341
69501
23454
7145
56407
21466
21204
42939
48660
68775
42909
5399
4524
58814
71371
35499
50551
7295
5651
53283
28337
78573
25977
67572
24502
66604
71496
43581
1050
78090
668
11722
46118
11978
38562
3574
66679
5741
43595
57818
13803
53705
29497
15757
46584
28044
3447
77598
24244
28201
32224
66654
73828
40535
57397
55192
27633
67032
68619
17169
8001
12679
27994
44099
35072
13058
3719
16429
48557
29269
6953
25013
44838
51658
47745
66384
29188
57252
3986
4278
30403
16320
7442
19653
66937
81043
25558
22559
17588
63263
52560
52121
4655
29771
74535
21747
58199
57464
16702
30748
37054
5923
23762
34072
26610
58043
63717
7326
11235
48915
34011
65890
40123
77694
24363
69316
40758
9865
65944
26411
33144
40932
61468
68890
23591
68501
53085
7423
9598
4442
10758
37646
43521
61847
56163
26627
63762
952
35232
77953
62402
57409
47630
27711
1261
63204
11946
6858
65457
45100
22352
51864
36263
55344
41847
75
53656
15065
33215
18912
80617
49194
35220
52097
365
74268
22341
55823
61946
16721
39457
26408
33840
34530
63841
15408
23287
63473
31442
80989
4727
14530
38998
66277
59071
27110
59721
20353
44808
55719
23745
13851
44511
78053
33760
34896
15352
52842
48335
7352
80826
31746
61245
54137
37033
13821
74623
12246
5179
80915
15719
41089
41698
74234
23489
44775
13960
1034
52407
57731
28004
38708
31992
2873
36329
16445
46880
60988
47801
79067
5884
67691
59956
18475
42380
70391
44144
48516
21476
2630
38324
74438
80626
35381
9917
7644
61289
66207
12352
40524
50779
40657
20085
12720
8229
33285
72797
74016
40315
18371
19559
37743
5506
79369
12944
66074
63501
34716
25573
76545
29215
1724
19479
59291
48204
68999
59195
47435
79853
70768
26386
28671
60674
16870
20396
26406
12394
19419
62246
41447
69531
32758
1694
16406
60813
39216
2710
9410
68148
17328
19936
57522
42743
6984
26943
41599
43685
55750
45628
43758
72593
47157
75546
78741
47410
518
63832
7031
50444
79787
81759
13003
34189
26051
51367
6301
47330
11952
70440
36660
23572
67505
72727
16873
31176
27036
24630
21584
29359
72460
63596
65501
54557
9158
53971
64464
61077
78647
61808
24757
34541
53469
52056
23599
58640
6631
56814
58748
13608
45075
54104
28009
6938
10122
51708
25113
41057
32358
40265
5907
3235
24730
33898
18909
77980
24963
62761
57107
1380
76204
14026
46266
31483
22447
65425
38262
35701
76526
14957
73506
25287
61425
29016
73391
47320
47378
60665
49983
9044
39421
60829
54215
12872
81630
56747
46724
41465
17423
19621
49002
80228
16141
46022
79306
50306
12081
39545
23501
53431
43037
12415
43398
43877
27232
43639
72743
2798
76229
64047
7108
44920
80787
52912
60972
58831
28266
6758
45545
50535
31921
2029
51639
33716
42171
10184
23974
18619
57009
13108
8007
46533
53605
50489
43196
30415
48668
49404
25142
4161
9139
44404
10666
67157
71984
7842
53912
24585
37554
24640
11572
52566
75016
28117
48949
62975
76552
17487
23679
8536
74088
16957
54619
34531
14506
10555
43493
38392
65679
31610
21267
59035
25430
54190
14818
14393
69793
54485
28518
77965
57069
74127
73780
61833
11833
72199
70092
23010
66094
6281
50161
67276
32132
62558
31395
4681
45261
72929
44486
46420
22093
6277
25634
70214
8511
13323
78964
50184
39777
15669
37137
27385
32560
40468
27794
22077
3526
8520
30102
38449
34969
35470
32301
13570
35216
77905
2915
63679
43312
72765
78312
69216
37951
39536
14321
12206
8393
48021
69260
41139
59221
13430
16810
23097
72969
36093
6723
3180
78303
64805
69692
44780
6876
40325
77306
44384
35236
11623
41808
25568
28959
10011
17927
34747
35077
43802
79934
45742
937
11396
55136
15226
8442
70241
25078
8568
65792
72111
3320
14080
33722
38293
33781
51581
44297
11058
27462
70561
8903
70975
74496
42319
25379
75262
23735
67914
12852
25465
48188
47862
22610
60579
3432
9603
49491
8247
42678
19379
68675
65721
20845
78332
24510
37802
72799
26377
80377
35722
41310
37096
23496
54166
25236
48774
12218
13874
45154
24426
16922
81259
8654
80056
19958
17671
11345
10773
19974
36787
17047
64247
10485
57172
7632
61983
14152
46699
13861
56065
36983
40769
44386
68831
9626
55582
13422
11665
30571
32261
375
67594
56706
59796
34215
9798
76609
11566
35063
32748
40671
33232
20238
59033
31993
55738
28744
3326
46153
26362
68833
58265
81152
61474
5632
31213
11462
12789
42873
24232
35594
59896
65565
40658
412
26905
69114
30402
35885
24900
25804
2359
10615
80078
11272
32305
45928
28237
49836
27884
65122
15370
29493
18695
36324
21167
19203
34206
70925
79889
21655
42459
5973
31309
19163
18052
25263
38856
12375
6155
37475
22067
2493
9114
60337
14736
32925
49147
59038
2175
73686
70467
17691
46220
37638
61721
63613
77056
8940
18329
1843
24062
64698
68361
25954
1556
28809
66680
44581
54923
72953
65857
80637
27413
58777
2459
3945
55104
30511
67725
6813
70122
42998
77310
63566
42335
59393
3912
4766
55853
68081
1170
49639
22208
6462
61173
34335
16667
15049
26457
52722
44057
24068
8347
57931
18558
63055
59540
76269
57027
28264
26507
56233
66554
18157
24885
65368
56713
27001
70168
25812
6575
8884
72512
73481
28325
4338
65117
55376
48193
63989
73583
68178
15117
45306
10982
11248
55429
57359
62688
18568
55206
39571
12684
1266
46618
32418
19457
61784
37579
17696
67444
13467
17859
13114
69425
1154
13109
20555
52131
62167
44827
44462
69203
58642
74687
72761
57772
52220
4908
63949
10023
41643
31286
81629
60068
23746
28196
51882
27425
9345
45552
21445
13455
44427
57851
29856
62532
13831
2419
38285
59235
69824
58160
26871
52070
35145
1623
76859
64961
36359
8557
61521
2537
32000
38089
58844
52644
43401
1335
56948
56272
57662
13354
27253
913
12169
23541
22436
47700
4625
59685
51243
63891
74567
50764
68119
41261
32229
40295
26658
31614
32188
56661
6681
403
65748
54607
33829
43030
23516
80827
32486
37284
58205
67249
21003
62087
46672
59111
33566
54975
21987
65650
64652
4768
65661
63745
22810
49415
73192
17746
50947
58284
14533
14370
30787
21672
57289
68520
30137
28644
35454
4490
3373
70750
2128
66808
38286
49586
24794
32482
27226
66843
12910
69830
66116
59253
13343
65302
44727
68635
53061
61015
20865
77843
3468
47437
52951
74779
32202
47163
28651
12007
75372
75177
59204
38694
11406
75244
21754
16857
81338
5825
49294
13155
76079
31074
61395
64925
2140
66204
33477
39377
50980
48931
70746
71854
652
6654
43761
28331
39024
36476
15138
60824
74503
17372
4689
50420
65920
51025
32937
37996
55793
80154
70600
25583
47522
58315
20446
23385
13199
18840
8271
55832
14658
80979
35981
21887
26919
11124
55301
36710
1574
22754
47039
62374
80604
42710
38339
22254
28050
40743
2184
5609
18195
74783
10428
66954
77930
6415
34085
68131
1951
60136
59779
22532
42522
77653
36110
74823
18952
76344
48278
51798
31788
18814
8012
4990
37529
63236
57349
63023
68723
69095
41631
60516
64906
22836
27861
50828
55494
20867
81101
20962
2888
75791
67929
75211
484
14479
64870
51498
78775
24052
41117
62176
59245
24928
61417
25049
2881
33371
22711
61238
66125
54103
54676
8807
46593
43828
1224
59964
17080
32921
74903
46621
26296
28900
10541
62980
48000
46292
69656
65119
6305
74037
69787
30057
34714
38565
50479
3863
14929
16078
63404
430
75360
81892
77815
27105
77185
15042
9127
12496
18499
67675
57207
69663
28948
39823
25300
49875
29786
55856
54450
40044
26232
45040
52059
12232
30735
72286
74152
31559
44703
24308
37467
77700
28875
31148
25270
6842
24942
27896
63704
63997
44884
1726
52870
57305
29322
80234
18743
14946
18361
72852
28176
8824
64521
32908
10499
29416
49746
13762
47362
46537
70060
34325
65233
50085
64694
4701
23406
51319
20279
1461
34413
16451
30317
64283
65613
58950
31911
8870
26399
81129
54769
79591
49588
40386
5374
31805
78616
69373
34167
56780
36677
20739
55634
58502
34233
37359
7538
40989
31063
81685
27421
7859
19187
69959
21776
80214
60535
60521
64495
45441
61640
57019
21348
862
13725
47186
48361
44441
44395
66457
26419
58599
28427
78085
274
52473
77486
10634
52556
61585
56122
60785
52781
62455
41531
35045
76282
22600
61774
68971
68053
42238
70210
60174
59485
24970
45534
17245
25017
7469
76558
46335
10759
66308
57586
75709
46366
2866
73339
5762
59267
75893
31916
81356
14470
56817
62388
47960
11259
19340
14359
59904
37972
5580
5942
63558
50299
48994
53388
13267
68776
18751
43585
73835
44517
261
25670
30011
17605
52041
2477
48609
40810
55360
13774
61200
77133
68649
3483
63698
8398
20898
68283
9518
29284
56112
25796
13101
22586
37400
75584
5617
76854
76035
853
29101
80210
71698
24704
69622
58741
8213
43341
52485
9314
69291
25363
1373
61713
20077
67880
77069
71616
80467
50050
41837
81378
57284
68367
51202
1330
70810
65581
39846
52892
19059
77823
18875
27013
46301
583
59211
25228
65874
78969
5559
61873
23632
68592
28125
61258
1699
53076
43054
17264
34047
37601
15786
27171
26157
3524
35950
37270
59189
71322
14583
28436
36436
58255
18268
35182
62744
24634
1846
20960
13940
44497
24680
36639
37773
13394
68325
36665
15373
67489
71212
78996
19662
10331
62502
23190
8609
2960
48548
24547
50882
32470
63731
40203
45676
63721
22517
29719
43342
40164
16397
46898
36949
2227
3657
9742
63633
39260
53074
60979
20370
10277
35189
12565
21321
16953
64364
4598
11906
13168
8713
30707
44798
51209
65216
35714
53908
16245
50199
21354
76322
64391
58959
75741
23434
62845
63580
43918
58135
38070
25952
63790
55999
79504
18110
32720
8641
64644
67083
77844
52392
27066
27408
80887
66115
3150
61166
6958
41906
2167
27877
31711
42790
48534
29673
3244
29403
23186
43842
2594
38090
14815
41994
67603
44194
1068
14759
46111
45554
11161
16514
29303
536
45775
73471
15612
57084
3063
27112
31185
64492
14507
29865
12344
34170
5049
15904
13378
79669
70782
23100
3974
39518
74860
6792
40959
25732
59293
52482
19964
51419
43921
45954
167
43505
32580
36913
11262
71638
41100
54047
26151
9786
52549
31342
58287
36899
4239
19451
58475
12531
61223
37048
4372
40843
10361
55613
70532
47939
5159
69358
6124
76792
19579
62189
59762
72582
46056
25703
2374
33945
73521
51133
53762
65203
15399
19193
34372
68580
53790
34794
48861
6998
19468
11478
78939
27844
14213
11662
34149
24075
286
20580
15493
9417
4569
3878
4916
12924
42006
75843
69306
72532
74024
58001
14123
24202
15412
30032
46258
68719
2993
16589
79493
44102
19081
38177
2736
14573
57532
49049
47174
77920
30462
57331
27398
45601
37547
78715
42817
61482
62813
77739
70998
49939
8761
47451
60906
72289
24077
38797
34589
25247
15487
44912
32686
68440
77246
32326
12629
31291
8328
20473
53476
46728
13545
35994
61191
23983
65024
52796
3405
44443
14491
121
65373
6676
21256
39028
36571
24557
19892
5890
36026
56303
55656
16050
846
46280
22957
31326
22290
73382
73095
64327
21198
51615
69865
45239
21723
29083
7286
17460
42146
8998
38629
81704
22764
46522
69707
445
57524
25771
63981
14626
62281
24183
35360
66824
36482
60729
66268
18276
18028
61265
71245
64040
72562
41400
5525
26966
3605
25893
60994
54986
13815
1492
35845
57185
50911
47706
23524
3567
48992
21343
73707
52463
10742
61667
60700
3666
35383
45118
31080
34347
29315
26611
28473
45259
74534
16724
10616
67004
45270
71818
42028
79094
23640
76996
79897
66355
59597
75151
19
79157
21053
68734
54604
60237
42503
23945
32220
12579
36315
67952
47723
67268
16376
20977
68827
34014
688
60550
59606
23015
48353
52686
47275
57904
39239
68418
77443
10404
18016
38910
55910
24414
42436
17743
5023
76453
14641
72809
45025
52318
54649
36072
27128
26255
35108
71553
41641
59919
51630
69185
79261
34426
68633
79085
75981
46982
26325
69864
9109
17874
12804
60953
11707
19255
18996
26266
10680
30433
80183
35600
74203
54028
39033
2666
65867
31704
9638
29655
482
60622
17888
40816
63308
47178
26221
25947
15684
19505
29757
9399
10861
534
15075
18919
45027
30383
80415
25033
56297
60788
54149
33540
1705
67042
52785
48875
41415
28894
30330
81437
60863
2226
50539
50631
52514
12641
53381
17594
39840
45504
3308
81262
74208
3805
63836
38794
80040
15798
31897
28024
71278
47304
21901
23962
75006
987
35953
53161
27496
9870
55845
36103
72243
6075
70983
56935
36253
62046
13461
58495
43528
27394
36695
72174
61770
60625
22476
36240
60179
50321
29043
31534
66818
22738
21561
73496
41329
5924
26721
40423
53716
66000
47292
26936
26630
16119
50891
13908
58986
25914
14678
69607
33564
12882
16970
21789
39413
55811
68019
44051
39111
73658
17075
24385
63125
16887
31020
2832
66148
49512
51318
66142
9363
40431
53483
25284
70014
50257
34509
57753
45374
612
14415
26134
70297
42246
74287
79863
27451
21588
27957
57293
36244
4516
49078
77060
70884
75591
39364
33649
26798
35411
60081
53318
44461
68335
71128
63222
42445
47884
4283
45165
53039
70278
67504
60105
14501
21044
1698
50704
37193
13788
43776
3384
81307
69320
10288
20712
4637
70384
64987
15174
26369
1343
59638
49330
11442
26945
12362
53541
73838
37765
41788
66488
46735
23964
67888
80661
12037
1442
15959
17281
6259
8187
47682
52958
10709
1641
43609
35636
61885
53211
69321
70156
24888
30389
57778
35567
47015
47659
64570
4578
53626
74512
65557
69582
61564
30744
37094
51684
74513
77611
38608
46842
3085
13395
36981
78554
63688
21081
27867
55099
38334
53188
35670
34628
8787
29443
43857
3984
69491
35596
19281
17374
67284
14178
69169
5133
23785
79386
27056
21332
55708
26348
47296
2054
95
10298
7459
80342
47436
6848
28028
55896
56976
2416
45068
27271
64850
69679
23036
4958
52949
53018
21
44963
20529
72962
66233
73813
63123
54977
19473
42388
80457
27687
19575
3639
51872
2949
49708
26049
35065
81192
35787
5
33433
27151
48546
25825
58083
28740
45023
475
30622
182
67401
78817
47429
15971
21241
53022
49728
57663
42488
32673
50259
28460
13287
44876
10585
43459
6115
49081
50008
57886
59924
54751
41754
53008
40578
38306
2969
43474
35509
22561
14077
58930
11603
12953
13744
65264
38468
2249
44198
34452
13440
15131
42800
24486
48242
79870
21848
48539
62232
67368
74760
29105
7904
61991
31727
28911
72251
6518
45585
78045
38415
65865
41573
49289
11688
33915
18294
51020
30699
29123
5688
53032
60545
77210
38814
8697
64002
52223
66030
81858
4291
73720
8854
13883
61104
44949
71367
45466
28999
42164
68314
76189
48252
65965
34450
20839
47479
2064
32351
70288
10963
41944
32149
48200
73515
9616
66119
33480
80961
34082
61794
43180
76330
33955
59902
64154
10439
31094
323
56048
7722
30116
30029
8018
31304
18921
14674
58899
43345
57612
36909
21839
31112
31155
76902
42226
61350
50148
22500
78672
37532
35050
8036
23850
55593
5880
42024
74239
37059
2852
67178
71232
74418
67412
29476
46027
37115
78750
67129
74048
15796
62928
6018
35118
78589
13146
47314
45491
44547
40148
66725
23908
45610
23618
50014
61750
48675
21959
928
71044
77532
49871
21334
70056
36850
79931
9304
71762
52098
10384
66170
78682
4009
9778
9711
79158
55762
25496
66365
10682
2564
78905
13980
79552
59135
73801
15750
79802
61887
54481
52521
34040
825
37685
65158
25195
62641
66976
43736
53250
78785
40133
45926
29057
22310
51049
47552
33976
72158
73443
72904
39245
62119
79121
5138
46442
81220
36512
31834
27560
52172
37729
13029
47883
32181
65370
50684
31421
44004
44738
40583
7297
33419
33329
19818
55487
77730
53802
66251
20722
59337
39037
79130
4091
69416
33803
7611
11299
7364
13521
31589
74082
33944
61914
14302
55197
63464
33325
13720
40168
61275
44158
50522
41529
38667
30373
32142
66690
63896
37915
33658
80999
55420
69821
20405
46893
14455
71132
78084
36268
80993
75999
13624
38088
80406
75499
20422
72475
6863
17215
27042
62104
64880
49339
75036
64025
7956
26713
67910
57057
53040
81387
16932
54168
53730
27336
65310
34979
58425
78795
35333
4529
2252
3028
3416
21304
9120
25257
20393
38986
43262
2928
13297
30426
3079
70366
46404
23179
44408
41510
18453
38887
72714
40378
61597
18972
42329
13765
73374
12554
43049
36795
38253
61366
63185
48756
1525
14160
1721
3479
65878
74545
66550
80327
62956
15930
33194
6414
21633
66425
57838
51494
60793
60045
27988
38379
17122
50068
22274
15977
70708
11174
8431
28058
80280
21406
69254
12012
28208
38343
40330
64356
46553
2153
16978
80196
28805
73999
73759
7451
42179
8649
59700
20174
23981
78538
58434
48867
61491
34447
76946
54337
77629
4722
8798
21423
51471
64639
79277
72748
11464
72211
18415
9421
73760
26023
19754
54194
47908
19632
29234
80296
30390
58817
42670
34975
25345
57891
43058
1617
27601
59515
31680
56545
44634
20822
60076
37070
75219
73183
70254
46477
67797
32427
39305
76491
19393
12193
65050
24395
12097
36861
40877
11580
38045
2808
27481
69806
67258
81779
56964
31410
41961
55565
34997
46874
42088
44847
34492
75315
4877
67881
22733
8637
46864
35446
78820
34494
47864
10533
1911
39363
71967
14226
64682
16282
8119
18340
23209
49263
20767
21232
52606
21829
41630
68882
50745
64621
11783
3144
24322
31650
27782
46812
34404
33302
18419
30128
43500
16145
12351
59368
9874
67386
42558
76061
52085
17476
29176
23339
71096
39321
73001
67097
56716
54890
19900
5486
29635
55396
72775
39266
71139
17759
47240
38773
14581
5206
29765
80015
75989
57861
28919
38360
51724
71807
40377
26600
50933
36270
8479
70497
32710
34077
71253
31043
11215
3994
40624
76355
14897
45570
12939
54089
11571
80726
17320
49538
53203
54195
67848
1967
44479
73662
75341
81623
5817
14136
20940
44720
53941
19919
43707
57131
9889
20726
30631
22326
20628
65090
27719
17940
75080
34683
20605
55636
22551
77277
22886
57775
33191
28726
59889
32411
3954
16333
65979
68054
81481
28844
6430
48681
15466
43066
44930
1681
63229
78432
72146
62832
9280
22975
63389
40083
12831
54937
32904
1065
76241
80503
76712
41233
42161
56103
39893
10896
40530
11242
11929
3328
2910
28908
49659
56376
14784
34607
5275
41480
19105
19034
5545
36332
55162
41198
32107
81362
35888
37860
20563
14997
47562
32045
29204
53291
71030
70587
53715
7862
2581
6666
25168
54544
18051
58604
19953
35482
21437
15575
31464
57375
61855
57906
54043
30988
51793
74484
59863
81719
37793
14789
9255
50359
8399
34478
67762
20317
26852
75507
32569
52531
29881
55477
5222
3241
71538
50529
8286
10117
47122
51442
14972
2996
13232
3981
52581
22914
9668
39146
63175
11342
12857
12817
34643
17036
26625
44558
38043
58838
48069
36075
15916
47918
25629
33759
21663
41740
48407
38505
45080
41258
27945
48136
55205
73055
54663
54098
7817
55861
173
4068
63314
68901
24606
57794
8850
66838
80696
48478
31856
38639
2052
54561
9839
34710
11111
25108
18325
80837
3545
66745
47049
69516
32897
55056
74766
24802
56414
59624
20333
16901
32114
27365
36694
4823
41383
72664
7626
11486
69893
34887
32688
22076
68153
48529
51532
4178
51114
3794
64708
15144
76926
5345
43701
21397
67207
73216
38532
31631
26315
7598
51802
69406
36558
614
66322
10987
28113
9393
40227
34133
59102
58784
72181
47031
19120
18073
8889
46194
5544
41834
26904
35696
33666
16460
79585
61210
63854
54071
76232
44648
24013
1416
8361
44390
13841
62768
34874
25392
31889
69646
8416
47023
3116
49717
47133
78482
73979
49798
33109
4053
20781
71611
73980
52573
73696
34764
33986
53014
23624
53355
29683
75475
67788
49645
78702
44038
71639
76281
59633
72352
1397
66684
77542
14720
49537
7222
81866
57722
32243
49084
13163
24760
56088
35614
4201
33800
70046
8689
49020
48227
21923
58061
59679
36227
52493
65552
33733
9361
7187
52516
15520
74485
13080
620
81091
81175
25474
61071
9169
65183
10632
51556
57919
16559
55803
69614
138
81495
22775
46941
72711
48003
54555
1064
72888
77242
75029
44866
11207
330
48107
60196
75273
46340
33152
71077
79932
19308
57000
76406
4383
53299
66566
3708
2240
26526
72149
77596
2066
3924
917
69691
18990
53879
2447
18569
62563
58515
18729
76550
1925
18467
48713
66304
18940
80815
51056
27685
61627
54499
78392
50059
39469
48646
29578
80864
66240
51558
16604
55770
9866
4736
36985
30550
57178
22998
72233
43809
37980
13257
62446
34116
5096
17639
60487
75140
13341
21499
5307
38021
21177
3734
34058
6471
79807
14803
60140
14933
1761
6137
79284
69364
22013
67764
59648
75853
21720
21543
15565
63354
42014
35175
13027
73905
49505
16104
32012
49615
78072
59555
22911
12502
79598
30999
13138
16983
68918
26060
51730
71898
32464
76384
76961
29478
47823
44671
3503
16055
4249
12235
45069
68492
16312
36537
37089
33072
5165
22570
6985
59985
25548
6157
25858
21120
9998
78556
22380
67987
23277
71632
39026
73711
71064
78720
36620
425
31885
1010
34882
18818
8559
57621
67898
41065
7106
11372
43858
31401
50617
11217
54113
18636
33474
31337
20441
33266
2019
56503
40194
6670
62692
39794
16990
68532
9057
32916
66050
60685
70158
2390
38154
905
52232
21152
5495
66105
50671
54354
63214
44315
59118