13921
3824
26432
26336
8117
44362
27807
9570
28271
42606
39764
36159
45632
33413
9379
22065
32516
35302
45522
53428
46212
40427
19684
13973
42741
10955
10889
5197
5047
34437
22103
12606
52432
40631
42718
13045
33250
44188
26111
9699
19831
38417
23719
26388
31136
47202
12891
54250
29781
364
43782
19079
12195
46792
33232
6295
9594
17297
30655
9900
1562
50670
46762
12642
27267
32999
34082
35358
48877
43616
34543
30202
8757
22458
39902
32195
12768
40326
5109
5308
32829
2424
51770
31437
45150
6054
7333
33909
35875
22997
29928
6507
45745
24693
3768
13633
32160
49306
33940
553
23062
5369
12966
52123
10871
7523
13584
4270
16140
18676
9514
1116
54862
15643
24099
8505
45320
39740
54351
13185
41298
45048
49160
20161
42979
37387
27075
22819
35693
2311
33936
26574
1213
32515
28344
44463
27778
22286
29960
54718
4108
13871
18603
50140
47144
43988
51416
22404
52323
44596
24466
34928
3439
9408
24150
47249
1130
28031
14134
16545
37885
31580
31243
27905
45123
8219
37718
53753
50528
54180
21034
37697
29539
35482
1749
13775
39018
38793
31823
54948
1883
28346
16724
38056
40149
4379
36578
22551
39771
34984
20284
1163
38082
19359
49442
41287
13965
43388
36065
30936
3564
36793
23867
51631
3849
54814
399
36250
41639
36661
55068
54626
37332
50257
17173
40879
15900
24762
54364
21674
19277
43538
54946
54580
38820
8935
6668
19071
49395
39238
29858
16882
45185
37913
47283
16675
33100
46925
52203
50585
34069
35589
4232
1757
20198
17554
44867
37345
50386
34613
2220
46954
21951
51228
28307
29099
25538
45724
49765
41643
54712
16364
48803
21660
54049
23554
759
41421
33886
1249
51150
10501
10817
15688
29188
25587
43640
32832
7801
7845
18207
35507
3744
16653
24259
18184
50796
55182
53679
37868
26448
54995
27880
1651
2968
28705
25679
786
41024
1765
25057
25549
4431
9209
40558
44303
49846
31364
38970
35935
31133
54240
38029
27622
53519
40476
180
51138
51059
30755
47955
32130
15567
430
11074
21388
26395
4498
35004
9243
5391
48937
38028
46893
9237
13547
25171
10383
1569
19563
8351
33802
5576
21862
20549
51705
17330
50917
1397
33624
21009
42216
25938
31411
50483
15348
24559
33266
26626
49006
45852
8458
27459
51319
41132
52231
40927
25962
19389
34998
35786
47192
36216
25416
28844
34071
45756
28828
52006
22423
49115
52194
12406
36087
41781
442
5972
15562
29514
29535
14203
43245
28082
2692
8660
54037
46039
24016
19841
9049
43628
42448
46884
20930
4200
24374
43287
38255
19860
41630
39550
5387
21458
26408
30321
43896
46849
14852
15979
40086
55126
8354
27917
37677
27923
40218
1465
39335
22476
38907
17317
30290
45033
49911
54651
17200
15155
2747
9488
8416
8792
53942
51181
7540
5700
30897
41440
42663
3562
46411
54548
42390
50230
37744
14273
207
18690
30401
34897
54464
7572
35827
43061
50568
24060
1775
43159
54270
12807
35232
13522
7783
38582
51836
50895
27796
13077
13040
10054
19697
2221
43323
38194
8790
22798
50211
6428
16033
30175
7835
13478
10912
9182
52720
38128
25944
9277
38280
48352
37907
1692
26650
33307
4875
54135
14269
35505
681
35831
37115
9899
19548
38910
17560
51841
40506
20029
9806
35431
48096
23004
51468
47375
39157
2103
43879
47367
51822
11662
41833
17264
32355
3356
34408
47267
9296
8719
45004
3620
23151
21366
51295
23630
21445
22683
37612
39087
11646
30546
16177
38218
21119
35979
42529
32556
31947
31734
8342
5160
26695
46587
12881
8820
39723
42070
27748
12863
31889
37491
52354
19767
49501
8181
16212
3532
33903
54382
35286
36315
18878
26415
44002
22378
29840
3366
7375
17912
34975
21773
20822
37804
16414
3668
10737
39813
28004
27168
31103
20618
36651
52236
18222
23361
16565
55248
6065
27174
52398
29164
51626
20197
53998
13198
42652
9797
31970
5210
25332
24490
10291
34675
14755
30699
8423
4895
44369
4577
27112
14188
7771
37056
29122
36470
14766
53315
47788
39189
23389
20069
50497
12210
40102
12413
15476
53266
28078
30735
28839
27061
17588
36497
35931
51613
31326
32826
17957
52737
14974
27665
12224
17645
26482
46773
33754
35724
32783
43763
29521
3314
24111
40810
16749
52994
25526
24642
42505
50729
15508
52151
52047
46471
43980
32626
7074
26303
34002
42080
46396
19213
29817
12128
12463
6445
50304
49200
23777
21166
36025
45345
55221
26895
23218
48957
54122
35526
9495
19402
49510
51332
5824
23736
36689
7048
37277
38008
29596
54883
25207
6478
13980
41731
48522
50617
32008
48762
44724
10463
34231
35263
31272
52839
20495
749
17293
43489
50412
52541
45364
35326
51750
54228
27325
24855
49608
23924
50758
9947
31056
36124
13289
10759
39509
36370
22899
55079
28883
43793
55076
36404
41929
35606
6563
32472
47242
3475
34249
34669
4400
39264
38783
54081
40962
8434
2991
40947
49725
5142
41406
6752
45513
21056
1578
48919
3838
31855
46968
4800
29759
44114
53772
8202
29742
37131
3571
15322
32676
32467
18376
2608
31485
12331
32720
45603
450
7135
54377
42463
35360
43812
49470
36909
21784
34648
39936
17626
51796
24459
18442
50542
22113
7653
35195
33202
1199
36133
46360
20375
47974
1906
8944
21428
29234
40648
11951
16488
28441
7016
20434
48221
47448
16503
37257
49838
25970
53870
31216
42129
3599
33363
39651
3987
27297
52293
40457
3304
25283
19942
34416
54044
44849
27643
17606
45622
20732
6486
35207
17283
48256
37591
32598
44238
46343
54109
27494
12494
54838
43291
50972
26369
10973
50547
32097
26812
32655
11502
986
25354
11005
49922
49350
15606
19590
41255
21552
36045
39467
42239
53719
36053
52302
41649
41723
28854
11686
31379
19843
50271
5389
13032
2849
4172
41944
31894
10660
51238
18851
37262
16924
47307
25989
25836
34060
50065
50921
31128
18485
13088
48085
42236
48656
34510
6299
35365
44082
35008
43581
44202
1686
47100
13696
33532
8693
23617
37418
9993
36826
51120
31202
38703
15241
5931
1454
18866
3156
32392
50457
21848
9126
25180
14668
3915
28257
32488
44831
15539
10235
23278
45650
29836
40758
47679
37007
2434
24395
40397
27445
13281
41387
19571
43550
44131
20325
31004
7443
33057
53384
26669
40848
4673
40321
30999
32406
32780
25762
17780
33313
54467
30390
24216
54475
31089
18257
34425
11387
22785
15882
13651
48547
24258
10765
43269
28613
864
51263
43248
9966
47672
41739
43001
46995
12376
9372
28375
10071
27006
25366
28194
16570
18340
2871
48641
37450
51496
1446
34184
40003
45220
14596
59
51364
7745
55066
31042
17865
29893
54369
14329
25578
35996
54885
40652
19668
14283
12777
25133
20792
45682
24954
31067
30664
27160
4277
7809
3458
34769
49705
7157
2504
41892
22311
20627
46433
27331
20085
11968
27184
50058
24925
30463
29098
18417
30024
30854
22083
12301
24101
42256
14287
26442
47395
11525
26823
31366
40992
20022
18322
26926
43174
41604
48632
5101
34639
3055
28760
50824
53278
44486
46401
7637
28079
22172
18834
26990
24055
3698
51221
16851
12948
38464
44661
43465
27052
37178
19809
22579
21971
48483
19459
2495
10788
14517
39355
42638
12784
38674
43301
12789
13223
52281
17185
29898
27649
10681
53461
42871
45133
11174
15234
32268
15288
8091
34760
31838
48923
33427
35680
20798
1109
13744
32323
4754
49149
37452
27478
45796
39125
51764
6282
40608
38415
40621
14024
9920
43706
39372
10518
45483
32543
41748
41413
244
30451
24874
43300
43817
8615
48364
30945
1487
1709
7357
14018
54010
48909
48631
6446
29141
31047
45491
7464
5134
29214
15193
39347
2649
47991
24307
1975
13862
37104
42839
30020
42771
34114
40361
31777
41453
54173
38267
22727
51816
51204
38556
39560
52575
28381
131
25774
34121
35884
4351
32617
42881
21313
23216
30485
30959
48121
45805
7233
24313
50710
32942
3737
18388
20867
31957
26733
30123
23203
40
10751
25155
29025
18685
11988
12249
26537
21000
2026
51682
45712
8712
15555
54312
41493
23639
36832
6393
22255
13067
38538
32985
14983
17788
28436
30341
15868
21829
43981
28640
20969
15940
40767
27153
28813
37227
15479
37875
17397
39244
17477
44154
32871
35032
43996
37851
51599
49187
7175
28771
33396
40432
23820
40585
9845
35880
5110
5878
28486
38055
51285
16682
42015
45054
10695
11647
5041
10650
27557
11180
29992
9079
54503
9971
39037
11321
39861
29528
50109
50309
51848
6570
21397
33181
33491
29971
4524
54647
54681
44210
44776
4841
45194
8913
42657
18754
14659
39410
44315
43378
19642
41345
46970
32745
16253
34096
29470
34232
4141
3719
51570
34846
30213
40069
22049
29172
4287
17533
20520
29868
16656
39147
41714
50125
26627
6857
52444
53807
4954
5509
10902
2998
54068
25083
48195
46421
17823
33651
47931
50687
8991
47134
10319
47918
17740
38144
36231
20040
10829
50074
30498
15120
7876
51065
34223
10238
30244
24666
48463
14965
37647
54904
13369
33197
42957
13425
31286
47585
41519
10492
52531
23262
14238
13391
38815
37085
16753
13929
22051
40715
42806
36445
39489
53573
53174
34154
29614
40794
22746
1793
35267
23807
34476
13262
10424
46561
34840
39499
23330
44205
36972
47858
35510
29459
27716
13352
2263
9550
34378
34180
53349
34477
29313
53362
7000
46062
29628
34202
24032
35165
46786
23416
38331
21813
41173
41810
51488
3340
15042
35313
861
13648
19047
41216
46453
18254
54233
20913
55188
39715
29035
6814
17274
30864
54691
29767
26073
28928
54187
45334
565
46749
35913
24738
8755
49285
52787
12877
36806
52927
21485
13662
49669
10670
20637
49145
32732
2281
21993
33797
23916
44454
10987
1337
6502
52350
3863
34009
34945
47510
21463
46820
31488
32306
14680
37367
54495
49913
46035
46969
34091
21480
8977
47001
48072
43176
2014
18372
31585
10823
26590
5394
47229
54745
35620
52950
14086
1911
21578
18845
32671
17384
10471
17495
8138
40940
14110
7996
47633
13414
53232
43041
46434
44181
51775
26380
40751
42133
51151
38365
21349
7338
6396
22863
23091
25930
12136
51404
46496
41750
15356
47468
34695
34886
3652
12517
8513
20473
48558
39584
10181
29015
39503
41911
2406
55229
52516
51881
26984
23138
282
30426
46916
47445
3909
41646
35090
19999
30474
42271
48601
29710
9625
32599
8664
20070
18745
53153
42438
12120
49435
21386
9860
12310
28144
32465
19102
13095
12366
29127
23781
49700
2328
684
7475
44837
1516
53925
16432
9605
40015
22968
31501
38190
41474
34744
53694
28108
25846
45618
49756
38338
51384
4989
34053
46525
35571
22839
47623
21705
22207
20814
31925
26495
47534
20237
51254
52245
24946
12424
13116
40942
27803
21634
42545
8600
50119
25118
50505
24830
42422
8552
25821
44744
12356
25889
25220
30377
47569
34558
47306
51279
40931
2531
28295
29904
18154
13882
23814
23640
43105
19510
43309
23369
8240
19026
46119
37576
51957
39031
32367
38371
34828
42299
20025
26365
38354
53701
43393
4664
820
16811
17223
52520
13814
22332
8365
38667
34485
2909
25443
25319
39180
10606
23143
22280
49517
55253
46825
47674
7558
18700
3087
39842
22517
34474
45973
14883
15443
32068
23964
8800
30782
11116
50468
21814
38975
13990
4508
18798
22813
45771
46000
23683
19466
12897
53535
1158
51562
14154
3450
12654
25795
25814
39886
22431
28452
52426
48334
6964
2479
39629
30641
15613
43807
36815
50579
16172
25790
2528
53992
18329
2464
8576
54659
37455
8060
40745
48577
26151
27398
31019
33521
37139
28224
9219
54097
44855
30513
41492
52108
14914
26842
53191
8528
1137
7924
9254
16576
12394
1671
4583
37159
11567
50490
31457
8303
44795
13339
43744
7359
13014
10343
31845
23870
21286
49116
23897
7035
10632
9961
32592
39717
10703
26607
38792
25022
26725
451
39367
20139
44409
12908
24807
40489
49266
1347
13496
3221
39639
11855
33218
31650
1334
45114
12732
10062
644
7385
43235
45915
54888
11229
14576
28009
50916
18115
20710
24165
609
5118
47624
53540
7405
50742
51219
28118
23829
38072
11425
31144
40904
25665
1418
22186
10900
8957
52186
37090
45106
50322
49825
47888
31920
43905
45463
52876
32853
29929
51215
24932
45765
50988
38139
18210
38888
46774
8063
43407
24878
32537
10257
52222
32391
46278
52527
52771
19884
49328
30523
6684
19096
49936
39098
3609
42903
14751
6
39581
42732
13149
38517
19348
30605
49388
789
5477
16644
41881
17803
29555
10233
17847
3958
29883
10666
22807
7084
44971
51996
28657
23768
43948
3334
21137
34803
54510
45273
33871
42597
1062
14905
47983
15016
16939
35547
19042
22496
40987
37029
49464
51652
9640
41335
5553
29695
22147
36913
27650
47467
53904
27583
51806
2964
37213
14040
11138
14854
17433
3761
21513
44957
28781
24382
1633
9048
662
20808
18448
454
21567
3405
23185
47520
52129
53184
53394
34198
42872
49770
30260
11040
19827
11258
10520
32385
12698
50981
39221
46127
6485
25769
30364
14354
2349
36048
42281
50748
27590
6041
41193
50053
43518
53073
32188
10944
41663
28680
24736
26633
51518
33928
21529
47700
28801
37978
53343
24139
50873
8520
7862
30038
31565
27540
52508
27608
53563
37555
2990
39815
21937
11298
2324
851
4147
37816
1926
35723
41651
49173
39443
32314
54330
20759
28491
10112
33417
31412
33060
42859
53829
14557
50399
5913
37642
50151
5647
40209
21318
41935
8048
15982
826
45660
45791
23201
36668
1082
36138
48398
31040
31305
54406
44017
13488
32236
44110
15686
40282
18571
29944
25976
18378
35133
7328
23444
30993
39228
23381
44579
21226
913
24440
4295
37483
16741
50559
53337
43114
32456
48503
12441
44377
41203
19910
13808
2850
39340
27096
49861
37048
4697
28407
22381
41060
20992
605
28817
22175
31387
22544
24780
19545
45520
42727
42368
12178
29373
7276
49529
7026
49798
40304
1278
46891
54424
52974
38548
40336
34950
44134
13454
5237
39212
48707
14653
20302
16455
42321
43096
53670
11787
40163
4
19418
8284
53071
34725
53258
14540
18030
14582
1624
9362
20109
63
50786
35107
36414
31290
43225
48664
11221
7309
36533
42119
6799
14007
21439
31615
24450
50440
21530
32170
47848
39044
4527
38735
37057
32915
2816
1028
23939
54878
54538
12103
3387
38449
3272
8269
47549
11812
31031
35304
41234
10415
31684
44414
24953
51304
22026
43045
44876
5589
28171
22202
54939
41936
2781
708
193
50654
33892
19930
517
41286
31631
8044
2763
6361
47657
2809
18307
28836
7601
8901
48779
15578
14404
12836
19611
1611
46064
1438
28521
23582
23211
37224
15438
49780
18032
48889
49386
51978
21293
30811
19568
54210
45000
38712
25960
48771
6975
17618
22719
8812
1140
42630
52692
11895
11805
8156
29357
31343
18174
26885
53740
15827
38800
52165
2041
27177
43961
25951
25382
47505
33481
25909
29364
5460
36631
36690
33863
25595
2762
18395
8734
20402
53641
32525
5065
34796
34602
29073
10978
52934
46945
4449
27864
34127
15709
31980
17406
53726
49618
47673
50170
32024
52658
2212
26757
17220
16711
41559
37602
48671
4427
18458
10230
32255
45822
26920
11025
3072
10378
12565
27359
28166
20831
397
51321
53784
39011
42912
7754
49693
2837
24961
54531
2655
1088
24608
19315
44406
51829
55083
14346
44341
46567
30062
30254
3130
39380
9161
54729
2121
42572
25556
27631
4260
30820
34807
47303
39389
42515
29356
54285
33711
4931
30080
17140
8793
35858
19281
18044
36562
16071
9941
25674
44640
36168
3643
51108
17319
40889
50475
52810
31440
49691
45107
33703
39711
5691
31753
53085
27122
44171
31828
6908
37826
18379
27706
42292
3143
29175
46220
52101
32435
44466
36589
49698
25493
30453
16239
43345
21591
37198
49649
35291
29204
50934
39108
22853
19774
25979
13505
17811
7281
43623
24628
4110
6983
42075
41784
46680
22413
18565
13676
11549
32642
24766
9735
4968
43707
21026
26697
45466
6435
14216
28669
44494
4781
31510
35037
10270
49665
39471
53889
24385
4188
48116
18853
17249
52448
31561
9539
40676
386
22681
28597
20722
19530
29574
11932
37656
54427
47524
49602
28431
19983
20949
16754
31814
44956
47499
29080
47968
54914
27345
36527
19665
49076
1840
46464
32120
39790
19712
50991
5294
35319
26738
12782
48799
5710
38226
4477
51826
32715
48523
36213
29976
54867
45495
33433
543
5126
23182
8083
6782
40372
44043
3373
28909
54062
30682
25807
13106
48777
41319
37276
3785
38214
17668
6734
11035
12998
23188
26661
8931
52544
46843
34663
55154
1157
7592
25726
53653
46307
14689
27085
46265
37998
17987
48553
25092
39804
26854
20127
33355
11731
34879
29278
34240
29950
53479
42670
38105
14164
14198
27895
38946
20260
29308
25432
17109
12295
37901
16764
3294
6850
5871
42472
47639
35175
46166
54137
51477
30904
15815
34830
27118
40438
30171
39782
10195
28888
25128
29629
9668
43569
7148
17019
52105
19920
41191
10370
23409
24748
53076
17022
15309
47895
13762
54982
6909
28321
11714
5754
1981
21875
1072
54800
22232
35158
29504
40778
6807
49054
5767
79
52717
41155
11499
46613
28967
45274
19577
5897
22266
28385
38475
33190
49892
45835
26905
23659
7231
7209
50255
6363
12285
54140
31736
26110
31262
40450
28475
45122
42055
50847
29331
38759
24143
2851
40514
12425
15952
7989
22758
14384
23052
36391
42473
490
32272
48936
34381
1265
33376
44252
2232
5119
53148
11826
29848
46775
21434
17055
48977
30490
1759
10462
24580
8149
27899
3265
17372
16092
55064
54157
22354
37478
54090
35067
41637
3323
13687
37958
42349
48717
32507
49313
10726
44946
54818
29112
10906
32613
4183
51908
2896
51950
35287
19017
50739
239
52017
248
2664
22775
30791
26970
6196
49155
8959
53497
34395
22013
48933
14345
24256
9927
45241
54725
34528
18302
30131
17587
23852
20335
28366
42165
29145
28070
52851
4690
50091
14438
12143
13225
22132
53179
380
41774
30436
49293
49362
27957
48325
23621
52570
16874
10402
44903
4249
49715
46860
12168
42193
1729
41755
34552
2047
31793
4863
25948
43155
51445
17167
45202
9065
50851
28210
7819
26826
36170
16592
47642
46362
4418
13749
20273
52480
11973
15839
44500
20596
55020
50017
35905
10644
9097
33333
50712
37350
6564
29969
47564
53352
30575
19711
21944
5817
32393
26489
202
33407
8000
12824
35514
55113
47603
48832
50233
47353
33036
45039
37322
44523
7454
27786
5273
689
50055
32421
41916
21809
11249
23732
26809
53300
6180
2920
46985
1022
25288
26292
32975
1306
26929
41749
26465
18716
46295
47628
49907
13050
46580
53934
23901
32953
33788
26100
50694
32031
37940
8765
10248
13440
40509
47044
2445
4456
13889
54502
45723
15579
23987
38980
51736
34432
46576
48805
44257
45087
48789
34043
44072
17998
35524
9357
29871
7690
6276
36333
42350
10261
5847
33139
2120
54182
1221
8035
53647
49432
15989
3862
50609
36090
6980
31315
29196
49813
14725
6165
40356
9869
31850
29609
48532
11061
55012
3376
52725
36890
25636
44884
54571
1211
12900
40679
31724
19633
4023
4480
26718
26543
16176
9395
8952
48469
5680
51954
9151
1545
44007
44033
36675
21239
49369
53286
21854
52060
35909
28635
44274
33392
11108
46597
9287
47255
40408
22062
36454
34099
32929
21647
40567
38573
35560
17149
13245
42496
26483
23880
53020
12243
40248
5002
11410
3437
47715
37496
16908
17563
15744
42278
39684
31496
49646
38090
11721
7517
24568
42457
17669
20935
49836
21179
28956
1434
50429
8710
32340
18123
30033
37788
53487
2703
32868
16650
39420
27455
36705
2351
25618
36922
29348
17009
39261
48089
38468
52560
48160
50422
27396
51839
20318
29826
19689
11215
33995
7203
8116
18081
41328
23494
208
2320
40809
45377
25735
30973
25100
47428
46979
46657
13415
6172
5549
23994
22126
3968
18967
34284
5600
619
18629
24327
48685
45933
42100
52348
51989
5839
26316
8890
6824
46190
19823
55088
9533
21161
3069
4154
29300
3905
11115
52620
44547
50630
30313
46361
8903
46959
26855
25232
23742
12844
49658
33381
51037
33289
30879
13679
32610
11606
36343
31253
29453
52542
51620
49871
42405
47162
55252
1613
37359
39708
36221
37620
28792
14716
45779
39284
46926
13156
267
34654
48607
12154
20216
40661
21129
33641
5240
54194
50639
26334
51746
50332
48737
19758
41027
43191
38284
26358
27844
9523
24888
9007
14071
14573
50543
977
42796
17732
21329
6728
23797
32074
8043
40698
32085
53852
49493
51362
35110
39068
47949
35813
12721
52315
14226
25506
26863
334
1830
23887
14527
52647
51639
54853
40424
675
14626
14509
46254
33762
27275
28698
47189
37317
37123
10880
17234
53607
7867
22191
17773
3120
8112
42790
31774
7734
24722
26357
9476
27974
8073
49449
48540
35597
42737
35954
30844
6679
1007
34257
10928
9351
14593
36340
41050
18278
24192
27729
2085
16298
11374
21170
3929
50962
30355
5687
53885
33951
15396
46650
39865
44977
26503
7793
51197
27914
17927
51223
47593
1510
29243
28576
21876
34833
38016
19452
39940
49805
43915
35394
6622
20387
2474
52553
13671
3841
52502
51785
7408
17029
13689
34315
15419
29326
2312
53150
35692
51005
55166
8703
11680
29751
44477
31447
35516
27189
52038
14279
38634
20456
32898
42471
12455
15677
8871
50807
1552
31534
54577
37710
24646
15909
14177
31189
15454
16530
37897
46367
38350
1719
8404
24182
42997
4102
9088
14463
8412
41744
44318
29919
29587
22462
17709
53234
30195
46372
16317
23930
17711
22868
274
55057
26946
3654
1502
15257
35199
46813
47581
1657
21079
26793
37147
35174
4467
47543
12485
14708
10842
28799
24042
1049
26165
38448
18900
11911
5598
14613
23514
47637
22733
40543
52501
19987
54398
15522
43579
31233
18420
4753
41866
11367
24009
6023
33896
32702
37360
27417
22093
55018
37665
17971
45573
45623
50797
2702
20063
26527
24024
44164
32428
16521
36073
52384
39225
32839
27774
7606
47825
16929
9229
41579
23458
24183
54958
53411
9308
99
48969
52991
9453
45074
3414
17446
54485
17047
45877
38345
21359
25223
21091
11173
44781
37461
17748
14585
47755
49297
35063
38725
2228
51762
31025
2611
12524
52084
4539
4193
5545
46873
15761
19506
51864
48578
53656
42582
27025
49203
29986
16859
36422
47708
4928
16537
36279
24066
6293
16308
49964
53663
14994
50319
51099
20958
8582
33956
23529
27759
34012
9205
25078
47172
39602
14043
29389
36058
12290
29761
32048
53684
29219
41130
10580
4855
51210
50830
32730
34176
40576
3708
39056
18297
39170
47147
10101
17596
14428
51755
7088
7620
3021
53711
7757
15276
8838
42713
55024
18202
49060
44136
15070
23967
6885
25296
36540
45592
55055
48426
13314
218
52968
5250
7773
28578
4911
21158
14444
22230
31226
42628
39468
42259
17504
1963
36542
33673
18779
35631
43427
33694
24248
28632
17171
47686
33926
27094
23977
11497
6030
21412
8431
37622
32357
26923
37963
2595
39302
6451
47117
39451
5722
49532
694
10175
13068
22886
3168
7451
1380
30417
32123
51894
40348
26788
11290
36020
28874
32800
49925
10116
26599
9420
54453
48984
52209
3348
43591
8433
45113
9766
12183
29635
1639
16552
46742
37948
629
26052
50918
3262
12849
32296
9946
48753
7667
9814
5964
51522
4123
12070
50636
47789
3574
28391
26119
12519
33436
27605
45336
37109
48315
51900
2799
9472
3180
35382
28894
1660
29268
40028
13606
49675
18948
11819
22907
43054
15590
51485
52269
25477
43944
44630
17526
33855
51681
33652
39659
32635
470
33200
2691
25465
39025
48586
53908
39200
49443
41181
55032
48588
3995
14629
42432
52778
42085
22609
28467
3912
18557
39625
9129
42660
12505
47026
49249
21070
23913
7222
43949
11302
39520
53023
37574
52699
14077
20429
548
37776
30584
10848
43530
12556
4059
6981
13926
6890
31939
44541
52707
20296
23495
35865
48291
14781
4055
48099
18977
18921
6308
13001
16069
15199
42269
5727
6831
19223
11126
40311
122
43373
33906
33687
53217
33811
21959
15124
37300
1554
16020
21032
49017
45882
23119
41458
22534
31329
11614
29530
45700
23785
10160
20190
49850
30243
5719
27286
41565
9664
29423
36313
19308
15343
44667
5226
41524
24545
42249
11158
34181
28805
50506
8482
38044
12641
25515
14534
18400
7392
21538
13950
27542
9936
39652
36754
32965
1643
14292
37703
20884
16002
10769
16440
44920
54894
10981
42341
26659
47477
32914
7907
4438
28134
12079
39615
52800
52356
47397
27287
46313
592
43873
37204
54807
46833
7396
38014
10628
10972
6255
43796
43362
45953
48439
6189
17805
52030
54965
48282
46809
1059
2772
30149
10332
12007
47269
2394
42608
49239
6524
41871
7762
48065
36593
9348
23779
45322
18410
18976
27466
46076
42937
51311
35141
1725
25247
20751
9749
6804
48542
52703
20675
25688
44622
47374
43840
20664
27224
15186
43783
55048
19053
26914
1075
52450
31571
42209
6208
53589
23921
27214
39752
30887
51171
43531
45562
5670
22559
27821
22312
46176
42109
55238
36249
22738
53245
48824
54587
4359
42053
19164
46695
33276
30204
34501
1148
3189
41861
40141
1042
54879
32863
38733
44565
46522
37766
32023
45263
51647
4187
23509
33891
38873
3236
45198
44354
25859
20738
48860
49557
53762
24683
42886
4770
15049
19086
16619
30870
21849
5657
10310
8232
11683
6403
33026
50284
30113
43971
34075
20674
28867
50882
29677
433
33814
31395
49810
21755
15365
46047
11572
51378
23911
17465
31948
47106
30838
7120
3247
45880
17010
39605
27535
28934
9649
6968
40902
21528
16511
17885
12791
23032
45453
22351
25641
24410
1414
10691
46350
21553
2731
8243
39013
9821
9832
27985
46157
4939
4599
15737
49268
24927
46875
24987
28348
10525
22245
37853
43479
51395
51581
54346
50517
23909
30983
5281
14823
15588
21754
54469
9027
44765
16195
23571
46003
20268
21167
12982
37760
4614
3853
10443
38587
29418
52510
46547
13126
39566
48408
48267
30265
23168
38181
19819
8391
55150
36947
28688
24535
46115
24619
8174
90
12436
51927
26300
51464
30379
27283
23245
32231
16861
7163
39634
40024
1742
15331
34534
479
6768
20362
51500
15004
33584
51050
15281
32734
21132
41517
3385
19536
7807
36781
26379
9257
2619
47093
36312
51324
23269
10832
37042
48510
37432
48729
39533
29420
12088
10299
14891
16147
6343
53119
1207
13513
51889
942
51672
14717
31620
55075
13071
305
9983
11510
53666
20776
38164
6644
52941
41742
34188
46879
17128
50678
43138
52273
30311
2111
49322
6935
48822
44296
27139
2855
41
13838
33078
47188
42494
26158
11766
33367
42578
38644
20841
32695
53529
50
12956
6067
53328
21792
43099
45461
27366
33220
14268
20131
35587
9447
50436
53636
50430
46766
30625
28442
31303
7827
6944
24512
14783
49541
44351
25005
20896
30890
5032
13756
14956
47219
18475
37189
26868
49084
43450
20616
14312
38520
53601
1421
26829
5026
4490
25227
52115
4378
6394
20092
5263
34517
20939
5856
49111
15887
45985
44811
19792
16903
51952
14229
49981
9039
50663
36357
1805
16923
54229
40292
17659
39985
258
16288
28587
50462
54715
40183
69
34038
30565
16131
41121
37634
39798
12050
42025
11355
28240
23484
12689
50535
27355
45734
14562
19598
32940
7914
48952
41012
4573
29111
43719
45394
19484
25441
8562
14871
44558
21017
40638
33922
10487
7578
31893
16695
51161
10282
4694
14381
20077
53163
3301
51503
8997
54990
44704
19877
21467
49948
14648
26614
393
4950
8021
20344
5060
53010
40377
23575
21979
5397
10618
30037
38534
15515
22602
23563
54758
170
12098
35324
6242
9644
42553
11308
5452
51984
11475
24339
28726
49926
12573
11974
10470
10733
21435
36881
44644
48169
8691
18244
29785
24340
20418
23023
11640
31367
6101
51678
37155
21821
29094
25798
38816
14931
20099
54100
30752
45437
47946
33211
37095
535
32445
47664
8724
44436
34515
23538
38222
27669
11440
29155
26340
30556
20522
9304
16494
19526
18577
3967
52685
47083
28952
46444
5801
7062
12314
43935
12020
7669
5695
35841
14400
3873
41965
3149
12916
45286
24386
8580
37873
36011
26272
15304
38173
15149
35393
9853
2978
18726
20350
43500
53731
29022
21330
30409
51714
51916
46653
41470
43654
9439
43883
27812
16994
38830
19616
41549
25522
36272
20329
16402
52198
40065
3212
9057
51245
22808
4113
50828
3134
49767
12832
41380
35277
24405
28035
38094
35943
54613
22952
48391
49005
13666
38593
43298
18063
30674
24614
26444
40125
45889
37692
16410
24905
12635
43889
53194
21367
48489
18287
10811
43219
22468
18290
7938
32796
18517
54973
42966
35309
38686
11964
29523
10510
41494
26260
3789
18075
27107
33174
19293
8857
34694
47155
1874
24227
48994
1978
28531
55137
53307
18934
15803
50199
46731
20976
30327
39115
35340
8904
35027
42461
30188
27383
33832
25894
19136
22710
21216
33518
27883
54164
18972
53555
20206
27131
33591
3613
727
38999
15451
12192
18837
32429
13897
31359
38925
10091
40678
22981
49992
23111
43929
21290
52768
40441
36458
5539
20480
45301
2339
22585
48621
45413
29594
45986
1599
37430
48202
52889
11213
51424
13079
16378
10214
5443
4304
48704
54013
3284
951
40006
49738
46072
47489
41226
23423
53333
32816
8963
41451
26406
9191
34838
39495
13998
3843
48083
47220
19436
39928
291
19552
20376
22864
16278
3204
35226
21885
30138
51696
46196
48746
4392
51023
43352
6263
28981
49377
35522
492
9839
50603
16053
50885
35492
382
10783
36567
13978
21763
37375
7424
16047
49888
31693
54769
8983
37975
50907
38823
38021
14317
27935
35577
20464
36203
39504
5103
44689
55146
937
26833
54440
31010
2155
30232
39280
1704
899
40851
24505
4455
44605
19011
4822
40423
40402
13623
834
51667
34577
52601
3325
3438
41397
2408
295
10777
10784
50086
38423
1483
15137
16779
51458
309
9744
9328
10039
16246
48321
52418
17085
37076
1675
31140
30828
36595
29051
1321
17681
10920
13435
4588
12075
10336
4765
991
35344
1879
4458
28095
53848
43202
29934
20542
47180
31467
25541
1849
50469
14553
44651
2316
41827
19802
11481
4935
22601
12631
46179
27617
26647
46229
20246
29935
47247
8612
22942
3243
9721
50099
871
34536
4888
41370
29001
28113
45311
23343
34163
32158
26349
39111
8605
53109
36790
24290
23436
51119
20144
37518
11836
2548
27253
1591
34354
39137
42486
45353
14036
12343
12918
36937
40671
25906
27064
3813
25050
6748
5267
25167
54130
950
10326
13128
13192
15823
39412
38653
41005
14015
36032
51852
956
18355
17302
38680
26423
39558
25258
42820
50576
5906
29179
23611
48054
27789
40816
1665
24275
16425
4318
14412
6217
31961
15858
32058
30908
46271
10351
44424
33457
52841
49087
3490
51418
33659
42287
54307
5079
20169
12618
45248
48899
35602
2478
26176
24070
30158
19954
53800
44893
45060
25107
4053
12089
53063
35759
33656
52159
27920
49106
10932
25569
20952
8168
18497
14667
4361
41851
20853
51128
13233
54751
51502
47783
16988
50704
20718
1801
34358
5651
46301
27299
16136
26027
53108
50279
9200
7530
3308
40038
50254
6926
48650
45680
31393
46263
27860
1316
55201
1361
8006
11402
6205
5530
33706
47557
36147
22306
11055
13771
16056
43024
2945
45078
27566
6661
43023
31761
6612
22917
8731
19735
39542
2140
29137
2938
2889
11587
7437
45965
24352
22504
49418
4032
51856
41834
43375
3685
12591
13993
37969
30162
43398
24007
36188
48241
37126
35781
34786
3524
4252
1388
44821
32569
32962
29581
52872
5242
25411
47903
48431
55128
39421
44653
34566
9715
33049
37320
14508
2663
34993
21475
38867
53507
41668
50716
6246
27247
54444
29477
2883
28030
35628
14799
45925
33154
16948
31377
11131
16795
48344
37399
4015
42035
20073
51013
32711
36459
22713
6873
10106
39514
18472
3965
40227
34453
11519
35796
40820
1943
47580
32891
4637
42602
3110
29666
50644
39199
17763
14320
25199
38972
2562
35315
50773
11271
12776
42698
23087
45023
11871
23078
42860
19192
33944
21757
46628
20984
27148
39892
13721
28069
29435
45258
22756
50958
53467
21334
27938
6637
48060
37537
4240
44735
53792
21325
775
37210
6721
5470
6588
16584
29412
33513
13685
41483
5791
7743
5151
45429
16739
38219
50508
2587
25590
30385
14454
14549
4812
53448
29741
54843
54395
8976
37134
14208
32211
5351
1538
20119
36092
28435
41572
4410
22373
28089
52777
12925
5107
17758
3689
5378
9104
38202
32262
27658
47361
21145
17232
28418
45972
26189
39852
32462
3724
12063
39222
37594
24913
1236
4998
19395
26522
49412
33227
14486
16255
39288
15075
47727
51530
19229
39855
9299
26704
33499
16664
19422
1387
12036
16382
22139
10913
39227
2982
20827
51307
12423
6384
14812
2828
45691
28154
37529
8772
39402
45096
44100
47498
13634
16451
52996
15924
26152
29067
42155
21254
16042
32937
45578
23248
6010
50720
10938
45843
30347
45716
11168
22991
4066
42153
24716
36108
44719
36345
49914
18143
768
36721
7313
1001
8627
44617
14568
16702
30315
24365
12678
34113
44118
27016
1335
5717
53248
13661
7111
32881
3034
19696
43952
25194
13799
36178
39759
30846
38977
10166
7389
6233
20447
7204
27574
16901
13715
2303
12866
19032
4554
36713
20606
38716
51992
50353
9608
14674
25325
36585
45905
19367
17154
139
51383
25565
27035
46379
20577
25101
33271
31121
12235
22474
25717
35099
23281
53139
8665
16185
3394
21802
49457
25887
50788
37672
53534
2578
646
3598
28625
46480
32209
26605
19333
34582
10048
15150
29318
9905
22367
16765
17341
5833
46108
53583
52984
54150
31667
4689
40667
13540
4343
36707
5864
40234
19263
14053
38527
48023
25216
13342
41036
10281
33948
18815
20894
51075
40732
2743
53561
32415
36861
23454
6002
4734
23400
48078
54085
20485
22434
9689
3798
4565
42323
8546
33833
8847
33634
23012
11717
42711
23351
41974
16105
43596
46368
6999
21526
11327
1357
12708
37112
43137
35567
35466
2174
42376
560
7058
19581
14270
9050
4544
37560
1077
3031
45384
47541
6618
11394
6145
26018
12433
23080
45276
33350
50815
29442
12318
51919
55213
12797
47414
47643
19190
52649
9504
15811
45707
53216
9167
5363
40623
13615
19437
3923
16187
51340
6598
12661
18942
48881
25499
28651
28200
28738
19655
12226
36263
25637
34875
51029
42678
25816
11865
13343
3278
13298
9654
32126
1083
29402
52178
8332
36982
33853
10452
35934
46185
45838
4837
41712
29426
8194
43824
17037
38846
9547
53623
2992
51079
34103
39128
7234
39134
10144
5344
44969
52216
2863
37149
36022
19645
7235
55162
43255
36853
39167
41289
11448
6461
38660
45697
49569
32397
2271
38509
16540
17678
2355
46553
39508
21497
15344
1615
29496
35713
8747
8328
18810
43381
45740
49473
23912
36872
27531
19625
14390
28394
22982
36619
12056
34855
10409
24587
41088
6579
41263
37579
30150
15634
9469
2665
3077
16788
42907
15064
15218
52898
32193
15902
33287
41705
33093
49667
24750
353
41701
45121
49275
48006
18363
46718
53569
14878
40060
6643
5481
22591
4900
45181
13064
14730
38506
43332
47319
43856
43610
4744
15616
45567
41906
8638
5511
19968
7972
42740
15690
45034
6294
2676
17471
2292
16818
53834
15492
45749
11775
35921
18827
32661
51944
49583
16825
1464
9291
28537
29105
19885
34017
16558
2519
31648
22129
54216
33293
34459
14361
30504
51662
6547
16355
11407
28516
24480
23071
36083
45550
4457
49224
13960
54223
27739
5484
24299
5940
10386
16021
54779
10855
19519
35040
44063
40974
18759
18585
6364
30001
7259
28666
16091
15382
17456
15172
688
12203
21224
24134
17817
46741
1568
37281
17921
47236
53839
7298
44471
4676
23227
16773
43636
32290
26024
25603
50840
32092
10538
34684
3712
2094
38033
25876
19259
34326
39121
26911
17336
15189
114
40803
19419
4371
4184
18265
19356
17415
17614
46202
45436
31674
1325
22938
38483
8630
28051
52261
25127
29953
41477
6075
40860
53376
18884
24189
40892
16233
48571
5639
19181
26221
48362
42743
15673
26841
39661
22296
20451
329
28563
19626
36603
7497
4552
52724
5318
9332
24567
11560
54737
14310
22973
6711
22921
29486
42185
39273
20582
53547
53628
18435
20568
53593
41921
53809
23172
47070
48871
11017
10572
33849
6544
25744
32065
21581
6358
11910
10802
23300
41594
37954
48504
5494
50597
27206
53053
13736
53006
33883
9586
24593
18709
35703
2319
34386
23756
45584
48474
27389
33721
10636
36635
47823
11048
23106
21205
46551
54617
50820
19498
29734
18991
53964
5209
15980
52458
21756
43664
42814
2376
30799
49035
31061
24917
21722
51508
24898
5471
20503
36475
50898
16261
14849
19447
46913
8432
23339
26771
20593
40430
225
49216
35733
22214
14175
3500
36850
53208
16222
43635
33917
25968
26211
32498
30742
26229
47928
722
4632
44865
39259
2200
19899
7857
46544
33070
16660
21692
31669
42324
48122
21929
50136
35582
37254
47003
7611
36955
52076
30165
6757
29619
43644
22976
8895
39517
47289
50521
18856
16973
18876
15104
49233
39204
46535
47513
49147
33132
31353
11342
40979
43125
17941
4916
53436
30004
2273
30051
24419
1484
2159
54172
39954
14305
15411
15853
20971
1406
1952
35087
34777
423
44652
38030
46101
3043
879
12623
18733
22085
24106
4393
22442
24788
53837
19853
5794
10964
32669
7133
14791
7910
47336
14710
3634
37064
27427
36499
36463
5104
20511
8989
51741
11621
40050
37472
22828
28180
3064
37283
40023
14484
3623
19489
8135
44756
40206
34895
47079
12831
7486
46977
39947
25028
36010
43598
31418
46252
34779
4010
52666
31484
2414
45229
42317
46403
44270
15405
40110
15719
28186
49183
9470
49043
9147
6019
39853
3893
783
40546
30400
22322
8037
25899
11506
11690
2756
50172
4732
21236
5184
18319
28557
15229
40200
41824
38853
7955
2711
28490
36693
32054
29339
18628
48560
15335
4946
32609
41609
50158
3593
7319
27931
6093
54116
37589
22121
16014
13103
19838
35540
27498
35459
10720
51425
42358
27967
24767
32139
47764
6286
32743
44841
23505
49878
38426
45371
28149
46836
13791
17350
18380
19908
48305
33610
10468
40618
41105
38604
9757
32770
4139
19385
40989
24516
9107
20659
24121
16025
30233
906
47609
16124
36081
11268
17346
9338
35539
5234
31398
36997
52824
41095
34307
20201
47554
31992
23676
30295
15753
43997
34885
1230
27769
54385
22510
10709
6326
47572
3999
12445
27201
12541
21575
25109
26326
34902
6898
33637
23437
11596
32055
54322
24599
10084
7752
35351
41143
54957
28609
11224
12164
26185
49026
52735
54101
11872
9074
48865
16855
48564
39019
31839
6517
47443
6738
51539
32608
50326
25226
28267
5567
14029
2101
49000
7192
21702
45776
52331
24707
49068
45742
10631
51519
9312
39001
6349
7893
14840
25268
50405
2003
14432
11981
15671
54646
47050
16477
45326
25729
23459
21657
4699
10357
35740
4803
18912
5166
40196
32152
40553
47309
4476
46905
7
32809
53267
11795
24219
43788
7264
17701
26310
16491
17995
54693
9676
38566
34283
11349
3482
12730
47655
52676
23482
48804
18640
2822
1232
13828
34591
3011
969
42707
26564
12790
42538
1636
21748
28204
46040
24091
43802
33112
40591
52289
8125
1865
34361
24368
35613
54809
23440
33660
50001
51090
10413
27922
38398
48013
29259
12514
28421
22523
48669
25924
28483
2164
49420
8829
42024
2058
21276
48263
28676
28942
36563
2539
47725
17067
9911
27137
45173
4846
15325
28074
14519
44963
13621
5664
39960
47695
47060
49739
21279
7102
49593
31874
37921
2960
50613
1509
2800
52920
13638
11659
49831
26778
29672
7070
43016
35151
23550
20712
33087
18823
8464
3391
25003
23469
27850
1758
20876
33627
32561
4776
28499
6839
11456
31401
9879
7657
2605
46867
13471
6334
2209
15971
16108
35446
8592
31854
35320
44778
2368
36829
48231
3972
9907
52377
20781
4069
23014
14244
11434
16065
39095
22008
19057
38961
25630
23376
9111
17339
46339
20032
39626
53927
11739
44256
1524
36412
37992
25788
4525
2610
52766
11276
23158
12095
23310
1472
31800
25653
31745
49010
51435
24760
48249
44922
54603
43454
26696
29517
17393
34919
48186
21781
2567
30709
23879
1677
54827
30272
10589
36764
28
16321
32114
14620
50244
24532
19309
53678
26639
2463
38571
10125
22923
23349
40498
32544
31078
1271
32649
19256
21025
11845
22669
4942
41311
10234
32736
53774
16337
47878
20225
32451
17076
16780
22956
26677
37348
14439
24428
20174
49616
36399
6876
15771
49130
1287
1517
36402
49072
9247
14707
17749
20647
10196
31362
15488
36043
21999
19379
37894
889
13708
4354
23144
14253
50163
23235
17855
41246
97
36835
4828
50041
46329
49498
33124
5438
38992
16600
52012
2057
35259
12218
14492
40599
17176
33318
30722
51710
13602
16835
908
39694
34368
22052
54549
45642
48129
30442
30381
14924
2846
7274
18349
2876
22703
51583
11546
10521
14096
42590
47034
17425
1958
19064
16878
30065
21689
22837
22141
53094
23849
8289
51343
33114
36005
34135
9138
17118
6793
36197
41984
30305
53699
47333
45500
41450
50622
45527
13464
39697
26016
33279
23615
30775
34943
16738
23319
21209
39271
53917
44056
48528
49971
44551
54593
39670
9268
18225
446
26160
46084
37751
49332
39309
50175
49746
47327
16401
13510
17772
37211
41437
21605
49566
44771
44681
29682
34442
10042
46604
26956
8439
25162
28011
49423
45638
40483
51125
1968
13847
43842
40340
10678
23688
47274
15948
21194
11674
53253
49650
6366
15726
7583
5638
5083
28129
7132
26886
34444
2872
39077
32473
20766
9601
23252
11779
43418
11581
54566
15445
30529
11879
27458
11465
19707
18735
13593
51379
33487
7183
43097
24174
10718
7931
5654
12325
16387
24863
48359
582
17920
1988
28284
8851
9026
17099
25237
40709
13255
20394
16345
29618
47651
19197
44842
8055
25724
10865
41269
42922
21368
3882
23366
49378
30486
22479
49547
26876
48598
34571
45165
45446
41890
38491
19553
19353
29692
34334
30483
38857
50755
29879
37583
18699
53200
47282
5521
45533
51968
45104
20369
20014
20869
14019
44753
51727
18656
42927
17088
50850
1096
19246
8396
23790
34027
32554
24159
13786
25065
44907
15699
25373
35202
31211
47871
34500
13857
11956
15941
49817
37183
1497
1102
19374
34580
49316
38117
33564
48455
26814
51547
5777
43444
14063
16138
35024
13914
7648
43087
6537
46644
6687
21738
27268
31192
6200
8327
19556
12468
10035
4507
7700
16720
31714
17979
14338
35395
42379
10023
4782
6747
26747
15497
54639
42388
32144
4158
15319
16907
43865
54408
51604
11289
19961
13274
3552
34616
32333
47948
53544
50336
46025
16419
21494
25881
44387
7676
33746
39701
8212
31553
53523
45813
4328
32828
31904
34299
47778
12147
44363
30222
43547
16156
54546
37290
7348
43337
8644
44023
24869
18534
2987
40589
3883
12017
27582
32581
23472
35411
42816
17363
29624
22391
9300
9717
26237
17444
42520
518
53779
18507
27995
5299
45524
35737
16113
21356
44737
29887
36380
24499
36962
25536
11703
15652
31185
20309
37837
48611
37810
20443
17484
14247
48947
51208
17954
30927
44052
28721
6845
19234
39326
5815
33712
42413
24574
18490
5937
9848
24331
53033
35670
3732
20652
14814
18560
14942
12563
15014
18055
31628
38005
20907
145
40968
4880
1855
45403
42974
28233
43828
4481
22533
498
40986
42674
44532
11357
12867
15131
24845
1947
12934
34344
47938
22433
34953
12109
36258
34665
28062
16960
8572
44666
42813
48726
21116
27372
12037
21644
55172
38767
31572
29516
28163
32377
22337
30687
35804
4924
40324
785
33223
52583
28747
38184
6209
6418
18620
41417
15913
6114
5628
5992
45890
1256
18765
39704
2443
35774
52484
35989
22616
9201
5781
3672
30760
49255
51353
5582
2488
22301
26674
53403
52408
43666
49946
41986
27049
17572
22225
6655
14966
11422
36117
28841
19207
39614
40722
47293
50496
21269
30041
49123
46142
14737
50727
48617
54898
11057
31743
29726
42786
9648
37548
27551
36655
14763
18723
54417
53124
10362
47424
42571
16392
13213
7957
460
15165
11297
30276
1954
43734
18308
15298
45834
14477
13925
40840
24023
38750
25152
2283
20460
38388
6951
5423
36372
33841
38697
2986
25143
187
39455
28506
5712
37411
38495
40777
27757
7698
20203
16268
49628
34911
2191
11907
15925
25393
47514
39522
27685
16611
54629
48962
3630
25255
42964
36610
13142
32039
22109
35421
43772
19426
44993
601
35055
12548
17388
449
27678
50995
29290
10794
21454
50449
23665
45862
40837
3389
36842
13564
461
54872
4383
45196
2721
27222
26717
47405
53452
41837
14606
10948
33601
2794
1884
43067
46028
6539
43692
21303
17637
10563
15267
36643
34516
11092
19755
21947
27509
27408
35809
46934
18049
42064
1550
48270
39094
32001
54451
18072
42781
43167
10249
24345
39730
43933
43277
21071
27725
39774
38611
52338
41874
5499
26746
23451
50953
2784
37047
12275
25425
45819
27228
49140
33681
32021
44429
33953
31705
47791
52117
11047
30511
44519
45859
16849
22271
35152
45010
50256
9118
16200
6581
8966
44696
36803
31804
32764
19630
28882
55059
29560
25609
11359
28331
49717
54935
9562
36676
959
9310
30729
20033
50050
41792
43261
9017
34034
10873
5465
14761
8654
44918
29008
29101
25221
52175
21901
34625
26622
21516
23125
36061
52361
47000
52500
55002
18677
49148
20747
6468
38734
29252
27141
7427
104
3681
44147
55197
38316
1970
38234
11446
51635
11929
49207
22451
1266
29406
14098
17377
41659
16867
46475
44262
51835
22211
33014
29659
53296
24865
38297
36823
17693
41900
46151
8449
40092
34962
13913
32993
44138
50185
39618
1348
52763
30918
48297
43787
36047
42142
12047
20254
3933
42528
26480
7395
18026
20667
15790
45928
6922
44220
34808
51073
18089
23230
5618
39158
34739
18669
33044
53165
29452
4711
33527
6916
11098
35294
14698
31910
18214
924
51738
30075
18486
13460
50722
47632
3673
45209
9776
22075
38395
48944
31695
37023
13669
18665
35047
26270
2929
8371
46010
24627
5358
5405
25190
45884
40300
35271
49734
38154
50240
7550
15832
7473
18269
22962
37244
28991
44600
16690
25080
49264
30593
38319
29812
17
39262
42309
40784
15605
21614
843
10075
33449
2033
50077
24817
8487
35317
34297
46603
45233
49059
5051
8356
5883
44772
36927
22650
53877
36060
14468
15547
41238
23673
31070
31595
54984
41813
54342
2404
27949
16460
17401
35970
7987
24209
26937
29288
4079
44196
39103
45279
37734
7245
540
8740
50868
26174
25827
19895
11536
46717
14788
30415
38357
54088
13170
37395
23222
18017
1604
42214
39464
13381
37831
47233
697
23295
19682
15081
28007
25929
50942
36482
37819
42393
22861
54759
8682
41276
2773
27900
54559
43991
38809
29166
5286
6554
18983
25191
52470
20228
30647
24713
38246
50019
18091
2448
46713
15378
13384
37592
54523
40981
23917
14747
4623
43172
23503
7195
24661
46690
9559
41209
39878
19110
19299
9681
12888
4311
30597
10288
4826
33839
23545
53553
9617
38845
7496
54275
31161
18808
12510
17134
5925
40910
30286
17308
52097
3549
10013
19656
24655
28879
27210
10434
48225
32701
34604
11695
18283
32951
47890
14935
13495
38064
50092
36385
27469
38502
11557
12127
30091
24075
29235
28313
39644
48781
42831
11999
29190
27912
24674
9956
20959
194
3943
38723
8619
23027
48310
42280
19446
15054
48368
5493
33501
31637
20462
3008
21243
25402
44586
26780
25651
35848
43520
26136
39921
49399
41429
21599
30770
27698
3252
52883
11997
29157
26566
24347
49684
18444
11672
39042
7310
40254
12497
33509
43921
35770
9580
26803
44574
48150
16232
14467
37543
32579
21670
40046
25753
54674
13361
10392
19726
14105
2803
32213
52643
10367
23957
42074
16628
39431
4642
19146
41084
32277
25360
10259
17423
22793
48812
42199
4649
17165
8538
28338
41210
8542
18680
34273
11312
38913
34734
53366
45649
37605
26580
25589
31388
45015
24200
9460
34518
42415
38630
39251
15931
26710
34490
27003
24939
31869
2552
3541
18526
13979
5429
5952
808
19022
39434
33148
23290
31125
21342
3998
17798
51076
19138
8249
8880
20749
6176
36
42995
12940
7249
26007
32956
22260
41818
37859
37355
3519
11744
6642
29700
40173
49623
25037
20701
17238
33031
39931
24166
37440
11149
17487
41759
23948
25917
28732
24975
27595
50592
6703
19156
17915
15422
50943
39114
44628
17139
18879
51557
4282
37632
15821
6269
16469
10010
43678
2952
36484
39824
32789
17187
30055
48044
22660
41046
28861
50855
21198
39868
4179
9669
26629
10002
5366
3579
9611
52367
31385
48453
402
16783
26476
8758
51088
2095
13175
38621
36302
52859
30615
17685
5330
25310
23761
37511
31787
44623
2253
41617
43089
33550
32750
49170
2181
13439
24025
10971
47259
1531
15661
31474
15625
21054
1447
38304
13470
13730
35402
3743
37986
35185
46859
17679
43671
27878
25304
20058
49062
39060
20782
38732
24967
30538
24731
15390
39937
38407
18153
43702
53819
26120
3404
11194
20553
26999
16391
43181
2130
28332
33243
28961
37266
33128
18873
30539
41465
13531
10134
37590
3360
46409
17980
11708
8330
29652
6316
18611
31791
31862
23558
17718
29378
50003
37423
44989
15423
36101
29162
39058
45900
48107
35544
46623
44697
5011
21602
425
22460
16815
46506
41597
44112
19314
5962
7196
7173
378
44097
50400
35384
2315
23927
54675
35127
36406
41800
5091
24238
18789
52478
28601
31339
5017
32288
23702
1581
13264
574
47472
555
49526
18482
395
29570
8275
8689
26598
8189
39915
17726
29913
50862
20900
11790
9634
22046
35749
15997
12333
46134
26597
18409
43897
41543
34388
20143
43437
24288
8027
54015
29795
44712
33461
44259
29546
49371
22626
26282
39912
2746
7748
314
44677
51453
47615
6487
22163
15477
27311
11487
2009
11253
5199
23860
55101
16448
14419
4466
8139
15133
4607
54953
1097
26978
13084
36230
53894
4396
7505
12323
44801
10746
55038
11010
37726
48841
17654
50032
53882
15732
13994
1189
39391
33510
4976
21373
52610
30804
48032
28757
3257
13020
46171
12355
29257
20184
12385
16166
46324
14243
19157
1243
38067
3467
9537
22693
44248
48595
41503
15469
29606
42286
40468
28901
26068
47430
25868
7098
23421
17902
20287
18309
37382
3802
45471
29562
37863
11531
31544
3054
36471
24636
36435
33779
3364
7557
3810
20125
31084
39995
37891
9267
6298
20255
51960
15031
29344
18304
39401
31151
35253
40924
37171
52755
40954
10548
46235
31873
8782
42852
38656
1296
41954
1823
26685
3244
28808
49355
20090
35377
32896
29680
1176
45492
232
36446
36409
35216
17089
36366
5966
47463
3979
17581
48935
32759
9891
12817
48506
4517
12911
42204
7967
6992
36474
6381
43010
408
1936
36912
46895
51047
25274
21916
21040
4083
9980
17352
19335
49853
8672
52182
33985
21419
4049
5175
28791
22019
19413
5683
34971
50350
6673
1784
39263
21868
10123
51385
25557
40155
38305
30518
54295
3293
47234
39046
54206
12330
33480
13943
3179
11943
32921
49645
7630
3176
53943
19327
23818
31532
30783
26708
3285
40870
28020
4952
34436
43376
24488
43847
22401
37308
26466
5495
28662
24552
7038
43469
49918
11705
706
34753
10384
5327
27322
38035
2593
42963
271
23407
28919
50337
49356
14507
15402
54565
34140
21102
717
19933
8748
40616
28898
26553
55095
3228
28285
2453
21607
53227
3451
41673
37234
53099
42946
4439
39360
35470
45356
42482
36856
9315
53690
17878
45310
41068
48039
2336
36266
47563
12974
7721
53335
5415
13320
53509
39525
15575
41996
31113
49573
49105
15440
52073
37223
10302
1122
690
35946
38934
32876
49114
33544
23840
48149
21655
38208
3514
47296
43405
3006
9571
47810
29229
36257
46864
17826
28511
5746
42226
43242
10995
28371
26715
9399
11403
18295
54668
54913
22222
40274
13102
21729
40691
22767
18106
16717
51934
7615
42762
18957
12545
32570
7863
37404
31881
35536
6555
34468
3936
30567
45951
43558
15247
44984
11065
16249
3751
29132
42726
18593
6412
16270
34600
42266
43115
6223
1966
10327
43209
9423
7216
26965
19337
47965
46697
54551
11939
4681
43567
42747
28247
19284
28056
35497
21064
19317
10279
26513
34704
16372
6228
23324
8659
47817
37296
23048
3420
29952
45870
40117
4093
9486
26044
14985
49193
3
11678
14325
42988
43315
10150
4000
24194
50928
38132
7848
12712
12259
1206
30691
42175
53131
43367
7715
44078
14371
4219
158
54314
52830
16699
37892
2629
3393
7803
14639
23272
1476
26126
18192
32709
8231
31771
5325
33700
31513
2568
26183
6603
182
48447
27528
54832
9801
49682
17197
6863
45896
54402
3375
46321
45157
21924
33881
22894
44399
13120
38987
19614
34263
42633
16135
19702
2075
32845
43754
8386
7286
49515
21559
38775
52694
49407
11082
22613
7143
11898
38098
35638
16733
37542
34148
12999
30525
303
44307
1
35760
47997
15428
19675
36991
25455
18333
24131
27207
17835
16969
26246
28820
46018
20383
5945
26847
30178
43729
3441
1959
51148
38955
48139
28649
10051
10868
35467
51465
8298
26332
19978
39385
40687
14822
18196
19579
16865
13055
25711
50781
37764
23002
49957
32643
46666
20004
32386
44556
38321
6317
45545
52628
49483
53420
37523
50765
35555
7191
18097
23283
4210
9384
5758
34713
15829
5342
3842
31188
20707
50298
19267
21628
53951
5762
28104
39442
31660
5608
33970
33904
49342
45379
41078
10554
26037
41988
32685
18542
14165
40415
6247
35238
13030
44087
25448
32303
34005
54197
45827
43713
53960
11631
1078
30627
30469
46386
48418
49789
11921
17214
38740
27
14446
30090
32370
23132
49095
34701
34718
26080
33386
22200
13345
48275
52489
38046
29397
17933
31426
52051
2549
3831
4703
50466
34314
50586
12857
20968
44882
2361
4163
13779
19977
15843
48375
36825
33727
4314
22355
21049
47017
31169
20692
15134
52256
24012
15530
8165
19119
9897
10204
6779
14016
16101
6764
29509
32584
1369
36354
11270
41307
13822
34865
32576
14663
10358
5473
6660
36688
7308
8313
26396
7946
33323
28713
35349
49611
747
4865
919
21088
43201
5822
28357
21807
45959
3261
28568
35995
46782
6528
37646
27435
86
21404
40972
15370
18467
26559
26355
33474
42561
27436
9786
42091
8473
17985
30108
34937
27504
26197
52959
21680
4721
19782
40815
43494
38124
12403
24394
7354
21246
3424
31147
1918
17894
53746
19339
11239
31325
32043
53974
2714
36871
48178
24358
52701
23698
31095
22392
25486
5193
33465
32246
20489
36700
29972
33615
50375
12185
35412
10481
36869
38436
49953
49430
24823
23598
36740
50362
43408
18023
33233
46802
52250
6351
50027
51399
1012
1373
32084
27043
19006
41964
4659
9818
22700
31934
3047
33961
2384
37304
3073
15096
32621
41589
13374
47867
18554
37950
51109
160
47156
2021
21110
46027
34321
15463
35399
46487
344
3553
12340
31542
19745
49982
27831
319
55211
42634
41735
36989
13241
36899
13203
12508
1912
44125
14258
51271
47731
38879
41622
28277
30952
23724
11883
34170
43588
35438
12581
30105
4763
43845
25667
27011
2905
47345
17391
23591
11274
6033
35369
667
4494
7999
45535
18041
36888
37108
13190
37222
42332
8716
15850
11969
24180
40657
36325
7416
33403
9964
24474
12481
51872
35644
33542
7710
35086
19647
29599
32347
21150
3167
26443
43033
40825
17355
16082
24571
9886
42047
25783
3465
20849
19218
52910
15091
35899
19406
43461
40933
47074
47799
27294
37338
10018
44612
40458
20374
30056
51720
36509
22678
27307
7353
33665
23040
175
31502
3818
27039
9170
35686
25017
21577
18646
15394
36685
29379
36575
33164
41949
12758
53810
36731
54028
10186
43256
13186
12131
29041
37845
10317
7510
9828
41684
34289
52068
5889
12668
15039
28302
5220
23872
45158
14186
15025
799
25468
41689
39979
11335
2927
42754
33260
38424
47454
52746
7642
36768
24995
35121
24001
21424
24930
33022
30714
8326
33734
49726
16805
29069
6833
1995
26678
30738
18605
2802
2644
37778
45785
46056
32249
47302
4202
34825
42194
54359
37074
17255
52637
46900
40523
28990
42468
43210
43098
14711
41258
13445
16117
20563
40532
50129
23717
9645
10615
46993
1894
22036
14972
25854
51591
37870
11760
10597
52902
46458
25042
4334
54001
20857
30141
22262
37162
10027
53812
36559
39986
54267
29894
25333
23734
45975
46676
22444
34754
27627
34633
48481
1957
48516
10349
30497
50737
8122
23610
28414
11754
35183
28185
8013
45994
370
6084
53043
52204
23746
22659
22932
21264
50241
4382
25275
22236
6785
20684
740
40740
2382
50220
13135
20791
30831
35856
7563
18235
1033
23711
45662
52972
36744
12222
40228
49900
52866
54075
5920
45143
5340
20532
20151
26121
44228
11185
38270
5265
7404
37942
41455
10530
42546
51576
43134
36772
24658
10221
30685
52394
11654
41764
9921
47385
6131
8749
37685
17702
35332
44302
33140
21987
18797
48895
15269
26173
8322
23393
45851
21603
16329
43109
5982
9390
52935
41354
33441
22880
24988
33823
35660
35646
12350
24228
45217
34026
19916
53833
23839
48854
33299
22060
14078
22820
38897
20922
27836
41369
26654
26961
8881
38799
47209
45920
41845
19240
4979
14222
25697
8260
38378
34068
13872
53241
34816
53271
3917
27302
26917
24046
48693
16018
29602
53369
41767
13306
42039
38432
14948
35244
15142
36042
5229
16601
13702
50013
11710
28621
41015
25656
36450
8096
29407
54059
12478
38923
17546
45458
48846
7482
36549
1735
38457
41575
6058
2853
20047
22873
15190
46432
17318
38998
634
46430
35726
42691
30612
3197
33006
40379
6651
13566
15780
37036
48513
14119
46824
21505
52687
39863
28907
8863
3429
53026
43906
47740
26256
32173
8324
46575
15770
36295
16999
4095
45891
32334
46953
28241
6066
47126
2682
24282
47912
6625
933
40301
1430
23650
528
8239
52027
17061
30810
47831
28217
9463
40515
16844
6155
5980
19992
45611
27339
8921
5732
19177
52818
36917
11887
45671
16996
4082
50754
41535
36687
50983
2236
9799
39743
41510
31433
46940
55108
54746
46255
3103
36337
47440
40320
9055
42618
13329
19475
6774
39344
3897
54663
22670
125
44314
8594
39833
10649
31177
46710
21623
8806
1815
31989
15595
26201
25622
51965
29037
23286
41886
32724
24982
26846
27314
29946
4560
46352
25392
19781
8245
24795
5254
47487
12679
48989
36517
14140
13421
50357
23197
13006
28767
35990
12531
22847
29645
41883
35180
5485
20965
38051
54298
32373
1955
27235
24267
44734
27456
30628
45626
4039
38367
44789
6191
20352
22345
49050
7982
11170
7898
48292
17892
36427
31096
6132
38651
11477
16933
5766
13099
44392
51515
33504
31922
46243
50481
53617
45176
41400
4275
35473
4433
43077
49782
53477
20049
18427
16952
53862
54705
13908
16206
38696
10896
31481
3214
32980
32179
53466
46964
17207
52104
38941
12322
29948
16917
7956
15179
12513
18928
6034
38472
31639
40830
39575
43145
26143
45553
14466
18447
6954
15793
19806
15961
9416
54918
27846
28310
135
21261
54434
33342
33860
21672
12615
23603
36286
7682
51689
40077
27896
24833
28875
6048
35741
6123
415
14295
47838
8378
1168
15107
811
38242
40918
20222
17248
37214
45419
4636
6141
44328
16892
43608
45713
23142
29643
35251
16797
54026
28003
33769
2514
12646
47809
19350
52092
32223
47745
43499
357
46705
22181
50176
8698
16088
50142
34037
27488
26057
26084
22142
41378
18552
47957
24319
35513
51923
6720
45599
24702
19128
3589
7008
41112
3533
12991
24526
39317
54734
17947
38290
45294
30331
29774
44938
12416
5811
4961
39051
43631
6297
1989
44281
3163
27380
15766
25228
53442
15221
30963
13575
6695
35894
29639
46538
36154
40536
52465
7294
32105
28465
18609
54455
42849
34207
38444
18008
28000
47008
13266
2736
42989
34131
46941
43508
17839
15914
801
18164
42402
510
43682
31373
54199
50209
54017
3079
19605
20282
36628
21544
27074
24436
26787
1699
18140
5742
35191
28796
27635
39608
5515
39374
37015
52492
11612
28965
46514
45929
37465
25999
36241
23520
40999
24680
9513
19868
37053
3949
29088
27519
15361
3504
49784
50396
29804
3659
28707
753
38111
10277
46851
54783
45066
24727
43168
35015
40039
45943
35113
18131
43835
17159
37930
2983
20115
40365
40260
38308
40849
38356
41150
18327
32679
6842
28236
9880
46784
8253
47775
21147
48696
42894
13015
35453
10723
29059
19641
22357
14809
15514
17512
5270
52143
26693
54513
44287
42950
49809
37614
23212
11412
14500
51789
33736
26572
54927
30095
4790
26093
7860
6471
7885
36791
4598
23213
9729
3678
50406
44333
32533
26653
52304
29647
39599
50290
44128
12459
22643
47733
42315
52654
23951
31971
43910
17950
3777
21380
21556
4131
47768
7128
4535
27942
31835
15760
43361
24770
39592
37066
19946
38835
13933
8227
32201
38057
28460
13400
24506
51329
21964
9030
14128
9318
24803
28041
12046
16006
6459
12404
44503
48268
44669
53835
35719
45512
25346
46287
44949
38261
150
14776
39481
54335
35696
18902
392
14900
34215
27775
8334
42311
12266
40286
13406
20585
28547
52989
50191
17967
35960
40481
2639
20423
55014
45506
19469
9179
40313
31523
7085
25338
36492
27870
42645
12540
16174
48496
28128
734
14830
35898
7821
41362
54790
19721
4223
16637
11280
42400
31605
19302
19171
16080
27889
22583
44150
54696
45488
7975
27693
13165
12172
2981
28972
21364
52604
13900
41674
15209
38127
40269
16395
50281
46023
11380
49635
655
6110
37502
12601
50370
31124
2299
33573
14820
9707
12741
12202
46727
40388
46091
32605
27196
50263
30586
38895
17521
47590
5132
33574
49617
3093
40472
44912
42827
15540
2918
6236
22883
16590
27242
6628
51372
17870
18896
2818
17627
7731
46755
50341
21188
39296
18998
51309
18695
12748
37570
16668
45988
42144
33980
44418
1896
10643
45393
26064
20289
40156
35653
501
26941
6277
12785
22319
15110
53298
24085
28399
14779
51412
6288
11989
51187
25012
43194
18770
25707
53984
35819
22156
18291
12119
40068
46528
34726
17751
32904
37844
45477
39676
23760
44356
43260
3281
25458
52797
39479
44444
33556
17571
20723
1170
3062
31236
35043
4906
38597
22636
17287
18890
28593
2626
40291
30372
39847
9793
32995
52133
9867
7182
2065
8282
2673
28333
482
2246
34305
52591
47662
44629
52219
21096
16983
54258
12028
41528
32279
41164
21838
29925
13924
39980
37925
7185
28036
9429
36789
16229
15500
15876
41275
49379
10787
31297
8106
48677
35076
1180
17216
15079
40134
32968
41754
31282
21714
51092
53950
32480
16262
22569
44774
8495
31058
23134
17813
5071
42686
32015
37798
29461
45768
44513
17538
30638
24838
16487
26457
11142
42869
30013
53866
27099
50194
50552
33296
11204
5557
6371
42005
29499
20410
15896
26765
12280
23410
53450
28577
10073
53323
21892
43731
38825
11070
33464
25563
27258
55122
6496
9509
51675
23097
18636
7415
39952
40704
22235
29717
50376
52772
38496
45342
9341
52309
41693
9109
27981
40240
23406
34935
49030
23432
945
14862
21908
36999
46634
24544
14577
42027
5023
44931
16504
2769
31830
11452
36059
33103
17328
47110
49188
39970
1693
38762
36132
44416
17440
25149
22487
11815
29304
34398
42050
11803
41138
40190
52438
14146
44905
6611
13554
17162
52704
48385
19040
25068
2149
4723
48212
7368