70914
23991
31871
65794
76259
37117
60288
12426
81219
59550
76755
76172
77438
79700
5135
18082
3308
1504
68031
56588
54648
29983
48330
27911
63737
67303
18531
39425
22764
71954
68503
29940
27180
42924
1771
53976
60485
35582
23885
41194
2950
59045
79562
47585
12583
32525
79245
51118
59284
59168
36341
34099
82206
4048
30954
19011
52514
69413
73270
78709
65192
16180
8882
56997
18838
15184
79258
712
51316
65404
64653
82342
60593
22700
68175
52730
32608
29887
69637
2888
20380
18559
24871
4137
26628
66571
43236
22717
80582
35072
1268
10337
54043
79435
63275
59902
51379
79530
11130
57014
75872
42585
56388
55287
80405
78292
16546
42272
82381
36319
58139
26133
79752
4535
45611
78635
13433
70531
28923
29998
15245
71419
6811
24318
71064
34906
62984
63491
24254
5588
48221
34727
75275
41274
41899
76851
24798
81387
66672
72878
82218
81702
27596
2757
56670
32440
19658
71084
34673
65764
56204
908
53801
46766
80148
67928
63477
59027
34949
59084
75725
50089
51909
78200
11333
68412
47044
52558
54118
16151
70318
64589
8590
79
60845
24218
36642
19548
75694
15512
80046
43004
51811
79291
39353
46959
39786
24799
38257
57678
54742
34648
59995
56132
18720
19703
44201
17997
64118
79450
4544
77865
26420
391
1791
39269
71556
57080
82161
72401
19766
42655
37336
82555
57581
29403
80800
5999
34620
62885
54452
23425
62771
16164
81670
33756
60957
74076
32940
64234
21030
9122
48712
41315
23459
69543
15789
67423
48980
31474
35874
55462
3784
42334
27645
57078
2221
39346
82311
52984
14798
793
31676
20283
28317
26015
62070
29836
5390
7316
39524
82673
52690
27847
60937
75185
55731
44072
74155
53718
22446
68297
42308
33556
45431
34418
15180
68491
66613
80234
28609
53467
53063
45110
24826
57490
25141
38449
11131
59853
52345
55389
62207
29124
22335
45405
58035
56334
73081
28512
69776
71667
47180
74943
58552
23977
78861
77499
46717
43244
46566
49852
25622
61555
76967
70062
64664
19156
34577
60649
58119
59031
33886
70503
13400
62611
69745
36676
40955
44685
3778
62397
18237
73729
33310
52732
74310
37341
3715
26926
64444
53306
41544
63877
19399
56902
38226
66308
44416
25821
43129
20264
35320
71585
77003
61141
60575
2985
58045
78757
60587
62138
59612
60696
14656
12454
31142
81649
32768
38624
50421
80564
29732
66894
5248
38026
68654
23047
34119
76206
43990
76423
75022
65407
26411
25155
30880
66664
55940
57753
41865
32906
73721
64810
23915
31703
75286
64871
41648
79314
49559
36970
74678
53106
12761
78456
46918
52323
75597
75979
71682
19235
52333
18316
41651
17337
4584
13406
49801
76384
23555
39918
42135
56360
74253
73289
11970
61872
49009
80517
8735
44713
19857
17742
45234
51333
65120
36483
17394
70666
57007
52768
15114
56929
42316
35121
66371
62476
30622
6578
52291
77255
20602
19993
19573
3933
63999
2242
3468
20173
58445
40522
13041
71192
39993
13747
11410
60436
65327
59965
10683
79380
51654
41051
17381
53287
23632
2737
19819
35800
39688
74170
38456
82362
25017
12692
63062
33953
79959
25510
77695
70413
52034
25138
34374
36702
61636
53025
55669
78121
32524
55009
79543
61155
36844
30918
7555
32980
62264
61977
74046
31673
57989
30455
19059
78142
71907
57661
12739
81195
59187
34373
82022
76234
66818
62950
33207
29589
42774
29278
34386
53056
58143
8973
65560
44910
24295
9945
17353
4872
42660
2388
27849
43470
29060
32654
16013
74152
1229
27490
20866
4838
44243
54140
10810
71886
28207
39942
58904
79282
45220
57322
38164
59061
71478
71889
48541
67567
16744
56582
24035
37768
16333
1742
57524
38739
78191
54418
65447
57008
56724
25985
56300
54916
25724
31127
43106
72811
80113
25719
18618
29260
61101
47396
10880
16444
38377
37240
16324
28314
49055
67438
74290
6427
58047
43314
62959
77458
24453
63690
42035
11840
52737
51803
51059
29187
14877
52675
64741
54279
71190
43716
70687
53498
77278
44843
33941
33513
3495
23697
19664
61381
10279
30308
61519
46874
41478
3657
76988
11162
63033
24620
74411
54490
60539
17307
43956
55216
994
12195
56630
42351
21487
9654
49771
7989
82305
66151
80566
28266
17574
10501
11301
49732
73150
9460
80450
8510
80611
35367
20804
44652
17854
47931
19755
14791
53961
78860
18412
10593
70607
23333
13017
51892
7964
30464
11254
17397
36918
58860
13264
16432
32428
25791
69988
37966
74386
50046
45512
32376
72694
25042
81225
17085
44462
62224
79715
48491
8274
38694
13720
55144
51569
35193
8710
16271
51845
27705
23708
40893
58280
19027
48238
70977
60803
2395
59814
54171
11824
73748
52958
80587
79310
4114
33375
71073
61050
54619
70022
28047
72273
48936
45660
35301
8032
28168
77884
38388
82649
40330
45507
41301
37822
26457
53825
81
15320
51172
29287
80376
61646
60768
19519
77928
28533
32747
76839
7976
1463
5563
52584
33642
58073
71931
37944
80246
78264
13381
42440
23932
75434
72754
81924
15581
75943
21206
38775
7237
37527
34846
57740
71350
47480
19783
65559
45352
10492
59929
30689
33024
58507
70164
18064
50929
77484
62378
42696
27366
61060
63171
10629
22972
7761
63705
39920
80476
12301
56621
25676
42165
21575
38182
70664
12883
57808
59163
29971
81607
12547
48011
37448
49094
27384
73261
53492
32492
22658
77617
21495
76917
74826
27481
41414
38818
23717
71337
73498
72224
13950
62796
78501
63522
17058
54124
2285
43644
59401
40471
20382
21410
64377
71501
20146
67001
65305
73965
6054
76106
87
15923
80458
71018
55233
34837
15802
4592
35002
58803
35201
42961
42528
82625
67137
71526
1570
47997
68629
21443
76135
77465
77476
74996
3598
7698
53221
81976
24555
24191
66859
32248
51782
50216
9062
41131
69056
28932
37895
53464
42202
22071
1582
38909
71808
19939
8632
67987
34677
62201
56435
17426
35138
40920
11433
14562
9054
63255
12029
70060
8190
11039
36909
21756
54341
22427
8264
75212
74205
62325
59457
31827
57327
38526
70826
16178
43315
36002
36265
9769
387
67014
56770
8045
75977
56866
40725
45155
29144
60557
19321
32877
82343
30625
32583
62247
28784
26150
81429
43373
56189
63166
49616
19813
80527
80352
66261
73042
55398
23296
5517
50681
51342
63910
53573
63576
55777
12190
48272
32269
6719
81241
82533
8158
10555
25400
9171
81801
20682
35463
52008
76937
41991
75091
60994
19740
27635
23263
52168
17433
57
51374
58570
81412
19915
40432
12179
66825
53998
28137
10581
35127
29946
7206
76411
34234
48901
8483
76292
30023
9221
57881
20241
19110
77412
59973
49775
63364
55694
38709
40641
50722
80390
13879
26811
41943
52635
44639
26644
72719
67073
22361
38531
48258
17207
56673
30314
82189
39936
51226
31457
21642
25610
43247
22043
31634
23968
27845
15267
55699
38442
82605
16088
10260
71761
20842
29793
38109
62492
71297
75311
34475
45573
323
76116
54727
50285
33842
26851
32126
26971
75744
65674
80816
67235
59592
41917
70804
28492
71491
2884
55945
75876
19045
35703
42487
33412
6959
11133
57205
51136
49018
72831
79573
23573
31748
57679
22922
43750
49810
78329
56596
71571
33602
57738
24678
37615
19604
49574
60759
74403
46160
76445
31066
59232
62531
24549
70040
74278
126
27082
76212
45703
967
47745
54972
76996
63212
45443
12084
37497
51980
8166
8546
63714
81779
24115
461
50510
12698
71880
23575
57532
74498
61040
22936
12263
67166
47579
33675
80744
62890
26049
70895
33703
9388
57843
62069
7324
30418
11832
28328
79086
54904
76977
11141
62026
25596
42480
80975
70734
67468
39357
18093
74215
19872
57660
27609
82571
50676
28416
53566
28904
10905
68047
35378
46528
49869
6360
2114
40655
58976
76870
10521
73075
77071
56339
32432
14191
79162
69178
71663
16364
67626
32250
52014
79177
11668
51128
40610
5824
35575
63632
23961
23064
43958
11080
42385
62956
56356
21987
78319
41745
44867
65114
27559
67490
1624
62190
52929
55608
27348
76791
9744
17018
12307
47014
51623
80310
5426
59116
43087
71905
39955
58352
69925
73674
60290
13170
14734
5377
41513
38294
71288
2359
78452
74179
11329
37462
47805
63110
75783
3796
74252
73950
73092
77188
79095
78581
66793
2488
54409
75394
27336
66450
25630
27103
13028
40743
71428
65490
33292
3183
54349
82123
35216
44300
74214
20472
16135
82661
64155
37946
55682
27688
76734
24948
768
62301
77391
72432
37862
1193
36299
61693
73069
29784
71681
22921
52758
53046
10544
34991
38550
71218
53816
13644
55536
30457
42789
80722
81507
73374
3611
64703
64382
14962
73475
8905
63571
21408
6184
77541
55318
46254
15700
72454
78794
45320
73690
14622
40108
11955
1204
12300
24767
73291
25204
10943
73429
76220
47207
73094
81662
56006
48829
78182
16449
38042
24469
15326
35078
38134
80453
37556
8460
56264
5848
46327
77155
76455
5615
9026
35787
20959
79902
44524
58485
47237
57699
62857
72850
39779
69033
14730
16919
46481
26165
4027
75491
81288
23350
25466
40861
33695
15382
41781
69657
10569
76828
19066
40695
72635
64622
80880
35642
43882
60734
80872
59570
7083
54198
18557
18185
49667
73208
72764
10739
73932
80279
69797
39902
79923
52217
39847
48433
37323
62082
30894
55311
47645
46366
51381
33963
27088
49396
40235
38341
11574
45483
47077
18983
65617
44171
24629
39558
10895
72393
40024
71999
28082
41571
41525
36022
60501
22520
5481
75250
58329
78105
28606
41934
62929
72059
48160
68256
9079
67824
21247
35944
17490
55268
22463
64126
23073
16466
14480
52114
40067
51300
78836
3097
25273
39195
71261
42327
62265
54601
14150
38731
27697
69277
75988
63011
23223
71956
28142
12575
39940
52482
28312
51600
39538
45655
23928
36569
46536
33197
80426
80102
22941
70112
73215
5427
57307
17556
64385
14438
64079
17722
58509
30612
74626
27618
3350
49805
1812
738
22081
17424
38811
28103
8016
46007
45386
66287
55480
12365
33257
49130
28227
66396
65578
45420
12731
46995
75259
9598
46724
70968
13509
81437
81469
81450
76924
38661
36914
24640
66692
45406
42390
22325
16703
8281
51104
60053
3088
55918
29989
15598
76676
34796
10998
5109
23565
70236
76177
57897
4804
79782
56638
43562
72499
71914
6305
36441
66729
41767
18820
8448
63775
56531
54476
25849
76580
22798
70049
20069
62686
31328
80269
4862
50212
79062
80788
25462
45382
26545
62242
20137
56014
46517
50055
5354
1544
54406
24320
68459
22638
69578
6531
16352
47728
15908
26552
20910
4122
81919
44282
13960
41430
66644
4243
8678
20662
71639
53894
21592
49639
4053
74927
74225
14987
62756
37918
30071
40946
20391
45255
46332
57452
1606
67363
56048
64778
62844
77336
35565
16925
34814
80575
56938
62862
65937
54853
21170
49113
64519
17950
20532
67396
42404
29380
39609
41255
43712
66494
54202
75301
3724
15929
47382
57021
16941
73578
74686
41678
13593
82029
5451
5308
61982
72127
66640
43852
14230
8692
56883
31795
68969
54579
13688
5781
28262
41164
45914
18307
27856
41178
35357
72262
78886
66528
39664
9084
75341
49262
34189
56004
67199
20836
60004
70832
60412
34510
15089
77857
76185
23925
16273
33128
72433
50987
13104
38566
52925
67999
21776
30389
25612
73779
48269
61247
76725
55120
29136
68789
67754
69349
39766
76532
73718
74147
79418
52887
56482
19879
80251
77791
77986
72869
50438
18596
19102
30329
55381
9965
61022
12526
17593
44536
31040
51758
35719
74111
11256
75816
71034
80630
15214
33540
65064
16916
55545
67220
44833
51555
9436
2928
69619
13468
20389
78172
53728
34258
16553
38299
5967
5469
1375
81184
23213
46969
39585
32957
53413
52193
28894
55433
48119
44801
13531
59342
35211
35853
39175
24663
41108
40274
21281
53434
61080
53709
39803
44225
24671
57603
64265
18040
16195
39497
18440
53155
23096
64115
45555
50673
76306
75908
36520
7925
78022
64325
14449
13282
33283
9931
64296
14265
40080
44442
60047
82321
14973
29974
43686
7357
61818
76829
33346
17141
28180
77848
79893
29292
64691
28661
66010
78780
7054
79664
20270
38705
40009
24633
57052
75340
41008
60705
22135
82396
72255
7737
37257
35008
5165
79707
31650
33568
30323
49857
7908
16857
24697
42158
53734
48794
36457
18492
79741
82295
22499
32728
6797
79294
71952
65302
56214
2872
51248
58288
65573
46286
33099
6632
2991
24643
70685
75739
29684
73865
78819
63288
130
75999
15074
18362
74566
64922
40959
76408
35092
27738
48838
63420
66199
36957
74722
42066
27303
62348
37318
4367
46499
6757
50799
31369
30560
68640
9522
81013
70170
58235
41256
24857
72531
68916
54658
79098
40125
52824
3029
56454
24938
37790
55326
73760
14681
23457
51521
13016
292
14713
64369
12945
59205
1842
51458
19682
57573
7833
5802
54966
70433
63246
36264
61407
81506
38614
53735
19407
17494
79770
32146
42757
2186
50594
36989
43427
4106
44184
72795
71399
14320
54399
43642
21004
5554
57479
54840
32965
37182
8605
78869
48028
23285
77048
58366
28764
70925
79994
82035
64673
56285
39306
74723
67130
76904
8601
2404
25702
15696
82181
75624
1932
12987
37508
39694
68254
17500
24398
67609
15945
82671
33545
61001
57066
43994
50385
34298
9821
61847
6472
19187
12262
7462
63791
32629
30722
62229
3875
43813
64029
81859
49213
53093
56275
70676
44858
38359
3941
2768
75750
26536
3216
5088
77678
36127
40547
28710
41485
8618
37985
49438
44789
19874
67674
60254
34801
29890
52775
360
42120
3014
36572
37627
75351
57421
77839
53988
60375
82021
72797
58026
52438
55442
68479
46131
18140
12047
82498
75569
24863
67079
41585
76005
68889
68129
50484
81066
37215
61445
67842
48872
64431
3303
35044
36588
34074
28892
42993
53445
31953
65840
49472
78314
759
18963
289
4302
176
58916
26031
57659
65527
35420
64190
54332
12510
67527
38181
58774
56267
45146
68481
8083
50739
39138
20575
39156
21874
66779
15334
19733
38535
79548
41172
61125
54625
60852
64578
55167
57729
28738
12237
19282
81337
1168
12493
48440
61187
14056
75970
72102
80529
74699
77256
63503
49665
399
47052
37064
32457
82163
34636
66069
71342
33010
41206
1189
27878
76426
54862
13998
7725
22621
65862
16040
4419
73328
11784
7524
67131
19256
65636
81456
74607
81752
23765
47231
15438
73386
11519
80489
79695
7217
55627
77558
57406
23148
78685
31844
39823
38249
55328
74048
79372
12486
11244
54987
32635
9834
26274
39626
75218
29431
12977
8518
61295
48629
66700
63637
61824
25488
31298
2854
71920
26857
10102
71839
64465
15226
25415
46571
49788
55262
76217
12250
4528
35711
59148
56394
3670
78570
71414
43820
42082
76809
46621
4470
67983
78211
71790
49144
75540
33561
73573
29106
45023
65720
80590
30382
21938
75192
77899
44292
34343
54048
42575
8418
15239
63593
17448
82596
8856
30413
2720
10789
1659
72481
3822
1018
40033
41613
68300
23618
60120
52136
58462
49490
81485
46211
76336
10017
4921
46218
7666
10130
66409
62422
3266
16417
45960
58721
60281
36143
71174
17661
78379
71091
51814
36814
44798
66090
72910
78327
47477
10603
8360
2460
60198
34505
48145
16584
60416
44123
11532
27725
50617
32914
19827
55787
70153
41039
69254
35401
3151
29299
37465
10753
80958
70494
82388
77624
37413
73994
25351
11662
79929
73819
13233
34997
23975
1398
22248
79860
75591
60406
46898
67531
65913
43673
31766
50240
65247
47073
59263
1599
68443
20849
41840
3164
30558
79702
6977
10640
68584
39160
2283
17097
43420
62056
34319
15194
33718
63443
36812
36598
41809
6894
33286
49417
21499
78900
4563
13346
37606
76180
9395
35434
42527
28465
62534
58255
73357
63100
53687
50131
70094
6218
188
21478
64672
63018
44003
76814
19248
20533
12860
47376
36327
75672
16414
365
5951
35722
28253
29095
27007
1538
36612
51247
15831
40715
59376
65066
18636
73933
33569
64899
82092
14997
7677
71032
11273
68394
17531
40052
68343
30602
9099
25672
32620
80123
70840
10676
63808
26717
18503
77095
63375
67744
19152
58100
29407
82254
22760
77733
46788
57713
46268
47300
78178
75458
47968
38438
72246
31391
4317
58091
15151
26093
30215
80372
12894
44199
49645
5209
37191
71251
33066
7160
78274
43713
4277
19535
1454
51832
62157
13460
32751
32332
24273
79854
73695
50715
14508
70038
75381
46469
14112
69053
39854
57141
36354
80983
18852
27779
27639
62979
59005
4506
39148
3638
47296
15084
48954
19490
77310
66384
53652
74153
60797
61062
31361
61941
9819
7734
23664
25181
78252
50857
22468
69941
65949
40735
51880
31240
59409
81584
41737
5810
43172
37919
55590
8864
74
10197
59443
5579
68074
43077
73602
38010
22509
58643
5778
72723
49792
20701
73927
76451
1925
10323
3235
12500
76539
7057
52176
1555
60552
1759
61047
64424
58348
73539
19513
17296
36240
25032
61780
67654
51433
71376
62112
72984
6818
81961
82137
27890
34776
9237
70599
80333
8592
69337
61477
70540
65443
14289
49003
78610
5631
57626
44286
98
21057
47953
19590
27264
68162
70782
31537
12925
69229
10214
26741
9727
78045
33225
41913
8263
59129
29449
26092
53900
551
45852
8612
65507
47247
58072
24366
1768
74089
60983
71874
21255
43120
19013
78564
56036
18868
65283
73300
46447
54774
420
70867
29481
556
75366
44765
33190
63664
67063
69296
53316
47441
71047
44022
30008
37830
76837
80087
28322
7169
73502
19609
67287
14018
3254
66861
24510
32966
2607
52628
38747
8347
67186
4601
48423
34855
79230
14184
14294
45582
79042
63071
8501
81417
63788
27096
43439
37389
9776
50590
70262
71773
16535
36204
5597
62522
17589
80021
70314
48339
64780
67709
45895
63850
40807
43078
59875
33782
44237
9040
77512
80790
75829
57980
7926
79884
23417
59662
29214
47581
74868
33019
3674
18272
33624
14204
53871
78908
63326
79108
63782
35553
56500
78510
66194
69700
61887
21900
73318
32659
60430
56979
70360
47389
14878
75342
20996
68593
3893
22489
72292
20192
61674
73309
64494
47771
54881
14404
54521
21185
73537
78811
66798
17672
3041
35059
25710
17219
28459
23229
15108
22380
78829
46429
54689
79565
31333
16043
11462
1719
66892
71438
51893
18522
28093
16835
54350
78437
55907
36247
47992
55306
10167
16080
37452
53711
52866
59747
50975
25540
39720
4994
82670
31609
52790
48508
18845
49956
41141
71769
14099
61206
13248
24171
1725
63635
12246
57443
56438
73128
71816
2146
73394
29041
67276
81201
82050
79563
55300
72050
57961
6430
35086
37575
26500
77607
26703
65190
18342
49363
32187
16844
51030
68898
54838
5068
52972
70642
70652
80728
1173
39422
28283
17637
46929
52738
38851
81289
27107
11188
21417
8831
37032
74337
69631
79399
53230
68567
8172
65437
41622
35904
49383
45651
30591
40516
24522
5388
29916
33363
61150
81259
58936
59065
63188
54008
51753
80931
20766
57984
33232
29583
7279
15917
17990
39513
30793
73703
20933
23271
61075
32651
62947
75399
23479
66177
28015
13280
80550
73230
14852
82146
24485
81163
41080
8948
30045
74735
74669
75957
76007
32565
15642
59884
52095
48410
29674
10345
51197
72805
80217
69001
873
5328
78651
75307
1575
81543
32514
70481
18386
20589
5735
46509
59029
71231
10004
78079
72221
77055
26032
51805
30693
19361
71577
48118
60521
60891
82236
37913
14787
55583
77930
37866
40059
5658
82615
79128
16939
34740
67192
32409
70269
59155
13418
17041
69791
31211
45778
80913
30368
26689
38213
81155
82074
43946
73854
75424
77315
3393
58031
4971
31017
9188
52278
16348
56401
50962
78936
54696
21762
23566
37596
24403
73256
50812
58327
8101
51719
79913
56470
60036
62268
73016
82401
72118
72999
52319
40227
67815
73858
50073
61442
22990
70755
80322
20691
54408
35983
14071
18282
81957
77747
79144
80215
56087
8906
47533
80976
76882
45883
2790
3960
21180
30798
63229
2252
25228
51854
18397
70252
43864
26430
66487
78255
50259
31268
9097
74265
40912
35306
26665
35762
63688
12114
7753
26772
10498
69998
45783
30978
26992
31372
69916
66634
17878
19435
31467
65943
71897
79800
39244
52186
69627
21731
5252
33727
2203
8230
40169
52069
11079
52577
2908
51281
54989
40017
73033
52845
79614
1490
39925
3605
79346
28343
10699
61952
79604
67148
12003
20858
72013
17697
4818
2469
56652
64763
77583
23569
56769
43632
44111
20124
58128
7600
48006
20948
48821
64803
73100
9555
81541
51739
79050
54828
24553
22349
68888
43723
80471
36095
20885
26221
24962
71185
26801
44446
71076
55159
53123
45004
69192
71854
54884
51660
754
464
265
3207
30491
49598
54314
3884
75288
20577
79046
79626
81819
40539
59627
9993
21424
49843
7642
62158
238
65566
28553
9841
10538
58895
45706
1503
63825
8079
7297
8414
58688
64337
45825
71979
59758
15660
76659
74651
4966
76540
74461
53096
46264
63090
76368
66943
36753
31270
40363
16181
31202
63605
42265
59315
65240
76650
35753
74825
749
16217
47720
34775
60084
49698
74554
22877
80857
35339
43490
17456
48165
72940
8423
70630
74255
6574
37796
43299
13742
65468
70117
74667
5242
46411
60646
74344
74510
31998
32693
46684
72086
36743
47555
75935
44481
34296
37734
58428
65225
11558
43782
11220
44962
68934
37173
68501
13824
68510
34532
55717
72616
19802
36121
48349
21846
61586
34483
10776
38533
59474
4334
1392
82283
63001
56563
47681
56058
12211
68391
58522
17317
59146
67087
1524
38626
37039
62460
5458
37022
2669
18693
29114
33067
65362
48832
9508
48321
34118
77191
69593
2925
36560
25082
8509
9737
36694
20743
15964
51613
31862
27584
62746
76931
11184
37294
70572
70047
31023
48264
16865
21628
55758
76332
15100
5985
18116
22999
51392
39987
67666
30304
38423
70896
9521
11771
9785
48193
48106
27299
3377
33900
61532
13072
67446
22437
3991
8429
13655
54522
65749
34717
56606
20081
70358
53705
65155
64087
59126
65347
13086
24928
6621
37675
70544
26940
11528
24331
140
27446
44354
73774
23006
26345
56779
30098
37141
8317
29078
41361
5465
74186
33715
58773
69463
41954
16515
80381
44821
8708
78956
51713
39726
28579
58498
66794
26108
79392
8291
52206
12124
34424
40332
69707
30867
43860
38849
44165
8273
82172
64283
37006
13505
57397
20620
24350
27314
57651
56706
43911
21614
53753
60350
7552
28756
17246
53785
57091
76927
53862
50781
12593
43169
67986
46645
62456
65373
6773
44761
2547
78675
15182
25658
51652
68907
13913
51705
78058
46864
30021
22160
71926
71427
67045
53303
72861
35918
64605
21135
37470
65180
43616
16321
61732
5117
24177
62690
27744
38541
6196
51929
58890
36940
39172
479
5381
26720
44424
57857
51716
7891
69287
45397
24085
32831
76792
59840
47848
20381
5194
17241
15365
9969
27522
22225
73698
44556
57505
39836
19491
24734
4639
17042
7957
31183
51156
64892
25268
4107
34167
69057
76394
67011
12747
12428
9212
33881
18533
6368
81392
62386
29743
74212
31210
78695
40016
7330
17583
2317
5799
72265
81601
6042
70464
51036
71468
9890
58092
17150
67697
54178
1646
25936
30522
22420
45203
48726
42623
75605
73149
36161
32442
31801
71955
78309
19983
6477
30829
11548
76644
39112
71116
81400
68704
39702
41738
81188
38333
50371
46432
33076
58610
33780
68452
21802
70718
26556
40134
51507
76314
79838
56876
72880
77108
37660
42552
28564
42317
16486
74796
48614
21890
50239
23224
10809
31919
61496
77963
72555
57756
9203
67057
5004
82524
11486
6228
4871
17010
48884
49883
26766
23998
6209
15488
27364
642
50042
64346
58783
6046
1911
47193
17829
12105
51027
8811
53329
29871
74973
47190
47093
50582
12972
73183
22905
78922
58449
77344
61285
64223
76467
22911
74752
61596
60093
4093
3201
51505
33222
68025
29518
28741
67357
69386
69609
57342
65533
38503
51838
72067
54940
16644
32063
25356
60941
64705
23227
77141
14492
77162
19100
57340
59810
60127
66446
59828
34134
61621
8999
17327
63078
46826
25493
53403
73062
31163
77653
75570
33537
60072
46642
56491
82592
41889
52606
35100
66164
45328
23399
24202
74843
32984
12346
83
7806
2645
70246
7664
48787
1877
7015
2133
77174
68721
82298
21222
10002
40643
6573
55687
64863
16004
37743
27517
16007
15606
40358
185
43781
38163
27679
76978
19048
74392
38154
69864
17694
76162
54265
63642
69909
23743
13008
51146
64996
67681
67801
19470
8637
25685
4793
16710
67156
22550
35437
8976
34109
38666
14892
37935
36645
5404
20774
78476
59147
40530
16970
14889
23705
24881
47337
20643
75279
35166
33635
13301
41577
33723
44049
53455
32022
27716
36711
74132
18009
23508
49828
37725
67550
5038
61252
56141
57131
58554
27089
62339
28219
9961
38937
5648
10900
64449
49704
12341
21787
13943
39745
41881
80891
29392
77990
47507
60837
71600
18733
77020
7045
20005
36234
4703
48322
40029
55579
60402
4001
2627
18023
22370
30927
78207
40098
60475
68238
53334
21454
60242
71282
18303
29180
82415
16721
82643
67710
67413
31833
25438
43660
12670
31693
63316
79039
66783
67972
48581
27085
60675
45948
40131
57922
74099
354
48171
82150
38267
77425
32794
80624
49650
76712
71859
73453
42463
28170
76251
15147
49123
61923
52315
17611
37961
12295
741
2165
66505
4168
67568
19344
6655
41515
72545
34010
74681
22683
1146
71486
9612
269
74616
67206
68061
24687
52834
39217
68021
42396
2078
50499
73527
16877
14944
61776
6706
38196
47627
2033
42112
49617
53548
28437
29369
74329
18450
44773
74273
7624
18350
76707
28276
66808
57615
10843
16406
41319
24971
33652
79252
49109
68816
47595
21467
2966
79405
48877
23287
78786
65088
32540
53295
25065
39224
62296
24470
47258
31718
39826
25664
10234
26520
80018
38966
26098
12158
5713
34439
30127
34018
63178
16719
59201
48899
24126
56419
7914
72049
3832
65242
20412
50395
47831
35927
34897
36484
69878
34908
35169
26637
3160
18056
24234
47796
76205
15630
14371
12720
58926
29735
28019
32553
6409
21006
61371
66758
78378
43655
57433
73131
36222
68602
73712
65314
29315
42976
44326
20063
67627
61832
51869
10804
79018
10589
73615
47636
6140
65202
59906
57106
7313
75582
69317
38984
19202
57480
37493
34335
1506
21701
58079
15422
54493
2374
19414
67518
36851
60316
47339
10261
27315
55067
63495
61272
72960
10050
64902
32824
4734
29954
23309
74663
56764
55184
22901
71989
60232
78439
38653
77024
11191
108
28627
35433
3471
44741
26806
40704
76819
13902
73032
12009
9037
44211
45341
28181
6849
53866
9347
54800
75406
42891
45314
54809
5277
52977
24895
18025
19911
15057
21178
47517
33815
28090
50539
59923
22129
38319
40492
63698
22253
78426
52076
76864
31661
45450
26512
44451
38314
72436
82366
38672
29959
46100
6517
47639
46294
62842
9020
7484
44379
30221
66711
75229
34059
25872
77633
51461
26952
1351
243
12472
73091
29508
8358
72952
4006
16207
33033
43052
41400
12843
20610
54895
24476
77942
34868
59708
74815
8873
54211
68866
12447
71406
79524
14611
37904
75348
63416
37109
40882
6177
72865
20230
62177
17652
68621
13844
28864
54818
21882
11129
6335
22469
56851
66986
80343
18680
80953
71783
35698
69848
1786
44630
55601
77662
39000
25828
48472
35054
26087
53136
53584
65716
13289
28583
68574
1080
14415
23311
55789
41380
15558
34734
64915
9359
77672
47109
13798
8833
25427
78126
58489
76284
22836
77080
40323
40374
1980
3750
71317
75176
1894
12286
53542
24583
72628
52487
43330
55745
57469
12253
19217
5363
20881
29347
34946
55864
60256
7500
26439
19784
30085
78425
20752
78484
19778
2808
25380
6071
57239
61379
33041
26588
48920
58902
58655
75293
81462
22102
9561
30600
82684
76526
65847
73486
31324
50024
57755
29398
82490
36049
49833
70326
2666
73887
15
69249
67861
29688
596
46354
64596
30003
36099
52050
62105
77182
54143
64055
39882
78226
76018
27450
56893
51235
58212
64370
51351
77806
71003
51672
43765
58094
73118
22982
20335
35620
79909
18933
12687
73624
12549
18658
72969
81583
18458
17925
61457
42630
76612
12924
33613
77725
1848
34271
35931
48158
29563
2381
8516
22201
15430
26070
3358
8374
75143
3540
13775
77299
75073
43017
32660
10142
65975
57703
47406
43731
33665
38323
49367
50011
52200
65828
5687
60286
54668
29567
50838
35599
24081
29064
75764
26375
17247
39799
66267
20715
80010
75533
11901
47175
74032
63347
10271
7955
28114
30519
2816
63963
11727
55224
28974
59754
79211
5223
16907
17155
70904
29126
16883
79336
48678
12063
18739
20266
75568
13721
8372
66
60924
25219
32628
65581
4175
20429
36111
28888
39522
46307
51693
50202
74204
41385
32720
43978
45429
13852
4432
42410
75900
40891
60831
7404
65287
10465
17968
35260
82272
34519
35030
14770
36030
23530
78591
73879
10653
25503
12823
51216
5843
76845
51238
48502
16167
69472
69167
20289
21548
63136
81664
14754
55754
3566
52439
38931
80704
72062
46055
17258
63406
71737
30860
67938
62184
52471
61085
1825
43430
63837
58458
2295
61892
70071
71108
53748
24710
75810
81279
78991
60359
66125
58506
67748
77231
81535
12037
8265
5128
74988
76154
50983
29849
9267
8552
75757
116
34171
22152
81115
40705
65960
73244
74023
62969
27606
859
40883
63996
70961
52137
33763
47729
72891
49400
76328
11170
78048
51859
4148
22447
73565
72333
64982
55239
37088
4190
9082
74742
61013
27872
56480
1183
79594
67177
33103
32844
57919
58274
39105
74055
48803
81612
78071
3699
48739
10331
71607
17603
14027
55115
69491
48746
53239
74320
76760
73843
11710
35270
4038
34449
32342
56784
19146
14464
4556
66969
11642
46425
71443
52871
30838
54967
66577
76439
18591
37837
64687
58831
64774
69553
62561
35255
22742
77782
76400
19720
12093
48663
81934
11186
50226
12557
81688
24389
38061
74454
49987
58600
4944
34409
72949
61066
6451
62699
30148
45830
13118
76629
39978
56149
484
15975
4730
60446
80419
16119
82325
54016
45666
67322
30456
14618
42451
28033
66516
69732
49167
71924
58245
74806
49541
5728
50669
77027
61217
79331
3460
12021
15133
62679
38270
81274
65354
57813
26033
27671
10728
21739
36542
42287
4340
80678
70795
19351
11933
120
8199
63289
58299
65816
57218
81526
1528
19956
53353
20487
1469
38951
78399
14642
24691
25637
80591
72767
72367
75103
27326
73424
30584
70380
66041
28566
21761
29994
62438
72098
64841
24655
44221
15840
47486
82550
69586
81235
9264
8294
51161
9391
69436
31641
39877
56038
34789
53939
71128
59053
20657
19708
4403
29663
14584
43028
23220
70110
44864
22874
13936
78066
50127
23160
6440
13869
50152
9194
16033
75573
12296
35725
37524
76436
72551
11538
16826
62910
33502
8262
11732
82116
73810
17674
55290
7175
58102
13395
35808
38679
16649
39060
40154
66256
40875
39762
82375
43021
14606
49995
69210
66570
78554
59743
23988
73022
31614
27054
22907
35012
28618
8657
35142
69454
28748
51191
1636
3275
77553
20342
60302
2979
66360
22058
71395
23814
40454
15403
45674
56595
48186
63453
11053
32296
66594
4290
55173
203
77706
70106
19357
3957
65052
7633
14840
46042
18848
66837
36413
60008
16242
11434
2383
5532
62785
8615
55587
27146
61392
57027
60383
23607
35385
21101
25225
70639
16609
37164
74631
41444
37842
30909
17629
58619
80019
10149
50087
64965
1682
80573
51382
44037
15300
33308
41155
11083
43935
69584
49374
59818
55739
74143
18715
539
12767
32170
73391
79790
25212
2988
72339
7747
73404
18263
30641
30864
3052
45497
55075
2168
75125
75835
50886
22485
58840
34858
7588
11446
34392
14315
47958
4546
47661
39943
55938
24284
40713
11315
19094
70130
6161
14966
9429
73382
73023
78748
76244
11859
38012
48931
4950
37246
50757
36937
29034
43535
12851
38560
31239
4581
52539
33139
45257
11843
43276
72961
17976
19262
73178
9755
68485
65684
64196
14211
65262
69669
33738
49185
24593
66315
590
55033
60579
56447
79807
67912
75652
7261
74634
33868
73097
81255
58627
58850
29547
15569
45014
72722
72091
21216
52680
22407
67655
74426
73520
48450
22863
5148
70399
37484
47783
51018
74851
56172
49688
46747
33420
1219
14720
73491
4205
76370
48380
22354
70212
53337
44783
34707
59604
22315
58676
39208
74533
25547
42038
13194
38347
81512
2072
67233
50000
22252
31516
53563
39308
30961
41311
42574
5674
48396
72040
4086
74004
2094
29146
80996
65160
73972
40317
41604
59687
82356
72025
26467
73558
45716
63017
15370
51542
14743
50803
21903
72464
37396
23075
81364
66399
57093
11707
81479
78805
52644
63233
72974
52
62591
30242
35820
60861
57721
41147
14223
13761
48606
61970
70770
52648
2728
21568
1777
25245
24042
64474
61914
33285
11964
61302
72925
77345
49708
26510
17453
17355
45558
43385
67571
21469
47363
59142
63666
6652
5542
75013
36383
64883
39907
50913
40821
52512
62549
2876
29206
38794
75858
79077
23325
36931
8070
71236
67047
32180
29826
75947
46752
2597
7283
65701
21313
58538
16542
9793
75056
26405
50282
71560
8577
14298
72471
67453
43505
43325
18036
65959
5690
10583
52472
45165
41788
10910
35088
75965
81715
41438
62197
47042
11685
66206
40113
45339
39383
35994
22967
53574
2115
14262
32277
43356
80291
24458
60629
58478
66554
78475
43437
72211
19267
38977
44279
1952
10735
250
13990
82447
20027
56698
25921
52404
47537
62092
36678
10450
62054
26160
13930
45133
59858
38304
52079
23204
48178
23356
76265
8479
60010
74075
57127
51367
12539
27952
8254
82081
13229
8109
499
65230
63253
74138
3470
68951
80150
71866
45097
55039
18783
69240
40775
57416
61881
37381
82205
54591
25091
37900
40869
69855
5048
7428
80415
37150
71862
48299
12488
34980
49413
50380
64371
67368
77769
14216
20352
15579
16518
82127
20463
37949
29556
36180
24355
56553
23690
6286
26285
37419
75354
81031
79474
24098
59637
21845
41819
50749
52656
6787
45940
68692
69026
40653
74065
31679
29668
25254
53382
80876
30036
1319
50920
60654
74443
74529
75684
57790
73987
13271
63228
59037
56278
24530
7809
47943
35514
68212
57388
36124
49619
75227
32656
48056
74384
28451
49455
14634
65253
79261
76868
33085
72214
38704
28978
53437
68565
65245
40636
26110
31284
36479
37303
41408
42142
70194
12592
23579
40187
28123
18569
17137
59352
81999
22561
75634
76348
73530
67741
944
66842
62317
54959
26636
30678
37976
16395
4279
31228
6395
43543
33326
13265
45278
72385
78018
9023
40840
29028
36865
47416
43799
40848
6820
17268
64720
26592
69080
57595
57807
26240
55212
14372
82263
32679
33926
11876
12043
65940
59359
1556
51385
14563
40388
57337
46930
33079
44615
14761
61611
32062
82351
36422
78981
61747
23126
61606
40281
21432
26848
73594
31882
19830
72637
78342
12425
39157
68762
59217
80849
81726
15467
39048
55399
45797
54677
69951
47882
69284
30404
28841
2294
63534
40225
51360
7367
1366
2153
27227
66118
56223
39009
36107
73742
78669
50910
6974
61163
24606
41022
67590
22300
60756
66160
34315
6328
15708
27603
34809
16784
79984
58524
58262
51988
64736
26746
11904
51783
48598
74030
49033
65602
5872
4054
64799
64832
35461
73899
76789
68008
39573
77377
82544
81776
30200
9909
65363
53083
13853
75074
37367
47673
40431
59917
39434
27794
40190
256
59428
44548
69959
46317
51069
17360
20198
19485
80905
35194
42681
59407
8078
22944
74710
43622
45980
5641
48973
13552
32683
44478
79979
62131
62778
18098
74581
71806
12421
71740
50821
18137
15782
82659
7144
66543
65728
2512
25164
30808
5547
4052
68407
36379
71077
18808
35405
68526
24443
66169
29845
7041
42826
4747
29229
31739
80161
60429
74476
6615
2736
66922
30661
79796
55136
73480
54459
38369
3705
31381
64628
73462
23250
69508
14300
16239
22015
63762
74544
61416
38586
62012
81028
40972
29774
213
15502
81705
78720
73947
25864
66216
13511
3580
29661
6493
79484
64271
6836
49825
51767
40463
20872
28726
67029
15231
26387
62215
73964
48959
80982
80526
13743
36552
77128
28256
61880
47633
12382
1153
48669
17264
30462
67976
58684
33150
66293
26913
71321
3318
29898
60027
15460
76056
12970
70129
72009
47312
75038
55259
61514
81046
8720
38870
38483
8953
65469
36342
68822
68638
78376
47751
58455
69837
13540
24260
46902
27452
57333
9779
64646
77824
28835
48305
7508
63338
1907
59335
71361
80725
54228
51297
34281
32749
76619
69824
6121
50312
45396
69105
32188
78727
72424
6107
60137
43577
23935
3753
6715
13226
53033
72392
25448
69144
25502
2892
48282
66240
5171
79199
64551
31039
21534
1004
46380
70945
20298
23117
80377
20648
48611
12180
17758
32288
35157
29813
34434
30077
15480
56183
61208
23371
28104
67578
51946
52064
56158
21300
70671
59214
52324
24375
43929
24902
62147
66012
53326
37454
61713
59798
44894
24063
73271
17023
20573
16109
66242
80881
36512
42359
38087
12886
67098
35792
62283
26202
36154
9036
869
81049
57312
30424
65926
794
78716
20803
29528
80103
67485
74790
62739
63923
12667
9039
13982
60639
75525
22278
42192
63722
10052
837
59198
57199
3132
45605
32027
74395
76603
35018
13617
22388
53870
82518
79114
28190
30265
36039
62020
50659
57135
70333
64410
77075
60448
35589
80502
61988
40132
4705
72328
13607
13698
1296
58062
50460
25965
49248
24616
65091
20639
25188
14627
67608
599
5221
3412
82016
61690
14199
80766
36768
49137
1961
80936
30901
49203
45187
79501
58494
30664
16523
53738
4391
73566
27232
77461
71631
26265
30351
47927
81625
8721
43367
64756
8753
2702
31502
63099
13156
21825
80174
64509
60914
72745
54516
64402
81993
67210
2257
31111
1633
6599
35772
56510
14552
21372
81454
19055
31895
70808
11585
64483
24161
59292
11288
76339
79585
32116
66569
77816
19219
54577
54287
16798
21379
6109
26711
5264
17983
66919
61319
13804
79746
171
19316
49913
13439
79972
44172
81804
33924
69066
14808
11414
79581
57453
4349
66348
28337
57285
14169
63266
75031
76225
61480
69748
53435
7130
13218
28658
72778
35681
13202
73470
10579
54441
62358
50830
35392
18432
19630
14054
80306
8621
11320
46058
1280
49475
58943
75821
43501
26918
58582
20112
20066
14276
64491
29290
4681
54131
24027
69335
13285
20046
61789
27282
48067
51589
73892
44982
59237
22940
24503
78096
3102
56801
22590
62707
344
27136
69763
69502
40178
5621
74592
81365
9641
11330
59749
22815
3323
73829
63954
65135
34090
50922
66051
52255
15204
81618
42997
72820
9830
53200
70518
25975
39302
70202
16790
8915
39489
66855
46881
10250
63847
22681
72347
39649
63673
59971
72735
6885
55852
52968
58692
56232
54574
31199
59345
13733
28794
14178
25993
16471
16614
30731
630
71054
66626
68776
48460
82273
44600
10665
11281
62774
17177
40925
55859
52603
38972
17666
13425
28298
16141
14514
50245
36553
1609
12830
56629
50556
68066
12768
4098
58815
61573
78918
10336
51793
37716
62174
62164
18926
14032
56380
10027
35536
19425
64572
6816
73418
31303
64248
53582
34782
43485
43475
28436
14045
8651
46456
31727
11772
57168
72136
9233
6483
80738
50102
7598
14564
78370
44695
49674
35348
46236
38595
76491
51851
62080
17342
50318
55675
472
11233
59490
703
1288
14362
4561
13126
31859
45560
61486
74800
57629
18359
3770
77400
24957
41975
79712
5082
2555
63555
49539
78525
5147
18479
56307
61709
55834
76964
24261
1751
76102
563
70499
46777
15423
13863
63225
3596
45287
7479
53460
38670
59924
12897
43695
7610
41820
48523
15015
62766
72716
78998
50324
25418
57040
39858
41211
59391
36578
52343
63972
46228
24427
74490
51399
70144
18122
41296
46739
13189
1987
4811
33560
49321
51112
52940
32591
28167
18321
67089
51598
38398
45970
49837
71677
48706
25982
52056
10827
69653
65498
79779
55038
62582
12110
60689
74892
28226
11613
39946
21929
82195
58456
67395
50304
21025
80053
79158
50412
49278
4961
65647
12625
21213
52087
7522
51935
13023
46637
47701
62761
2163
51167
67644
75416
23909
33289
48812
66080
54707
78766
67868
44901
80645
63324
6516
37703
68095
6186
24185
5486
55820
19117
65503
59583
46696
17785
67138
3678
59225
81108
77181
38470
23145
48842
54289
66507
5629
52359
40981
31166
34684
22459
46114
24257
53252
32426
71896
34126
25508
40729
37053
75889
60184
65018
6279
5865
6915
63997
62441
12943
61153
34249
25779
71245
56349
23451
5667
45057
31438
42661
80064
26026
13814
46646
77420
62367
73321
71444
34936
27969
1709
60113
77597
62650
77807
19562
79084
81940
6269
53504
45472
78776
43559
20205
27499
52997
41660
68264
57044
77715
29456
27822
29827
27027
35383
62543
40836
5192
28244
5289
29581
4436
20076
38393
75219
23855
69324
64829
26492
41563
78185
78890
30166
21232
72090
20539
1831
24722
10964
44870
79465
41639
39893
16316
52267
70435
51787
40050
31887
38801
19337
61428
53146
4085
79815
5214
76538
21815
47819
79510
68269
13025
31400
57347
36878
43736
64535
846
6781
675
22886
56819
4140
24538
32921
9939
69059
33585
48412
49685
69574
64852
28000
78
81713
26448
11628
52308
44494
47448
36466
32765
71710
27506
79155
82400
46147
5073
11561
66338
48411
61575
42113
56276
48854
30846
69966
2568
49728
8851
71715
43894
75005
30066
54375
48993
21009
8957
22672
76053
37853
68377
31666
76367
40151
18601
18906
52141
11836
35310
4160
78940
65254
2074
61092
8234
40592
29140
692
61683
9450
72829
468
57011
48100
25018
14243
72897
26574
82538
43453
34199
21356
16810
79180
14286
64168
696
75048
8507
51271
77926
26570
5511
7651
30089
78529
5578
11849
43550
41122
75328
41472
25297
11603
39809
16981
82453
30950
63598
73262
66538
72490
63433
68030
6579
39104
48341
57076
40936
7999
55187
1310
63629
11882
70701
14572
60715
50907
9545
53351
26402
29010
62469
8069
33993
16327
38890
281
19749
46063
51887
22296
579
7288
63354
31580
41114
76461
57616
42598
57170
34485
16947
50057
53666
54612
70084
68550
61315
17236
26529
50034
70726
13921
35831
45421
52378
32933
8128
11678
30711
8749
33951
16046
12798
12619
3556
60901
71584
71868
72888
3695
70231
68153
3710
12643
71759
42342
66079
53926
20190
81521
9207
32934
47018
77326
23992
24802
410
4939
81621
32970
61383
56867
70054
25770
62297
58849
16163
31685
60614
70620
66992
48246
33083
53186
65595
70889
13244
10014
82041
31881
54661
64529
69010
23547
74374
26586
24208
18489
63194
65056
11390
55099
57483
11652
41055
1473
31434
17400
39658
23642
39103
74481
22298
53244
57235
44931
65738
13046
10505
8889
20958
56188
56460
41328
23099
14991
29053
11589
72907
18327
67833
9193
70182
72377
61797
17124
1414
16701
51077
47034
59762
40343
19889
39600
1304
30630
11263
25646
67285
31282
41181
50773
82100
28368
67462
43353
38352
33300
41900
29752
22035
55897
62277
68886
78969
3572
52122
71121
79736
69395
26339
27864
59492
65924
55916
28409
61367
43607
29378
78809
36431
21484
71976
75299
26849
57864
80332
3381
2691
26348
8019
38884
72082
52070
46604
81868
11364
12007
58436
24794
21164
75741
2588
3708
62101
2558
8668
82565
19022
81040
37957
15475
15524
67888
7952
59946
56729
13701
17106
29657
30250
62672
67259
35876
46546
80541
63767
70455
52817
48964
47066
74364
48986
16684
72932
75952
44915
67692
5911
65023
79355
19593
977
1247
19004
34329
19034
53772
1617
9135
64677
43705
45464
26979
57477
9492
59664
62936
47280
49089
26699
70393
78796
76248
9979
32087
17134
48136
75545
43358
9490
27775
4812
46976
67695
50105
29149
34920
14333
38038
23686
57744
50879
70967
49442
58666
63507
5315
29170
34701
73671
22138
33431
63210
62304
53039
27552
71969
28054
31990
17893
23340
68735
43682
1209
32740
77818
41234
43192
55553
81419
52385
47817
30274
69715
35935
24759
39131
17113
29769
53117
28039
70954
77944
60574
47544
8453
29161
29306
33231
82642
65592
47443
17811
24385
70578
4395
34915
22098
3293
68568
61876
5512
16057
13067
5703
21032
59978
9848
18163
74963
53177
65691
61501
16729
68250
23236
47183
650
44545
78850
78948
6649
61488
55391
71511
76075
65276
41659
70834
60419
35506
35963
20880
26416
53678
63389
36410
10224
64008
66325
42518
8205
11455
82492
33909
74695
60438
55843
10622
40966
16575
11718
55980
56711
79117
4755
9012
15812
4383
61542
23210
14695
32072
64821
41192
23058
8181
854
17622
56750
34609
15353
67428
77578
13681
49196
37189
51998
80039
57941
45835
27075
15440
43371
60213
2738
60866
76002
41643
5019
33784
77239
1
56445
20318
71144
44665
26248
19053
6987
61227
82107
10887
24515
69090
6893
65996
7049
45522
9219
72159
76910
81644
56065
32318
44922
34788
28475
55490
19962
32616
45642
72019
27519
44159
38834
23559
2716
36075
62788
42083
33049
42123
10744
68337
68038
69970
73505
57454
15041
65337
7431
11058
7231
75302
74916
27748
44658
62508
5586
37439
33094
14960
38860
4458
26654
72237
69473
81874
40994
7251
34021
36430
44518
20586
50340
68524
36186
74836
70519
3930
33656
77209
11321
55207
58168
78396
81758
60755
68474
27115
49867
15610
17251
81560
1187
52420
47155
10525
49180
23135
71765
34747
77753
25235
45669
35141
13561
33915
64487
14109
69905
39544
21091
14350
30736
40780
17362
4068
49068
36763
26890
42431
6467
57462
33274
26382
52177
22169
4651
80435
12464
2346
4931
23504
59432
23168
68784
20927
81060
45699
15165
65422
63901
63895
9303
3343
40406
57710
47971
71042
19792
12881
20824
30235
80904
81825
35916
15653
17734
66022
14704
41244
42822
72582
28906
2805
43045
55515
73909
34718
49289
25841
74563
57436
62035
34862
25745
35376
27932
53849
4020
35954
21352
14581
46953
69978
61767
49569
7026
45375
15277
50169
60986
77546
14341
44543
38016
61758
33436
38477
54395
56524
33627
2507
64889
7244
12088
57867
45349
76093
47047
27885
52912
53838
36649
60684
48213
67966
78611
31159
64698
41064
44404
15643
14053
2373
45757
46085
17518
46613
71745
48671
12095
78660
62602
54089
67024
80345
26999
46041
54863
11635
10482
27571
68557
47428
13656
75914
74716
14781
31543
32889
45493
21666
73020
65550
47431
69833
74115
68261
42363
1678
24009
45309
12755
80194
1010
45810
57190
25153
12654
34261
37282
68795
8752
66871
17088
45276
33045
60999
63487
64795
44566
17970
77035
53192
51291
14899
76258
16734
66562
63545
32643
76040
68741
39431
4497
80136
41714
79996
23170
18
66461
2023
809
14890
62875
15410
74195
11804
313
60977
47525
73981
33980
62882
7872
74966
3004
65224
17794
30061
30435
21301
24095
16604
24225
57773
52531
59238
67143
3328
44691
34239
73656
57944
31265
13241
78600
51584
39577
1553
14127
20517
36623
41044
76237
29185
7077
62161
41863
69216
8703
56364
16825
26062
9480
79168
57895
54157
21581
12046
14429
40824
81004
38071
27827
3976
55058
14412
39254
7195
32002
63918
60945
79321
1688
15454
31973
51685
17052
68379
57976
15537
9883
27787
82249
15591
29521
3356
1897
4225
26826
31316
31608
61340
21521
6965
37121
31567
4765
25520
75715
73501
45989
32137
44473
28144
28008
74552
71133
78011
13181
40039
79634
12876
45873
51913
44813
65514
8922
29135
54115
44309
58793
45038
29156
75922
74041
35634
70562
74460
2783
68731
59497
58290
82175
26580
59746
3259
7072
16499
37735
23430
34546
80687
57851
36979
60199
20304
4299
28306
67719
32497
9140
18824
32535
49783
13388
22642
81114
65041
33247
8567
3574
20988
25092
49879
67034
2233
60160
75844
9404
34558
25951
67176
67120
39092
33700
35882
42294
3522
16638
60699
61196
75758
41919
11368
54980
63150
30033
82009
9943
14525
45285
22128
52522
19687
75675
76945
38218
22226
35080
37024
79040
67332
72243
17163
25838
55019
14272
57607
18748
18582
76041
4620
37362
46648
33668
29858
42871
23792
53183
24580
58855
19937
72533
1923
74898
41326
6439
60601
6939
60907
519
67117
30057
34873
67778
60365
81319
77872
51095
1285
1044
69421
79540
4899
18671
19370
3390
54407
62430
45193
2241
30672
50492
30133
67251
32128
69262
48481
15963
38403
53322
18371
66188
76832
13572
79867
12765
1424
20493
12983
71727
38825
40479
37427
33875
25653
54390
61170
9650
36468
44750
2002
31134
19701
34773
41734
75874
28291
76319
13768
52239
66389
30049
21263
73247
16231
66060
32758
69686
65801
49187
56920
79547
53854
80071
41356
25413
21073
3494
70075
45816
60887
8227
78407
75909
2196
53507
37155
73297
64593
77890
75689
30190
67720
33732
40670
14394
61805
44173
6746
56504
51425
46374
10928
52105
19862
50060
11101
67179
81534
32735
43412
62581
4791
27064
9635
46467
21519
6357
39260
55057
28806
44177
78580
65896
26903
56019
6408
27084
80370
68903
59811
67043
53156
33341
7973
40252
75813
33777
69954
22294
26861
23522
62122
67997
80356
56969
25755
21455
43405
63949
66912
75277
2699
66768
64456
46707
52805
67851
38364
37047
38428
7837
67406
1066
41370
54238
80117
7448
1613
10399
16341
33818
27426
62403
21921
72538
58001
8138
46400
51745
41223
19278
21684
77703
63313
77204
35228
27226
63054
29915
56574
23844
23431
21856
43013
65181
43240
5100
6169
65747
55773
40096
45478
69043
9952
64215
45618
17239
14599
82095
54770
50960
65462
30069
54937
41419
80585
45138
44361
67602
74786
8620
68612
3736
6725
31447
73821
35523
1030
29896
56182
17764
75313
38261
67269
2601
58055
79755
259
79186
29345
78337
34823
53762
59506
67839
5931
47344
40306
4311
64046
44353
70862
51681
55150
15258
21590
45433
73164
46654
58698
27018
9884
56179
77864
13498
10287
23010
18826
82174
75714
29986
41593
33558
66542
68958
36789
1465
50600
45904
11980
59183
48757
5642
4076
39923
73948
14034
65032
9604
72514
43643
23551
64635
79136
3760
58572
2877
29085
59723
68295
72074
59524
11146
617
36092
35144
2396
75433
62636
55478
31275
18027
40413
30488
75620
63818
8431
18289
64611
81366
74036
2278
34658
29105
28037
38570
62919
61962
42076
56215
61840
29016
324
54616
71825
73632
22631
15291
9761
33062
64521
57368
50476
52662
79089
54606
24828
60144
67736
67286
25700
14846
71817
48123
58267
19158
49660
25572
34675
17804
23028
68710
9316
37373
38480
23240
81266
64894
30394
49271
55213
39085
70385
29627
77308
5851
59566
54053
31813
38758
15746
27835
57251
28695
57588
72787
68427
79093
44592
9041
21746
7675
28717
52047
5177
52858
2922
1730
2414
82450
13255
37312
42407
75065
30472
21143
7193
41342
12216
81578
13816
66363
58040
34050
41505
70935
81074
61451
34179
66713
1955
31949
39360
54527
68926
71011
25324
17886
29966
22780
47506
11942
4958
57405
63813
29598
54739
16024
52756
45311
56905
70407
54947
26035
72035
55872
76954
64365
31095
67882
43056
77414
64064
34034
54923
74729
41744
40747
7817
80530
49551
25108
40160
75208
60207
54791
10936
48922
33526
39378
17721
17636
61698
63943
641
51334
42608
42129
37547
13382
6831
33335
29046
37492
38746
8133
30284
6930
73756
34054
5775
36860
27926
65298
19725
32033
77120
20433
37468
68247
58086
21705
33488
49277
9115
6317
13740
49948
10716
60692
7092
46408
14470
39480
61911
27142
59245
68529
27438
42467
9313
45935
14948
15065
10405
21512
22652
18626
35108
48890
69019
2775
3473
2227
46187
58200
30374
53007
57631
52855
48858
34033
46109
20888
42021
5569
77850
29352
19056
55507
66253
59180
50359
77565
73110
9053
20223
61667
17770
14119
70340
6830
17521
37098
24890
30144
67919
33769
6519
5146
24624
56425
19233
45062
28876
44333
67560
59064
66166
54084
18202
43141
8993
23741
25475
41457
11564
31667
30020
42399
4903
61262
66958
42330
8060
3317
4327
68542
47951
23061
15449
68856
46891
50642
8696
54910
33407
8144
48637
30812
58019
47117
29821
39005
24351
23025
11070
10870
25109
35020
68715
63162
73646
1856
67129
29806
56948
53525
48775
80048
4223
39282
47758
25808
63299
1178
17580
3648
69836
25147
72626
46574
45860
8193
3969
23018
6459
39200
39640
26599
13149
37081
66939
35462
70785
45576
78236
62412
16058
63328
61569
73222
81725
66584
25663
47064
35847
24457
31003
16442
44958
56836
8396
20541
32202
26210
16579
54435
27632
62539
75335
60974
29878
58339
22063
17467
71344
1803
77381
69109
43776
77801
19241
19672
33181
2211
15044
62333
25099
4264
334
7380
14084
71101
77270
51408
78931
7959
55361
40287
27583
72354
21319
75464
53372
4258
19584
36172
16887
79830
5758
11926
57249
61834
45125
41837
11397
81100
56109
59533
20248
78157
23088
60949
27216
30499
65385
68840
77515
32407
25384
56121
31222
77764
21646
75118
64910
51086
21604
27069
6569
6330
70858
33554
58870
43219
63244
6258
60724
5098
5769
513
54760
42374
33690
45645
77230
76632
67564
31050
75866
32363
40195
57770
65001
29450
41053
11019
20526
33121
63469
32887
20917
58194
73639
35325
69427
72438
19715
65629
63127
21177
45744
15873
3620
43854
21911
6801
71453
36134
31541
74059
15726
5185
18002
68215
53501
53330
31732
53377
22828
70364
19419
75929
44534
26016
57797
31010
2898
41719
26058
47474
13356
66622
80033
1142
33265
28126
33306
62820
40894
64842
7586
41442
17488
70122
928
54686
69677
12565
9389
23875
52497
51898
64240
28136
2176
48761
40289
51515
66144
3288
1939
21049
78539
25866
51938
5002
17357
14579
15684
65919
2363
5071
7369
79413
68748
69907
62991
34136
3823
74304
76547
74244
22286
58923
13466
55339
61398
47603
52725
3931
65086
45033
12314
49313
81666
65416
63753
69597
21111
44714
20093
38718
24985
3504
50160
8933
43336
51536
2060
61915
72227
59833
23275
15543
77367
2584
46203
59736
10988
7765
22269
6057
79195
3360
43618
40233
41940
73347
42798
51957
77491
66476
15183
12226
27412
29702
58590
55432
12393
31968
56794
912
12868
33684
31008
10394
20732
11489
10800
9967
7414
55195
57232
22010
41758
46280
8092
27453
38957
7273
41003
19104
28701
32023
33611
12476
42251
80948
50430
80703
14348
53619
77245
62313
42279
20675
8928
80865
12645
14685
12323
71615
62621
71100
29358
51480
5529
60529
14839
69175
55807
25469
23532
20501
68643
4449
64415
41970
68220
30509
37274
41827
74247
456
30919
75885
32976
63380
75926
71720
52301
77916
17934
78642
14816
30336
47499
5835
31327
21309
6119
17709
30941
55258
30966
23899
13473
42890
66881
17468
57158
64503
65432
63944
55850
12278
32194
78879
14928
58533
4739
29490
58118
27155
62150
49823
74542
25026
8712
57036
69447
20670
53604
5076
76482
81789
48370
24072
33217
37584
28818
30246
19143
18259
6691
33840
58338
9873
50369
45801
46346
23892
33707
62784
67335
28742
26009
42231
18689
15761
71983
52449
51088
5016
46787
53541
76035
7915
30581
36309
5041
40216
56660
80580
52228
68055
7654
80779
49518
8734
45772
5416
50006
9867
35598
68758
42241
43267
9620
13785
41670
2120
47327
35296
14163
64496
54731
82251
65140
575
30531
80005
69534
20091
6202
12061
16594
73938
75271
62595
63535
7119
36181
19503
19224
33450
1102
51729
22707
11917
33940
50116
14039
76852
19411
7900
24197
16048
50591
82290
23634
70994
57564
10205
36613
45549
32195
22119
79201
36538
77194
72563
27204
48452
67956
52598
33349
39881
14823
68365
23995
80771
39315
56756
39337
5760
40770
55891
79673
42257
55419
16029
958
5845
63610
9254
48779
55052
65965
53400
37449
73853
52515
35677
15492
72799
3401
79616
4314
47129
74447
80694
32722
48696
1667
76145
4214
35422
21400
7978
20310
37924
2868
320
69142
61992
79460
17195
1125
38844
81177
39355
57931
57289
62977
45362
4520
41492
57361
13953
81369
54999
35231
48406
52149
3185
25958
71386
30164
75499
66432
29608
39569
80442
6586
27016
42676
46538
22159
72217
48049
10217
69711
65985
9816
15404
60860
11095
24282
22667
32222
57998
24244
62807
47880
5939
1835
15379
65129
34993
29576
2021
12658
28110
73186
33705
33929
48163
5902
60178
65297
32771
3589
50639
30645
80895
46660
56535
16335
63695
15094
68605
39557
3375
37293
77908
46017
36964
43772
14545
3431
32710
36298
31934
66352
54356
10858
23000
1590
31559
35187
37219
5303
23178
80166
20213
80483
43228
2474
46632
10707
25223
34086
15678
69084
23586
65030
35687
10134
56860
48351
22738
15143
22112
10183
48150
71632
23782
29385
6032
81302
81547
36824
18096
46076
8515
5154
67791
57816
43771
21557
37535
2665
40376
13503
79677
14867
63024
28810
19270
40841
160
24699
4056
42809
13091
36085
78183
54428
72303
13838
70874
55523
802
80515
39965
37544
65266
62002
58649
32160
47289
76776
44940
16020
18273
25046
51627
17644
35739
79657
8093
6668
45100
44269
69185
38106
41286
11062
17279
12367
62898
17068
62220
25136
30431
62620
49658
24334
32806
14065
40886
24920
62394
26684
44121
30474
7507
78607
57540
17287
2039
4778
19613
15864
7109
37867
45212
20563
35802
28672
33749
49599
43968
80300
62918
45997
47608
45900
20357
18420
62559
14094
26325
5472
47870
39921
55661
46031
2835
65084
43305
19084
25316
2903
9244
24888
36887
16986
4031
34432
54306
34153
7305
49756
64987
38727
24013
54445
15891
19199
27186
56282
14471
7259
39493
42505
43210
33506
67334
21923
68183
8352
48418
19692
2801
626
53980
47483
8886
30446
69704
41960
68169
9715
76176
65008
60188
46392
31793
34617
50853
30139
11376
32362
55134
7882
62421
26816
67585
41436
3900
15994
9333
76043
79716
68228
298
75479
1816
11033
10833
77977
5202
38039
60877
14683
52550
42618
4609
73771
65113
16016
42810
22090
46459
36500
65165
57284
54958
24285
5337
15023
27471
22024
78301
31015
63374
18227
38885
33487
63120
7766
45455
76785
20420
36197
61135
60520
53143
47171
30419
13333
40599
7227
44103
62227
75649
51826
44195
13647
3073
76897
19904
2471
58392
33198
21407
19669
36117
16458
9295
50230
36460
56719
59419
15769
67593
82451
48129
24942
61604
68858
44492
47492
73546
483
4092
67747
58134
4571
43530
64314
15156
52571
48556
72895
67488
60498
52932
25118
18960
34005
27702
1489
34066
36271
16758
24575
58727
39101
46495
19072
53181
63798
45591
72202
36069
2017
75990
5766
73555
70491
1021
13897
24325
21127
27980
27043
8843
64831
62760
73070
28557
41668
72670
24329
17919
78512
64452
8800
80205
64183
40298
64786
38757
50608
55951
5003
29056
34111
75507
60565
46070
59382
26783
24558
61748
78136
1963
28209
70986
77357
61666
7184
6541
3921
60717
49781
59480
63281
12610
24416
66133
10092
8664
49484
39420
26624
598
2043
19379
54873
35781
31308
60493
61073
66246
76083
21271
58383
35680
30851
71331
38813
64798
4253
66749
51949
22693
61276
51003
75561
34253
50650
56317
24441
46600
78221
16284
49576
69034
78357
39781
9719
47455
3816
31119
57720
77444
41186
32399
55901
13059
7409
63649
38632
28389
73873
46673
64393
32482
14309
68309
62514
40164
6018
7085
19375
18011
55770
5518
58765
75704
31854
48494
48643
42398
47582
50124
26618
40123
70597
33093
33261
74642
22768
34900
66456
15955
76326
44427
73794
36528
20102
30124
7344
11806
30767
69868
64315
31294
69843
21094
8704
57875
8041
42377
39228
13709
19641
2038
47128
16982
39478
19565
55182
38963
51813
55282
44606
6671
55709
54724
8580
58107
44062
42813
79844
44039
15939
30988
49035
41600
36584
10918
451
36447
50272
18864
61737
50428
77681
69768
15814
25718
34957
19871
44141
52284
29363
58336
56165
34291
16934
22894
8207
28232
56100
41627
44885
9904
45180
67513
17565
53969
58308
78552
35879
26771
2324
54715
70031
29591
11687
26103
21718
78283
61242
81438
77449
35179
5145
43600
61312
57782
11822
75996
27995
6791
57982
9004
33117
27726
7396
3050
25624
65585
65521
55497
79425
28745
1802
53942
42760
19332
14594
19884
79010
1884
58740
75364
72403
15022
8988
7207
16294
38567
50583
80939
41777
44077
18170
7537
82588
33772
15687
40488
529
24837
37217
58228
3054
46693
42214
68101
81877
44394
62250
35471
8009
78638
36658
1866
74571
82481
81388
45500
58473
34346
66887
51139
22925
73243
5043
30432
76542
32657
63422
27734
4450
69805
42762
58544
45927
50179
6641
60089
16263
47306
48911
22308
71964
19301
51499
22050
18500
67312
19445
4130
31439
54153
76560
5028
56026
30790
3807
12711
39453
48077
80238
62405
33812
70348
2384
38124
56847
65506
21648
6247
33823
63864
32574
19836
78840
76766
6859
3503
38592
24674
80196
73435
1208
15629
13645
75368
30807
79875
50004
54511
43091
37385
18176
69737
50994
7688
71304
72444
70970
55541
80654
37885
40483
38763
31933
75842
13034
63305
42665
26175
14977
23107
28725
24816
59595
47385
23411
79362
19521
56914
57669
46558
69659
68191
49337
55543
6377
36559
44188
49908
37201
16323
22018
68472
66560
35827
34462
54743
21385
26846
13140
34351
61653
70076
47907
52575
50402
28025
52800
46825
7581
43377
8124
27986
35544
37517
42603
39417
82432
47890
11253
3163
82435
58057
77111
2638
43387
22453
48155
21297
2878
36850
19453
80187
80282
50846
66755
47060
25848
80443
6553
75008
79440
25988
5859
66833
37991
26932
69933
52247
44877
24103
53535
8169
38169
55923
36685
65542
35429
57266
61504
49275
68644
77136
25007
12927
62810
17684
64186
2012
77837
80825
13134
26379
64537
37015
24847
19283
24053
15808
38367
63583
59656
18908
3907
67776
37429
77018
54299
21329
82467
26390
7796
31473
72707
11891
42362
11696
43522
12791
53885
7370
8628
50251
70241
70443
3334
16425
8686
20153
16567
6767
14488
82656
5273
56302
75985
75989
19746
4487
74388
9585
32990
1266
74281
29639
81140
28502
65770
10417
48096
22218
45723
54145
14252
38241
71201
38815
29884
72318
72771
57509
82502
3488
38782
36053
59255
22436
46554
55635
1720
26392
10468
59808
4978
81215
17217
75892
32891
79858
8072
52747
27341
65916
49897
81985
13700
33269
73198
57824
4481
78791
47164
10693
79529
11360
42908
66026
25567
6009
36549
78471
4473
59903
70353
52027
45859
8463
4063
31492
30877
33478
33878
62790
54190
51540
78218
74656
33353
80093
28982
58748
31711
72596
38877
36843
56175
29284
81635
18215
10710
29706
45539
71210
68053
52994
52195
17821
53895
33851
22930
18653
19556
46921
67004
47655
41962
74527
3475
10689
20025
58677
74335
62368
57395
44647
67284
27223
32670
50521
23859
65853
42720
5886
50482
71645
34678
41466
22607
32323
10791
8769
13582
3963
79241
1441
69032
43179
19570
66330
2617
6149
15218
53907
1944
38260
43345
52129
22858
9050
950
73304
76593
74923
3663
32344
13300
34958
4660
52565
40422
9500
68747
19288
56569
53336
19475
3914
39121
40934
17450
55249
35578
27893
55427
76720
73993
36653
18967
71476
82633
34400
17535
34540
18667
55934
4927
69128
68434
53992
72852
81897
19803
5591
44987
44602
51467
38115
66535
2933
34127
49106
676
3746
30188
69753
36632
15807
68328
19091
41631
34364
12808
28798
82333
9156
25565
81402
6623
71832
11599
20598
23187
39911
11756
48019
62932
22746
50566
14016
54227
3135
51769
59893
40303
33440
17045
11723
10243
31189
52623
27124
50513
14515
71163
1815
44855
67535
56747
5934
53345
79441
10719
57426
64352
26491
27310
31261
72282
15388
59015
77061
70990
57209
79895
80054
40863
79824
8326
44087
54751
62876
23045
36059
44727
27594
67903
64580
52224
40046
56603
9174
23463
50188
58761
41857
35454
10409
52576
38845
77920
15732
63393
18314
56536
70608
34634
55961
34468
18436
1403
79651
31540
69687
29811
1133
70617
35390
43323
55896
74899
374
2537
46026
45844
43902
42271
47576
35652
33159
28461
33552
19759
28683
31822
26293
18998
34308
47541
58206
12725
73661
39794
60708
13634
2192
81592
34175
66932
56075
71993
68689
2575
23447
49331
64663
20075
49686
22441
15978
43809
62689
37710
69241
24601
14219
5944
17614
3986
44812
6388
1115
19528
81246
63970
13294
20477
69471
51234
14665
59836
51256
41751
67245
10321
49668
43969
17837
66863
52899
22737
27842
62486
23535
31784
28397
60101
5991
54896
77305
72100
75200
56147
34829
73917
75830
71660
31586
40309
79949
41094
31931
48469
50862
16357
38378
68702
4153
2845
41688
3169
8220
8462
43366
39023
17227
26481
23655
9577
30744
25454
29322
55024
55371
77213
53599
47422
39783
62848
68676
47353
82463
46479
60325
57114
64228
20326
71341
12713
3532
20460
26080
2334
12706
47154
18019
60018
55917
61663
26839
57839
11886
79911
67917
35524
43833
31903
68771
27566
18340
49074
80199
49171
36257
19191
29470
75151
54330
63868
33912
8156
56451
74079
75415
1971
40183
21335
52349
26670
21725
37105
38921
45006
52414
14208
62613
19328
43515
20756
43477
11245
59677
31085
72300
28670
19891
7949
59915
74339
61932
32948
54564
24309
28522
82177
8408
29823
48362
24136
16562
51415
81352
38684
38600
60037
53300
17048
72414
15167
38628
59979
7470
72788
63683
57097
49634
77840
44764
27208
23086
1431
72890
40588
65210
22869
20735
82556
64163
39999
71656
56196
39930
34065
76355
60465
69403
81298
32096
16208
18219
49607
24750
25266
52042
47143
22865
5777
25401
15498
31055
43271
34247
5892
14850
40140
76274
14377
72167
48594
18370
67705
4824
46845
3604
22193
36163
41102
77999
21260
70571
66556
81570
42509
881
16662
63362
32684
11914
17471
12330
278
67295
36894
27037
34595
32841
64942
26076
49151
31511
69151
49960
29250
2972
38926
4662
75247
55277
16396
55400
34069
24830
32380
3277
11645
39338
12402
3405
9488
23483
41017
12064
18543
6266
28857
67843
18911
17372
24567
7530
66031
34691
71504
80081
41229
14459
20260
54553
37868
4014
12359
9173
30240
66600
6547
42754
70589
61643
16690
76842
44412
4287
71332
46836
21657
61003
10741
18813
77762
1081
21103
2082
32417
35501
62060
75451
6353
73368
24715
57373
68961
13367
42544
29797
27239
70742
51754
67875
66961
25137
68145
32546
22272
24987
42886
16804
49871
40370
31628
19851
56924
54779
14440
5070
41392
31408
25194
5285
58948
11427
19348
4690
30288
48503
20690
49921
68281
14651
3804
34559
42455
31873
54620
32241
53422
44318
13664
37350
9999
34383
30680
38812
12519
48896
30682
3173
62643
69991
47153
22332
28541
19461
8759
9381
43003
20767
62414
10153
51206
1195
56731
72698
71352
8473
13715
43447
25763
47567
20255
1237
71545
52415
29203
55994
27198
4439
68371
77953
2942
18299
73337
5919
18105
24701
62630
16254
80462
3442
15717
37044
39749
55489
50699
29272
35884
42713
82507
37461
57455
63274
4198
80901
42855
20399
53438
53952
25343
46775
2103
69218
52218
40043
47200
26702
44386
26238
17751
64666
21808
27192
3923
1065
46583
75388
23494
35936
39259
49095
56682
2745
34216
55656
43253
80182
8793
80642
25926
72193
53674
48766
5854
702
4831
33065
26862
8646
81368
71461
22343
71020
9069
33617
15132
48702
54640
27828
35114
6419
38760
43647
51130
66627
43741
17548
3061
20373
28221
75617
51329
66772
46439
33493
45476
22725
22580
4630
58012
45045
48493
20361
11401
68121
43396
55178
56674
4152
26425
5606
33172
14015
58732
2063
41982
5318
53830
79379
7491
67792
71165
46985
40397
49536
73940
33890
63461
65282
25635
45307
39343
56119
23936
49613
76876
60317
54535
51878
62946
26609
54204
27918
67732
51551
19639
17003
65220
27588
53878
80663
4353
43286
17385
80828
47131
6299
62053
46854
7489
8821
16503
28693
11448
11505
52258
47786
1001
52699
58232
34487
40072
2957
16953
59001
50347
32462
34645
68685
37440
17512
45627
37235
32566
38945
18207
45372
69796
3329
60336
61855
66996
31857
36493
10188
41573
66662
42417
66924
36712
33392
79051
33828
53908
918
30032
74122
54785
69125
45976
11016
63933
20826
4411
50194
20818
24807
26579
10631
56372
61482
75443
19969
67133
30783
3857
20897
5987
69375
25003
74639
44625
74948
42835
32074
45435
25437
1100
11474
80757
46483
30110
55243
34751
56325
18279
47559
21566
54123
29759
13965
29416
28478
37409
66760
15176
56828
29907
25735
34712
79037
82445
34224
7017
194
81038
53015
24879
38221
22199
25991
10952
45646
30652
29617
6734
56416
25330
78083
8200
23832
43663
46276
5491
79726
30403
62501
75100
6446
27811
81834
19210
24917
66138
28435
54307
61460
33726
16532
891
49231
16754
30970
9670
71225
78772
48563
78625
15777
75405
5368
8558
74882
3338
55798
5157
56686
74984
73802
51604
15619
3287
59784
11740
74995
21202
23068
60627
1875
78266
12839
49813
69306
47768
72205
18611
9525
33760
79905
53643
12778
44232
9901
40826
59698
14625
6345
33521
73513
25788
43038
3430
15357
9107
60168
38662
1161
23910
21037
17714
53593
14608
9630
14156
62663
55600
72312
66704
29317
73169
11061
77287
51740
52453
57812
58911
69330
9892
81844
50265
61790
70529
7401
35153
42040
39076
26740
23734
53281
54879
58968
56242
57378
17862
53698
36345
6869
74524
38637
426
20053
43150
56258
71622
15249
34981
4467
68290
16863
28761
6065
59543
4493
25388
59179
21238
1326
28237
21694
82516
22472
9857
40421
80669
6133
4061
56560
7159
80897
9938
49673
28773
81736
7514
71188
13318
66182
5683
24144
12909
66111
3278
51007
39285
38354
13889
16476
1047
81653
2759
46299
41533
79221
57148
57112
21040
20707
37786
55971
55237
100
51470
40467
43137
22553
10195
35975
11511
657
76701
37640
44760
70036
32696
7749
24046
47710
29682
46552
61352
1073
21129
40329
63273
27472
44889
54804
612
15032
51636
43257
26943
42735
55696
20164
10296
56117
22544
26778
25302
41727
55710
58043
60876
18703
27801
731
66103
58141
42100
26298
2941
1677
489
81218
72527
65711
26963
6660
66771
38410
19410
28066
16960
46221
53224
25903
36668
17200
16128
3426
26675
27026
19522
38618
67665
68113
34077
63201
6843
39221
25282
74087
54672
78434
5433
24019
80226
17609
24337
11889
59516
1037
19845
28866
8804
26956
5343
48850
56778
42446
54555
25811
56201
28783
80984
5924
6093
53363
74234
24912
43889
542
5120
73584
12953
75772
57292
66497
43140
34415
71937
32779
79935
11582
19704
41078
54078
4615
64390
39617
46809
67540
5795
8338
26514
42779
72645
34429
43843
7232
48512
61111
56618
66733
5909
79786
74429
23381
42877
81573
54596
15562
78112
73568
56243
13904
56610
48862
59631
14535
15634
74906
45086
68106
32209
76008
13568
20215
15282
22579
13326
25715
47102
27400
26756
35286
31056
15207
30100
68312
5748
48249
10528
54933
52767
16302
41349
32099
42951
29932
27546
41330
8554
25901
66853
27939
33460
47524
65838
64170
35412
41872
232
60809
5414
64441
38276
24360
74859
42842
48289
17351
1681
45683
39711
28673
17028
9983
70879
21536
35751
69723
52320
32823
18805
27814
13608
55984
76714
46048
74103
57623
22487
68402
42060
16094
39567
19476
77774
34755
30875
942
2522
61547
70294
47778
56228
73682
29638
4227
22317
39981
45905
4780
19167
57408
53411
32521
12215
6491
17746
67955
41500
37649
16905
45738
57291
75242
36997
55877
30255
81884
66301
66005
15797
30777
75651
43497
55149
52719
38546
44012
14680
36952
46415
23059
53468
2482
50501
71094
48252
8745
50965
22028
40145
13643
34661
11698
18337
72720
18072
64256
52018
12939
55634
25531
12436
23769
24777
57910
9571
55197
33997
32012
35274
24728
76421
5022
49740
41200
4890
53915
63046
70173
38792
80921
666
81347
59574
54540
31351
45762
1107
10229
7063
59938
34833
49967
13359
77645
28358
9880
6902
43593
6507
63369
6103
17192
53271
49344
49157
4376
62263
73116
50847
79717
39632
79747
53662
62711
2316
80706
77424
52812
46703
19923
1695
47863
507
4969
36232
16995
31027
77460
79034
59737
55912
72994
62772
47853
67788
52178
17358
20462
39185
82579
42090
28161
69556
65519
58159
69138
23746
48050
18883
57878
49719
11997
79801
3830
21289
18087
44508
11156
38188
19176
33074
52580
34599
58152
51326
7263
61966
3192
57684
82349
56252
73052
39670
22171
73155
36803
29244
46734
38413
34089
42646
74169
37854
54257
62234
64689
46592
25055
43792
58320
20012
21982
28944
51451
14102
30343
3421
44736
35646
49076
20942
55042
23822
74546
34264
20445
54598
15081
3992
1515
68105
38079
1861
602
39744
31234
2819
10960
45654
50244
34963
77502
17302
80840
53211
26748
4856
24394
68933
43576
56958
35939
45733
62722
77686
31378
32897
77104
52211
55363
78160
19125
71313
46909
68180
29249
44500
35969
25924
32354
65995
24614
31484
5155
37223
21799
762
28074
29631
12750
38623
29321
1248
26200
49966
48621
40205
51488
4557
33112
55933
15118
53776
28063
31655
71330
47643
28442
31339
36334
23329
61718
13694
49912
24585
4987
28988
23647
68486
68444
60456
78466
74060
52326
14352
82062
58984
7457
60332
58659
69896
25305
19039
44751
51106
10133
16065
74919
16768
44892
15757
47918
80142
48386
65315
17480
70371
78569
18473
37297
39886
57544
12335
31620
3575
21769
7849
78156
47103
37624
68480
49835
23438
9248
51068
36955
45746
18467
30718
64613
31981
35868
45769
54317
2347
47666
11470
42227
68807
66254
37872
68500
17911
57147
54075
254
12744
65625
45821
466
68991
43186
38486
25485
60694
16492
39815
10042
62504
64766
25942
54117
14860
59092
10727
69052
49499
40410
48652
14301
75517
72183
38002
11023
48814
42470
34878
11795
53061
35037
13807
77661
75555
60889
11115
21864
8021
18125
15536
20133
10982
35893
9932
68979
49430
23048
54186
12133
64273
2090
12602
21675
10921
57120
4255
40582
48224
68663
79535
41050
41683
17078
60248
67475
2054
71700
65175
27000
56985
61419
27393
78504
46110
7571
45242
70848
20185
66086
9418
67250
38478
30331
37777
60964
32563
79030
59714
18195
48205
35840
14079
20037
1937
64855
34311
61853
59099
39523
64728
13791
2045
3731
27249
69516
2620
36923
53048
79274
76472
62878
56993
69236
61860
22236
71591
77574
6159
23098
61467
56988
50394
68601
56080
58944
5126
25801
60511
15047
23755
76807
7246
12416
2532
46340
79271
11176
32915
26045
50793
57640
51800
3549
33984
8492
44704
6546
38232
6238
64973
20363
69118
2433
51181
53556
53517
40449
31963
19280
80637
11497
11607
47838
62712
43143
13544
51923
33801
60021
9781
17169
70723
62802
16505
23490
535
37265
4073
76860
78946
7653
39754
76501
34567
80554
71014
69784
8788
71531
44989
7493
69072
55631
1383
44515
79309
21439
29649
82426
2338
76746
16691
39732
70278
65288
56807
79318
17183
2450
50377
7417
10940
5396
20180
13412
37761
6287
50106
14242
40378
7616
21643
9337
14740
25858
67399
8894
13212
58782
70197
52233
77495
1253
15716
26671
51659
1702
32151
13141
47826
52870
80159
25732
43110
48196
7200
46142
64848
54034
28632
27763
18079
43940
51574
12792
39294
6809
27663
68802
62571
27222
81744
7353
66224
37393
33000
59904
58518
10652
49423
3142
76794
13371
39811
2111
1358
73606
6659
42725
6561
44458
9570
38636
48750
16529
59233
78965
64568
66977
41019
2307
21632
8146
31529
15849
69643
77264
82167
70223
38494
39164
37565
12351
11008
63728
3458
79789
29265
42496
11209
54589
791
65067
38056
5500
6315
62721
76476
40148
18290
6681
61104
66419
41221
77932
35281
56421
21696
39399
50792
73874
55347
27599
36717
40265
71628
18245
48878
26516
47005
69251
37931
14424
63387
15092
55908
10459
7334
76762
2657
49044
81487
49377
33754
56930
76692
76991
81679
10443
72361
4270
22805
80260
49761
1347
31574
49936
82014
44468
39057
33393
11735
2129
7100
47910
498
35316
54484
46911
13329
61116
16175
77524
63875
18108
77427
43828
17440
45303
50357
70266
69157
45134
40760
29357
79977
10175
32506
42913
47496
32587
60111
51450
44949
10035
1276
37707
47026
81022
81285
50384
54366
65605
1003
67706
22426
5527
37852
26306
81766
35425
27765
66095
20188
18946
65637
74877
153
79148
74208
25513
56839
69565
5685
82182
22398
433
3024
40243
64714
13281
53809
56950
54432
24037
18352
39592
7020
49749
56589
65096
7858
42898
56442
11382
69346
15754
74759
10272
24652
74422
40209
72606
48662
3243
71846
64040
4320
74937
59727
31682
2393
236
16314
81949
35670
52673
67961
42613
15414
57033
17868
19489
58116
77874
81915
38965
57183
79491
75612
74873
28530
8848
60222
61359
26250
60278
49931
44657
13851
26870
78417
10262
308
41832
24980
75481
52668
69525
72109
63053
61699
37683
50496
29328
55450
76941
50636
1990
48475
41665
73836
73443
16246
53921
36947
58847
11454
31770
43018
70214
44583
80946
34745
66854
46933
71097
4649
7865
63742
59848
44096
72916
33169
16494
51147
81383
57694
79280
65642
42047
39013
33590
60569
70264
2481
18714
54850
50142
37653
1638
68468
73130
13100
37
56035
49646
31277
18581
56829
58635
7040
18795
11671
66145
13878
25695
24034
80131
52276
48974
41453
15006
78365
50070
50099
65775
59649
63320
12074
49353
58465
17408
14935
58398
76365
32235
23614
23396
47548
34459
25919
23722
38568
54221
67495
16628
55570
21344
60270
30397
54098
53903
32310
18974
37335
32350
62868
19228
48334
48062
57691
7854
18387
32601
39275
40685
32875
82044
13769
68864
64205
21997
8666
10862
34644
67601
76936
14499
45756
27531
51950
37051
3484
49045
59466
78387
54247
79687
29262
67386
18774
74129
9807
27515
8311
13337
50469
31343
1562
38967
45174
33140
62545
14153
16202
2677
28159
42028
22115
78970
36522
78210
72524
23842
80991
4715
46784
33370
67504
76717
6013
38467
57863
2633
62703
61711
14617
80767
13996
58420
548
31550
60622
2795
5562
51731
50018
61344
927
10475
15555
57173
81709
16190
63260
53126
60659
7006
2040
14919
10551
26190
37715
79764
21082
6604
75587
81490
12679
75113
2424
13627
27
38284
72037
63399
25311
38651
64822
53255
16277
21562
36834
9131
33004
81359
47693
15819
36659
38606
45267
16224
30973
28592
16847
37037
22421
19650
25192
66652
34061
25587
12172
10826
7656
49849
16305
24951
36148
36772
36020
49011
48039
46597
6498
46116
32300
28956
81498
51969
55238
30575
10076
61809
1908
18255
65654
1995
35480
28069
23338
73072
17047
39903
51971
29537
441
1926
58812
44675
7140
7505
8214
68314
71749
61154
78445
41989
43981
51166
65176
30934
24430
30820
25370
44018
64106
77322
9086
32869
64129
3629
78490
5826
59169
32352
67108
25891
3368
13764
27960
6088
29715
48083
49902
19979
60296
6473
10120
20630
29225
41282
3874
11816
42983
78000
2750
21063
65897
43211
59959
636
58958
43209
54890
1982
61638
78734
33166
26983
40975
19291
79368
42704
22611
3949
65046
77431
67353
82408
12042
79345
55567
23598
25394
2293
3864
28598
32787
59986
32447
52879
14186
45579
63746
65104
42861
55753
51645
81793
49083
64039
38578
246
16823
59951
45514
45788
29400
30868
11423
9475
17380
373
19975
62043
6756
39300
50444
35452
34888
4072
52220
603
69901
55457
54381
12633
75679
29799
68577
23983
41105
10434
64099
16369
1479
54985
40556
5379
25287
13309
57783
38096
16306
26180
79302
42015
2441
72413
31807
45870
76029
66540
77870
19162
11047
23445
67517
895
56959
63852
82679
40350
56859
60826
38157
42920
18515
17142
51680
8028
10659
65935
71366
50138
15288
81554
7561
81728
46289
28198
59194
23772
21118
63654
39401
69196
65457
8441
64811
40797
32705
28884
986
39908
49528
35188
49463
12397
68208
15567
58474
54630
52227
50790
13299
59229
79612
22145
58991
27354
79024
79229
36404
14177
18896
54993
9803
43463
13489
64026
37745
8544
49596
65398
28936
11199
40971
39533
21835
77994
42053
27406
41214
12060
57876
32737
15664
80344
40664
16774
29424
35074
12960
25983
36901
45104
7717
31742
64735
59436
32422
78701
2914
37504
68599
17833
33252
80531
54934
54979
34549
22302
38863
65016
11777
48533
82225
17118
52365
63202
26118
38641
76573
64013
73107
37588
42900
48705
25592
21963
24428
63857
58608
11866
1336
26322
52505
27443
20722
11993
32366
53163
70692
68876
80328
16177
62257
67624
7536
4694
29338
7423
5739
18427
27255
45599
19894
49814
39845
22526
42274
52086
54165
38316
12899
75470
55559
73509
35662
37057
2498
16669
59446
38045
45337
21572
24303
34553
35246
48151
16154
24434
4829
66442
32798
10329
54107
44031
19086
1539
38172
68137
76062
40773
54062
16387
56271
49752
45076
28642
43571
60931
30229
11324
2549
1258
60077
61626
22790
49390
36398
30754
14393
78845
81051
23801
63978
59693
68832
2530
52372
61180
61411
2827
16980
17505
9467
53697
72840
9707
146
18912
67894
44025
75167
9753
31426
12111
76021
31758
21446
35640
7770
53020
48359
18875
60220
8954
28966
42425
3067
15968
25647
31174
46121
41084
41909
44370
77176
43739
1055
79939
15900
66002
3793
78739
11235
10375
23945
67761
10971
66904
34208
11292
71271
48532
78374
1393
70003
40681
73279
8965
46359
70416
42933
54181
38900
61435
63620
7149
41542
77145
59074
8535
81890
35557
25168
2630
42046
62840
50164
27608
63525
9009
24493
30176
74267
40833
16984
40090
24813
78404
25568
60778
59437
64073
35221
30482
23345
50199
39053
73786
24152
37526
14055
34446
27161
65138
34028
5875
6379
79968
76804
39757
9923
7390
27604
39970
61725
58477
66743
48937
76517
69379
46095
21946
43032
51486
4668
74991
20969
42365
20085
14059
10355
61919
77536
64299
26302
28899
1734
30566
82070
36291
35486
44148
26503
686
20636
65810
20978
59618
37972
60379
78664
50453
11565
13479
23362
37447
68278
17633
44135
63532
54026
33426
19698
44434
78973
55108
18175
45297
20965
63069
7681
33657
4422
62736
67344
39331
37998
56336
3515
76929
80398
27758
12231
70720
42568
27416
54469
74617
16089
21152
32052
47808
16624
56642
46812
17958
24466
17319
49681
6023
56514
3057
28839
57253
48531
56548
5791
79070
44972
51585
55409
68382
28827
70304
25524
21167
81967
73367
2554
46141
69815
5783
37858
4796
67770
60726
11407
10559
78712
68520
77402
5040
10067
38005
72942
669
25097
50526
67558
76935
33885
12684
28150
59277
17103
36477
59455
52448
18892
49405
46326
27462
50632
51560
3440
57500
13583
47317
70763
64546
75847
47268
52613
44582
23469
8341
30116
23183
58390
12787
29754
81850
51756
7167
10976
82245
65769
12017
61181
66585
25178
49297
70185
5297
59300
6571
38144
6129
2654
82230
47634
35713
29478
55724
9408
24654
19541
4359
44849
9371
52428
422
72918
40620
40756
40852
11002
16381
10885
52838
80139
69217
55472
75793
52769
54067
37881
21623
14879
22959
65785
20787
33691
19493
85
11280
60386
64286
35065
25881
6295
75280
7828
78975
78148
60062
8939
68236
41796
37684
45064
38419
28951
6404
75084
15307
15856
29002
19133
25589
369
77355
26639
26140
70446
12387
7220
79348
48772
24410
57886
17702
68846
57950
26664
32316
37666
32282
37284
29240
27132
38205
44720
80806
37395
5868
48338
18705
42295
39368
56739
23035
63160
64016
59701
34971
16161
49834
56911
36510
75121
50407
61527
34663
66046
19413
59309
17940
5884
23540
24168
36391
27290
34044
72567
56290
64636
39470
68356
66956
26731
58405
15436
71238
23953
53614
82023
35901
35135
6011
42447
82422
27674
46152
65864
66375
34263
71651
16359
44572
26679
79126
35498
21594
71223
52588
72689
18856
34274
55642
50386
9535
38994
77221
27539
7128
70807
17685
45531
63834
75644
51465
14326
40680
11215
39237
10470
71125
31441
37118
7707
22598
69540
818
47897
13047
74589
5885
65324
12272
41701
66469
42967
66077
37129
45919
62447
78242
74466
24673
59136
20561
30549
78165
4846
8186
56632
57795
23626
18403
64949
26535
49023
68537
533
778
54271
14958
58880
164
10644
67630
5074
25949
47933
31100
72144
37333
19775
24935
6780
53348
38033
10082
31063
33053
65664
36141
25529
39391
67282
61753
9472
59289
15954
32745
75128
77917
60152
80007
24658
7786
32266
49725
15568
28011
10161
6863
73861
42148
59865
58184
67157
49024
16872
43982
70012
60817
55084
17846
78090
79554
40486
15534
15766
4578
70265
44149
46736
16659
18380
27488
82698
55584
27742
12414
4585
13602
77243
43831
76585
42052
10112
20346
47662
43
55444
68318
24038
58223
23079
23259
41620
36993
36780
7661
5262
2963
66531
55189
31621
65564
37632
79596
52905
36191
59222
45886
22330
66596
73074
12829
20015
25570
51948
21524
5060
9353
75321
22753
42193
5460
42116
36448
22517
65381
39952
81585
67224
61993
74433
10674
82194
28850
76334
30770
2053
59271
73006
30673
6257
65429
6595
70791
63986
13520
80750
70981
20556
10818
44544
7544
5814
33111
53206
39773
70162
49100
44125
23196
59794
55329
66720
52897
7862
68639
19178
14671
43154
39737
9697
74507
25751
79593
50950
54997
54074
74297
48530
19389
34087
55531
11123
29197
75852
69367
69694
12201
80538
17035
65558
30017
62243
80395
23342
40342
9361
63702
24007
20451
2445
72330
11747
44994
40789
21967
42765
34162
74708
80715
57901
42755
8730
44971
21327
20193
35888
43064
22632
53847
37474
26474
54273
48035
30205
40607
781
48610
48687
37209
19817
2604
6949
21785
71136
7775
55354
29460
2610
33810
78619
79451
2142
47086
26366
42433
77738
70579
15343
37693
48092
21707
62655
45563
13674
38930
66513
40510
20906
76550
15988
27259
10948
61332
28487
8391
32079
40002
81078
22848
5488
49885
50351
10511
39867
81209
21794
24188
9
6921
52455
6147
57650
77475
35649
42534
82693
12942
19182
70709
66485
79005
35632
33237
58931
58713
42207
47135
68085
32899
51046
53170
54769
24266
3111
21977
66091
36443
80775
13177
37438
69501
9163
82476
53611
78492
46449
48591
1355
81907
378
9590
31866
52395
24422
36281
21586
10761
2299
32136
50547
12167
34929
80620
55826
41201
43067
50483
27580
61033
36370
28378
38771
27126
21159
54052
37412
69308
67376
80836
3386
39030
7776
21339
14005
72175
27021
32258
60548
24787
77590
80971
25623
27317
9147
22210
13757
29865
29883
69227
38465
35815
2592
16917
35616
44344
3039
47981
40193
60223
48580
68580
43583
53740
953
62314
74601
25262
35105
6181
8051
60745
13052
72660
55284
15741
79642
63106
47272
45950
72731
61326
44484
11417
80858
8532
29223
21954
23300
29498
46762
9690
70656
70288
53074
3452
22414
79523
26902
14566
72650
63886
54070
55900
26747
73935
719
80749
30180
81687
723
18730
51306
50763
18127
55790
50872
25066
22730
66281
24770
49418
35606
937
67369
64359
17935
7921
65482
75353
53636
49233
25999
42219
18048
62427
47465
75158
43872
70546
31453
36213
16896
31035
40984
11622
51776
75662
53791
50689
44739
57087
17771
27902
17071
67619
4236
22571
27773
43338
70707
57261
32043
67081
52717
76299
39050
55646
70924
30763
73607
71760
50708
20548
27171
39551
4517
81132
80040
46943
49509
30135
47843
37812
76195
49446
49253
3803
27272
65258
19949
3687
69048
16817
31151
76888
59709
6736
46245
59772
63514
46238
9089
7317
25074
18574
8985
1199
68015
18953
17376
53482
49061
47472
51664
73139
57554
53844
45118
7985
29780
19073
82609
12153
15079
26358
70272
27304
72588
30677
23387
56861
36875
1411
32854
60611
81814
5052
74159
62552
51799
22007
17416
8588
62827
94
81124
6607
18157
26791
14134
61901
16457
44712
31913
68198
81312
13076
24742
3034
50067
64304
52949
78859
63234
66546
10613
58353
16675
28749
70818
61458
54019
42011
43200
46490
46290
30990
24806
23865
21395
9224
51010
34763
23125
70423
24993
46526
20155
54325
38325
15796
13160
27943
19079
55889
39166
80361
1913
26724
30157
81785
65821
57517
66669
2674
16374
27359
17903
40501
40815
58316
75782
23513
75695
74014
65072
55763
60398
4724
47058
75187
55885
42156
26880
18423
74515
2267
19913
66447
26723
45693
31465
41334
20784
41346
35693
12442
64218
26437
57228
1079
66604
45917
3849
45412
51053
47123
71025
7564
59646
68351
17727
35729
31595
62830
79930
2270
37784
72247
49387
26464
58762
74823
33579
42591
74421
71564
48774
70512
76113
44803
18513
66745
28430
75801
36470
69887
57096
80922
72577
35403
69356
77602
32789
36725
73403
69483
29074
59366
42001
26929
60793
20122
78522
50595
73184
37401
35996
53112
9636
46679
9933
42352
35444
71535
65886
66115
53954
76639
29234
8563
28077
39222
4911
42508
64770
17274
37754
63647
58373
22984
44340
3128
56546
23677
5494
13972
12143
79235
25334
69205
49282
64560
29441
7935
50938
47617
40434
50082
59779
64143
37250
47984
39320
28351
71517
52589
77651
61949
26546
35363
19578
32859
81399
50894
61585
19998
31060
67405
2861
46194
14205
39443
17266
45103
9270
72150
42808
21712
22261
42107
33316
25557
45635
34624
53596
43756
18213
68667
33830
8244
52462
74569
63087
828
5509
34585
24111
29696
16257
35877
12578
11958
35766
49170
71156
9278
54537
39462
39505
76067
8331
18981
45657
74776
57171
47105
43919
82053
56797
45410
19308
56313
61685
64777
4655
15127
37874
28400
2661
30103
15822
77077
68944
41728
41245
53030
42204
40572
79099
20278
70775
47737
45385
57955
56094
68195
57780
64932
55810
37630
37817
36738
49592
20676
35749
9137
3079
13001
27429
5961
21502
26441
50770
44620
29026
76563
56667
49561
77530
64089
59017
51816
12997
13450
2994
48109
46663
9462
15402
29697
5227
35333
62443
67246
32227
56810
18940
32133
58013
80254
30815
12409
70275
77971
44838
18550
24328
7844
583
33793
55130
71150
20509
41451
44182
66534
5694
32813
48230
21016
70018
57708
31944
32108
58708
28203
72976
66234
50899
62809
5818
68084
17729
2594
61321
9428
27051
61139
40956
12446
28797
6529
34145
75267
80505
18767
22675
56405
46801
2356
3841
12377
11223
51906
15362
82178
64334
29439
71099
13580
77078
45498
41907
64951
60000
58363
49563
44553
79517
57971
257
34361
28573
43008
5235
67805
81232
4512
67551
9442
23017
54645
76264
21950
33136
30636
41424
33596
27710
32003
33973
71616
37800
75512
52153
37230
60390
1404
75138
42372
20919
22843
58824
39680
50535
4785
69990
30297
9379
6698
24626
65376
36730
18578
13829
11761
70745
22871
30437
21228
55620
30749
70472
8405
30887
28536
16187
82089
45629
42182
38417
77301
69513
66333
40443
14887
1619
1152
51497
29001
35626
27693
57094
35104
57831
76096
48820
9662
10367
27700
71334
25404
11477
11063
53934
41290
60533
924
65478
23153
73734
71275
42302
56751
41950
3155
52726
62293
3265
22183
1675
50165
30995
42559
12555
13245
18758
41663
1797
39152
48723
71945
18149
16282
51263
63222
26507
68982
61237
25636
42490
37029
33826
13772
11948
42942
17780
32472
72130
64662
44190
42745
17922
60343
37845
14909
10307
70102
570
75730
30702
71756
59961
52709
18991
15671
70139
74979
39373
25364
78461
46064
59102
81855
10624
54768
12644
22363
41926
50562
25883
67723
1450
52847
49585
74954
40565
33469
66272
74305
46795
75239
57059
81149
73960
47462
3118
28614
45283
31242
49261
9513
7932
42208
41621
49977
55094
63065
14384
42340
59557
26361
80362
40180
80608
34312
34571
65080
81379
26219
39067
30541
38386
65146
23590
10696
28447
31220
68151
4059
10908
50331
76125
11338
14753
21390
22952
60307
62172
9220
722
23402
64134
63143
10086
56178
64123
65876
42169
56689
53289
10384
41801
27741
57276
32641
25579
5722
33532
5009
52037
3225
39201
73234
31605
51529
65905
347
73413
74789
52544
25911
27260
37417
77009
66429
38127
26561
57351
47683
13999
3298
46384
78028
41594
60786
12298
77437
32213
47248
30360
14303
21192
37802
15317
48997
33800
8986
66682
79778
23553
40056
35909
41704
26314
6319
80604
41446
19931
70032
32686
80224
29723
1116
26127
81452
9182
17601
12050
40255
47221
9413
31107
79071
1649
41237
18785
73675
4472
76494
70330
28545
71333
27928
65612
62208
31417
58007
8362
45697
64193
22775
31251
36744
37073
6997
32784
222
46947
58563
8382
54380
52101
58174
41821
23810
55467
18570
11990
15521
56887
53390
45984
38512
7824
43088
41379
13401
61563
28441
35861
5078
12360
27601
31525
65194
59667
30698
59325
78313
44950
62433
1318
14778
53261
80595
77289
31775
10786
4769
31079
50296
10357
13521
65715
77643
77832
76668
30538
26257
22534
20796
67262
68077
18174
39040
62144
76375
58411
71181
49306
33861
44250
8901
72008
63432
2358
42640
20236
46022
19620
49858
29926
29552
29194
48856
21367
56122
68163
5442
5935
48546
64180
79839
51626
54500
39892
23891
77717
37359
33384
2494
50575
53493
42691
3332
75355
46179
35986
65868
3511
10768
15166
16066
46712
9680
68799
23420
24946
40949
58351
45947
61030
9720
79217
40857
35240
76179
9255
26899
42034
60460
22327
62693
6907
51927
48734
44684
63757
22220
33402
36011
41553
30208
15854
67639
55701
80312
12816
11437
67022
76739
18913
74354
4881
46323
46428
60665
53840
61069
48572
901
52084
26329
11790
15546
50181
77090
50294
75376
69272
39407
43097
17166
59106
22123
4418
10121
39321
62194
4672
22985
79586
27790
50852
66950
70980
46627
59623
60075
80025
899
54703
58914
13447
5352
65495
18918
45228
5975
69100
32411
72173
9287
72384
36799
67946
76459
53427
43160
34495
20808
48714
1408
80497
3838
44260
6699
9914
10302
12224
10060
51958
51442
4181
49627
14089
21045
10851
65756
44053
35897
32926
65215
9514
28700
41848
71798
28736
52780
53145
61425
13198
54546
60394
18643
26231
46172
6079
34079
15146
70872
8522
57829
35493
21906
7939
1338
14143
76509
62542
46817
69443
52158
22818
20442
3247
60742
35533
37131
33740
36954
28426
52789
64010
43685
11086
11348
81329
30980
70554
45354
23034
21365
31840
60559
28991
43602
66490
73333
50218
7439
9896
22243
24526
40626
54377
63040
1091
32389
82153
46165
63025
1878
30905
73165
62025
5234
27950
45419
58444
48944
16100
54504
36471
25604
71555
64960
71695
27653
42175
71687
32856
6924
11108
11308
49859
66930
26283
17464
23709
14237
27376
64151
25927
65391
51961
69312
409
55617
28648
15393
81212
41031
32177
81172
20246
13727
37910
65831
14831
51419
41266
4007
48893
68880
462
61380
82208
9325
6626
49223
22174
58758
22006
22475
23385
53472
64880
74769
47216
26829
45048
47368
68417
6876
64955
36815
48313
8302
28914
50411
44831
15857
51698
51554
38914
81092
26673
52916
11357
61865
41692
2710
49887
12934
34524
23731
25728
49946
81629
81084
66686
43054
7035
79102
13573
44423
41072
60260
28386
78037
8117
67684
77302
27628
24343
63919
77169
78039
51159
48981
6657
9806
72505
15882
38518
50732
45092
17543
2687
30324
18829
79052
50947
53627
39438
64747
27277
66523
48520
58217
68298
1497
68060
44738
76685
64260
23851
51426
81443
16071
43289
69460
47793
78152
31146
40902
13109
10427
29072
54900
50287
55548
24119
69358
24540
12916
66844
56415
15254
62904
73766
21457
26595
78547
31921
42849
23672
66970
78002
51546
63564
73195
67677
77038
22641
45251
61922
62726
51272
45071
1425
4809
8779
12530
66047
41998
57299
60555
53065
2857
20403
28205
50623
25127
53384
36615
10311
63662
82324
69599
24216
72679
36604
23315
81697
9619
23829
54952
31069
49241
16954
38055
49695
57766
80961
2238
36364
49717
27978
33934
34572
21545
64548
42668
233
40979
78352
19600
19174
79388