4635
13811
11417
26597
4488
18682
12512
13161
22280
15365
20389
26385
15519
5746
20044
26855
20234
15021
5539
1442
26477
2949
25071
7171
1269
4982
8697
2755
7612
20657
7745
26774
913
5053
14633
14223
1101
382
23013
26545
26187
13542
5393
24444
8323
4060
15121
12657
11497
13603
17802
26371
6094
17166
7343
6474
25292
19504
14470
22986
17984
27090
6500
19150
12426
11275
15484
10626
14034
6180
2088
14203
21473
13406
14387
17831
2451
16278
20619
2953
24730
25621
3995
24867
15399
5749
2796
2990
11768
12024
6282
26304
7307
3508
21574
19433
24909
6760
7188
5753
15007
17229
24451
20736
19627
8975
23437
13457
13589
15956
5673
16936
4703
8123
13096
16366
13338
9682
13173
10970
25216
25754
22769
7429
7783
25469
16295
22942
26089
18398
12921
3610
25638
23446
4075
21771
23004
16947
18404
3919
11499
13517
6747
18285
1875
7670
16596
26186
3120
25114
25884
4092
11524
23623
5767
2273
18988
14622
20712
7224
23234
17793
8534
26452
27444
15653
26676
22385
25301
17473
3078
15541
664
13749
21687
26916
24209
26235
681
6899
13896
10748
26204
5386
13175
10885
4105
8837
24976
9499
8764
9261
26685
10251
7179
21511
11868
10875
3402
27028
22974
23282
8095
13647
25224
19693
15114
52
26151
427
25092
3379
5685
16159
17141
9900
13021
2334
22800
9276
11582
15276
27071
6392
27218
10399
6678
2133
26761
25716
10228
677
27010
5507
13791
2692
3712
26507
16654
5897
25904
21205
481
17886
3193
7177
19871
15057
18572
8563
2468
6145
9646
3754
24358
18557
19090
13977
14024
24829
19100
2663
7812
15590
3654
4028
11987
26333
15076
305
8144
16898
17781
2401
12339
21664
6298
6224
10019
6788
24898
716
24478
19395
6705
22739
10878
14577
12912
11653
7977
22115
18855
20245
8285
3602
22505
1521
223
22991
18654
5870
26311
7841
10494
8325
13292
20359
21036
19827
10954
23999
7372
19188
15877
19226
1431
12933
24709
4747
3408
2070
18038
23137
19309
11690
8032
12316
4162
6841
27123
18262
2753
26143
10029
24738
3355
413
971
20161
12335
17332
15907
10284
19503
17700
14402
6763
1785
12817
26623
19081
10425
13081
27191
1832
2980
10293
26631
22397
21033
21914
7528
24804
438
14791
1983
20729
3881
12621
20829
8010
94
10996
27251
11558
26666
22063
19158
6814
23958
18093
8162
12846
23346
9079
18907
24256
8528
19956
15392
8433
7187
11348
24919
22158
6146
12750
16392
25299
21192
550
20062
1084
27311
759
20335
12946
8952
2395
4895
19143
23919
4021
26601
775
4117
1611
12108
25112
1402
11432
10296
9295
25447
26099
10202
5067
21061
18950
18733
17490
8210
7961
1663
4373
23114
4641
1588
22607
8780
19691
21128
12140
25203
23488
7080
3391
24860
11660
1865
8417
7755
1704
20757
6314
19602
14487
24540
22540
20976
9042
9702
15066
18014
13328
22755
7275
4326
2639
20938
7917
2630
18581
7256
24217
7712
23660
17362
26919
10787
9332
25023
23920
5822
17266
10808
222
9070
11658
869
21745
8853
23228
20391
6723
17213
19725
13319
18491
9570
23897
17219
7505
26198
12702
12774
79
15874
21386
4471
5085
25617
6082
2415
22624
18217
16727
6159
26590
18061
19521
11299
15423
14465
2411
22434
14878
16151
8487
17917
9957
2744
21851
9028
14975
6259
12355
9583
15382
7940
18955
4325
18284
10435
17962
2483
8836
23017
2296
17674
24972
24398
823
25012
19799
16375
20109
10122
23679
6639
15380
26891
13268
25545
21248
15860
7390
11126
3526
5251
7593
27409
20961
25759
9875
27038
23107
8275
17525
7270
13760
2372
17386
9735
17772
1340
8237
13357
12881
25783
10593
7147
23730
153
13041
25880
21362
26043
11235
16305
27279
5997
21958
23227
16449
6863
26791
18520
19218
5140
24240
2623
9905
17467
3246
12631
20349
6903
3061
10584
17784
16433
11983
27182
27284
3361
7496
25662
22417
5172
18414
19687
6658
18663
16038
22676
572
10270
6824
8062
19930
12131
25102
10981
3278
113
1724
14360
6927
23697
7023
8365
20678
23291
3779
778
1473
11336
4147
4271
8520
11337
26381
22921
2060
25774
16549
3673
20449
526
20386
11726
24464
25403
26610
9032
2037
25950
20746
20815
2594
22319
22908
1296
23844
20840
15302
25575
15896
3518
13969
4569
3951
21278
22004
6962
4342
11992
4943
16450
24433
9389
11543
15799
25521
10434
8683
10221
12834
3683
3890
27116
10522
24080
3464
13856
17443
558
14586
480
12713
25924
8710
24968
2668
25184
26403
23914
27446
4215
327
24555
18306
13775
3252
13160
7388
7521
14572
12502
21400
21840
24404
1924
27474
7230
6482
16741
8395
8926
5989
21323
10489
25721
11359
20470
17405
1362
21053
11144
18979
4226
21756
25276
5414
23590
7330
10457
13163
23539
26450
10005
24423
24930
16398
7358
22863
18044
6566
21456
23169
865
2560
19809
24128
10669
5659
2450
24230
5845
5330
18917
22905
18171
1884
23328
14377
440
1810
7891
22478
14296
18531
26753
3097
1243
2011
22356
5419
13995
9143
17813
26079
8029
10968
27172
18660
13671
13582
15577
26958
6119
11408
388
4945
26995
16319
16304
19087
12188
11570
24937
2981
24542
4490
14247
18441
18567
15613
2587
26907
9036
214
23683
11107
24102
23250
8060
3426
13816
5254
12256
21709
17350
26752
16982
23778
12429
14593
23673
6965
1214
27382
16379
9789
8271
6884
26835
24628
10594
22593
27068
13213
4827
18390
2733
10892
20560
21368
23154
24306
20429
18708
16939
4249
364
14188
7301
4921
17403
7295
16666
19650
11122
8059
12564
9271
20666
19748
23992
12692
16764
17178
7859
7994
21352
25476
19412
24659
9203
18237
657
15610
8428
4534
15197
7944
20704
21019
293
15248
26019
21411
4822
15180
4590
13886
24156
25515
17584
18310
10048
15564
20433
9099
19161
6908
18773
7368
22116
8470
18296
26490
10644
18191
4698
13366
20886
2028
17508
10802
14547
11282
13784
14066
14650
6194
17590
23746
19474
12310
13765
2898
22424
466
26864
17728
11194
22234
17105
20009
26409
26637
403
8646
23202
2892
3333
14552
17558
21379
16082
24852
5526
27206
15494
22016
1381
12892
4867
2081
20308
1150
1528
20900
22741
16037
17983
20955
3260
11024
19127
7646
5048
14774
15770
21629
24648
24991
5444
25726
10341
10334
13126
23138
9468
11426
12238
21282
5001
9309
16548
12399
875
10688
18257
5229
11919
2054
9365
27485
3027
1181
1672
12257
15845
15530
9372
19003
12975
20248
4109
9747
21487
7127
27240
13062
18076
21566
16045
26432
1891
26388
18033
3644
26881
5347
8353
19253
12811
11415
25692
14031
5238
1493
6063
10157
5841
18898
2438
11446
5030
3108
12551
21262
1978
7901
21403
1130
5761
18131
8730
5788
3221
21013
7543
14653
24758
23310
10833
9758
6043
474
24573
15547
11705
11903
3946
10446
21644
13696
24702
21693
17573
20652
2636
4002
7150
2774
15695
8362
14014
7219
16102
6067
18063
3498
9537
9523
16169
8156
25495
17144
19303
2722
25840
16892
4336
19742
16673
15553
4663
11464
19990
15101
23425
14159
6427
10697
11552
14524
3433
5860
3472
6154
14376
2551
14992
19609
14495
3045
16331
7469
8789
13444
11648
3820
6324
24183
8104
2730
5993
23528
2217
12555
18348
17422
24927
12802
12292
26992
17408
9453
13294
17825
11584
20733
17632
4029
24656
26883
7717
7583
26180
8408
17823
21900
21072
13841
1047
27301
17098
8631
831
21939
11783
3004
1500
7059
6327
11573
16871
9417
26367
26559
23065
23829
6714
17188
16359
16972
22765
1903
5575
9242
7956
25985
27407
26550
27054
10612
19123
6922
3532
1829
21965
3825
12260
12209
19116
6370
4272
14573
19551
13913
20040
7067
23584
2340
18831
21543
19270
18206
3151
25903
11843
509
26137
20125
21586
19844
13874
15986
5437
15284
22272
25520
8310
19938
9011
8000
872
2123
13127
10315
15242
22076
25049
15707
6673
5876
9808
24436
6831
16065
16721
3488
5906
26742
1694
20797
4383
5644
8819
6571
1383
1288
7051
27260
26320
5427
18047
21387
8701
11721
26988
3876
14037
16781
24609
7877
14665
1950
10859
17108
17577
14506
1462
1279
24296
2707
19386
26002
25883
25479
16858
3804
8692
20154
20003
15771
25166
20030
10965
4378
24118
8812
3090
2862
603
2062
26806
20811
26531
12379
16489
15704
8224
5518
16482
16425
22141
13917
20139
18642
5816
12331
1530
19681
5956
23131
13702
24978
9883
17135
14751
16154
25019
15327
48
1330
20217
7729
23791
26325
977
4082
5104
3161
21302
21427
23355
5742
21973
7095
10941
16961
13982
5125
11318
6379
24792
1010
17891
4459
10734
22046
1794
25560
67
8037
26758
16218
24140
591
23846
14687
24200
11966
18583
1406
2965
25182
11193
1198
10129
5322
26121
3204
16853
9777
19139
6033
21844
9974
15937
15717
23593
5973
20956
4262
16632
24110
22858
5779
9531
22162
1339
11387
15943
26258
4986
19588
20638
1826
22566
15263
25991
22838
11029
11696
7288
21875
12733
20091
16598
24868
2282
825
2115
22333
19369
14004
11216
12860
27005
229
340
932
17297
16877
22451
4229
25752
9922
8055
25979
9146
536
17464
7985
17430
14185
11102
13029
5203
23771
16112
4647
19675
23435
13585
26026
11414
1705
17596
7415
19346
11365
10908
4350
7723
20339
26036
7868
8110
26653
20487
19499
23699
15452
24981
3372
857
17394
20920
1140
6891
10010
10797
5863
4521
4237
12535
25586
5149
24083
23853
21507
6021
25871
8479
7066
228
21579
4929
8743
19579
6917
9717
1730
9566
980
26632
12510
22179
13506
13868
22211
22035
1609
9173
2330
7208
22378
2373
18651
27324
7630
10531
22437
13347
14828
16621
8821
6508
10006
21308
22423
13404
9594
2940
22806
23749
15262
11316
20881
7247
24267
4930
6491
15667
14122
8188
17711
25083
2782
25101
22779
15343
21807
7321
5718
20241
4390
2172
25885
13399
5651
19833
5847
24500
3777
23179
23908
13613
7373
25240
3014
27018
24754
26053
12249
17500
27293
27077
26626
6541
9016
6225
20227
10568
8041
24059
12485
17372
21178
21497
26695
15187
7064
13850
13095
12843
8636
24545
20002
27347
24028
26111
16564
20300
25665
17150
25846
21316
18150
17718
27454
16245
1575
22932
16254
24812
24726
849
24849
4359
18758
21674
7441
14998
25654
16506
13681
24164
9514
22212
24743
21912
6679
27194
12736
9340
21147
10727
7405
142
8449
22130
4540
369
22977
21952
20322
13781
16953
10714
15745
12796
10507
503
4885
26476
20768
4341
5118
22459
7559
22231
13779
16712
10445
567
17354
14437
1689
20192
13807
179
15082
24666
1183
26200
16861
5834
3892
314
22242
16928
14643
8672
20486
21219
16183
7575
15031
7639
13631
24006
24337
6957
22632
22910
25230
6171
12221
12865
13557
18453
1768
24157
7766
19710
21516
5433
14397
13738
858
1113
906
25226
10674
21349
19659
26348
4178
10758
25429
23334
14076
15405
13810
12153
15725
11187
13299
25766
7143
3569
14717
12518
11514
2937
13972
10163
18085
23253
10209
26795
5212
3297
18817
14925
13679
15781
11957
24247
23634
7699
16074
25062
12741
10662
8972
9736
1591
26879
26483
1649
8602
25137
11327
2215
21637
6535
27275
23038
1396
27369
2380
3306
18489
11872
26703
20850
18700
16614
22388
19514
27342
23993
17607
20855
2930
15783
27229
7063
17208
11704
9492
13513
8722
7654
5663
20149
20782
2477
18078
17238
3979
14951
9066
25073
19248
3764
16321
18340
9093
7091
13747
1943
24982
25212
13218
16907
26442
23737
12786
11641
19975
3103
25457
23654
18604
2525
8071
4788
14044
27221
12181
21163
5225
2286
797
19044
11855
7128
9165
852
11675
21081
12573
1088
17199
11473
24782
13884
14934
4782
18837
6949
15068
26813
11973
13389
648
22324
793
23344
24967
10032
937
18759
20479
24103
25786
19920
23319
12440
14339
6095
24038
23159
10576
20425
27420
22184
18003
18594
15886
23544
4007
206
895
15997
20672
8860
2969
300
2996
23264
18248
25951
24370
957
24347
6432
25199
7379
18798
22706
10068
11772
20202
8292
14313
18448
5920
12804
22302
8247
8816
2327
11165
23298
11412
18490
5115
3707
8343
9509
16382
13344
6367
25143
18496
25066
7762
14494
17681
3729
9446
14599
1156
10443
6610
24353
25460
17585
22729
12211
14943
776
15951
12457
12753
14744
26740
25138
744
753
14325
5467
18807
23722
1863
15146
7402
14113
3201
26819
8848
24454
5477
20721
6829
20637
4740
9281
10622
5581
4463
23274
9194
18134
13205
4975
4611
19421
14855
18785
18930
22369
7138
5025
4679
21549
9433
10170
24015
5689
14060
21090
8614
18779
20143
17302
5713
18387
19355
984
3866
8197
15207
24088
12931
13782
6852
2833
25310
3269
25128
19666
22847
16934
7929
9478
18381
3489
22479
26087
26241
17516
12972
26613
455
17667
10502
25363
21417
17159
15437
22119
22491
17890
27267
7906
5769
5969
1767
27109
9396
241
17538
1535
26667
11896
11276
23562
2684
22002
5364
13675
7626
3143
11744
14978
10569
401
116
21907
13973
24024
4550
15413
7952
19676
25580
23129
5533
1916
22659
22090
15824
17184
15041
11779
2107
1055
19054
8671
17078
11237
11734
13667
16013
19782
6648
4138
10768
12768
22688
14429
1377
9560
24941
26770
20283
7779
7913
26196
7422
916
8690
24791
996
19510
18869
23929
8389
18525
20512
26577
25917
16149
9831
10704
4713
12324
15797
11418
16809
9863
4308
15237
22894
3539
1615
10514
14409
6286
9674
14892
20864
3645
6525
20982
4494
10045
11001
17172
13552
19265
5893
12097
22947
26266
21288
4586
22723
13275
13141
1632
2202
22379
15155
17249
18218
23882
16800
19672
11372
20328
15637
19134
7551
20994
8587
24653
22532
8639
15448
9449
8735
27163
11203
23475
11283
1078
6275
2497
3412
27081
14309
20362
14614
15928
23022
10417
13114
20545
23269
10124
13416
26840
3767
3962
21467
21791
19339
9431
9087
13225
14126
21382
24079
5298
17548
17871
2958
25164
108
8622
19790
2158
4281
5759
16770
16844
13986
617
25550
20598
6401
23189
23934
25565
17790
10634
13757
26203
2513
408
11828
11874
3071
13281
9756
1560
10325
15431
10021
10660
13316
25342
27201
9227
574
8127
25526
16019
3771
15093
7599
4224
24509
14344
11587
19860
14965
21392
6654
3347
27348
2545
13424
27436
18829
15508
5851
11251
22355
26517
11489
24801
10142
17703
12679
1257
22321
9867
26413
6364
21442
3035
1802
25147
26818
22364
11160
15958
13308
9114
20567
10493
11180
6650
9794
25806
2743
3746
24589
6937
6741
20760
20786
4771
18211
26539
24389
27234
2216
5276
3363
11677
21821
10921
27126
4685
24940
17580
7537
3478
25381
5325
21189
12079
8918
21184
14956
2319
10809
24149
18860
25820
6876
12091
7516
14005
22524
16998
24637
15164
9
22815
20984
17746
26733
24987
9180
8521
9312
2072
19527
20530
18271
24058
3130
22825
16401
6232
3452
5625
18993
1136
2763
14702
19717
16443
16440
23966
10761
7013
16914
12248
1579
21412
23308
25425
8510
17527
864
24598
21115
678
10173
1977
19554
3620
1715
4671
1017
11022
13535
25969
22527
10481
17662
1653
12068
15522
2179
21135
14550
18022
8949
3483
9056
14262
26251
1434
15098
2271
15756
4866
19524
5331
5457
15749
18585
12852
21906
475
935
1286
19446
13314
20684
1655
23481
13567
18418
2521
607
8606
13197
7335
1246
7856
19897
24052
20585
21498
14904
20941
5306
21530
14669
17955
12389
8593
9813
19863
7873
18510
11837
18612
81
11442
18286
19768
7883
6455
2137
9324
23890
22202
7458
24074
4011
14539
24621
9896
17501
13497
25559
258
19969
8496
9482
13251
21654
11478
25864
3261
11619
15107
25330
10929
17328
26780
6388
10519
57
2230
23501
12565
14865
22387
2570
20962
14147
22683
17857
2454
19318
5288
6697
22670
3891
23598
15619
10000
25826
13796
20212
9186
14472
23417
11756
24355
9022
23716
16978
5555
8294
22926
10473
13722
16130
11859
14418
17994
4914
16501
26299
4501
8551
23605
447
22307
21451
17611
6602
14427
16611
5809
1682
27477
734
3738
11136
169
13405
5011
23787
19132
2586
9815
8655
13223
2941
4779
9878
21075
17968
20368
6423
6592
8118
15646
14777
24719
25135
8340
6780
15325
12269
12665
1508
8982
5059
26735
7392
22150
26807
12603
11257
11684
7802
17283
10409
12609
24619
6822
24489
161
11011
3775
10333
9235
8235
6060
7935
6955
20975
1480
18162
19886
3316
7236
26713
12025
20965
21335
21812
1070
22055
8463
10548
13226
22339
26729
12763
19169
20318
19536
17945
13509
8716
12346
27346
16496
6773
3857
22757
2145
304
5021
3627
3186
24322
4510
21703
17601
2226
5137
11012
7439
3663
26684
8375
5180
6625
213
21441
1854
7556
8973
1309
22958
12199
11342
6492
11274
26395
9655
307
16311
18717
16456
24170
16067
2873
10247
6414
53
5952
12125
15165
27045
20642
7618
14141
21598
9559
25438
1235
26832
9212
18548
13673
12411
17481
12540
10391
26527
11286
21556
3230
8589
26596
24831
17244
18074
1173
11357
3422
1898
5574
4760
13016
26915
25894
4971
18226
599
5406
131
18810
19414
20946
8319
3901
13381
429
16558
1991
20198
16761
19428
15013
7046
3171
22466
6163
23451
15903
19732
6350
3969
26022
9435
5928
23194
21784
22922
25006
23240
15012
6089
10552
10543
22814
16226
16223
2082
15978
9853
2578
2960
2885
2499
13501
22834
22576
3295
6465
15141
5630
19743
23123
8266
22966
23799
22143
1722
12430
8227
17863
27061
24575
12583
444
4204
20377
10605
4312
7251
6404
8893
2097
23812
6581
15293
10751
9626
10110
2872
17124
17931
13663
160
27305
20020
6007
21258
24874
10937
18964
10913
4803
12078
17911
8579
24965
15213
21830
24376
1951
9274
15528
7161
18142
7031
12170
16210
5353
17647
151
7690
19688
5500
1763
20831
23951
16725
12402
16694
1594
26419
9671
11965
10683
24064
9105
25512
10077
493
20783
7641
24121
978
5978
5487
5381
25811
20097
24706
5264
24553
17806
19001
14679
802
16200
19941
19739
20795
7086
16190
13474
15394
20472
5801
13968
24147
24582
15336
13732
9840
12586
21902
26127
9970
1109
22944
20906
26447
12494
20136
15627
25875
2683
3636
8962
6993
19466
20724
7759
27097
16822
21870
14655
6233
21057
9936
1423
20535
9298
2019
10901
25202
26939
3814
25705
8558
18425
8297
627
13452
4309
25372
12466
477
14853
9991
5476
3959
23632
17692
7563
21156
26168
5110
4872
20182
11940
6757
7218
5509
18936
7571
13638
14899
13099
18288
10379
1030
16429
7240
11108
10561
8991
18721
4040
5239
11392
2431
4859
17738
22565
24530
15355
18672
2927
12641
21706
6582
16287
5619
9695
6137
24268
6797
4400
4819
25331
9200
19543
24070
7582
25504
13060
16824
11687
15254
22898
6102
22804
19840
26844
23516
7514
12271
12246
2651
3989
924
24918
13001
4578
3190
18662
19294
11455
12278
11485
3288
16409
18488
13045
13618
26928
17076
3768
15835
4956
26217
1355
12391
16737
21245
23809
17211
1123
6556
7159
8770
20803
236
26797
13927
19279
9546
15969
15488
25772
15558
4970
5077
16055
813
10838
19595
19236
392
25718
8069
12739
11926
19639
12032
7486
2034
9471
14785
21270
18005
25684
6943
6240
4069
17251
9667
9919
25250
2248
19290
21037
13153
10168
17774
10667
836
1166
3212
12172
12370
1799
6499
20756
18233
15322
14758
13374
26001
26328
27150
22730
23075
26284
2919
18622
8299
1307
22816
18102
18067
20081
5195
10506
12688
13433
25967
6028
27428
6692
2619
6642
13824
26062
10137
2843
21339
14730
21979
24471
2677
1370
23379
27462
22407
4939
148
22584
26231
1414
8802
9993
25927
19648
17485
1837
3909
516
26953
15916
2375
17079
23535
5040
12985
14255
850
18750
20169
2378
4154
16421
16765
4302
4426
18679
5188
25121
13285
20809
22137
14696
23980
8425
22879
21329
18847
19171
10266
19948
17026
14765
15469
22096
6816
16536
21980
22181
19826
13933
20719
10185
11112
2423
7359
20610
26777
5737
4065
25190
261
20934
10326
6190
14267
9948
20376
2509
1622
24207
6127
14969
18764
17152
3555
26134
5396
16924
19482
16586
9125
16221
8503
3384
18186
26783
7015
23026
8056
13108
8445
18156
9675
15175
23408
13090
13797
16511
4602
9451
14543
8040
23624
8936
12959
6514
2240
7257
14797
26594
2673
11098
24565
9402
11051
21522
20915
3917
21930
25232
12116
1942
15315
1323
9982
14075
13186
16644
14869
652
20692
14996
2591
27398
25732
4530
17901
25262
6319
4629
18895
15228
6859
15219
22567
10362
22310
16767
16237
22545
4408
17707
3547
22072
13519
21731
21775
19013
3179
17312
20177
17936
1758
6554
2820
11625
16172
19491
6111
8136
9849
24672
4768
19747
23335
20556
22592
1092
12723
4398
26456
5549
11356
27184
13520
2740
9299
18
8649
6100
24686
541
16818
12082
3394
19577
8234
17163
9888
19224
19774
16097
22108
16526
11565
20575
16909
9286
15825
6520
12059
10117
13440
25737
16817
15240
26276
6047
12266
7602
25789
21948
6303
10381
375
768
9734
5177
1877
10556
14816
4212
11399
22487
18540
17032
11267
26499
24194
24287
27334
7315
2635
20412
24604
14455
2944
17341
7660
5130
8181
5219
19961
12064
14302
16832
2079
23819
9322
2186
18794
24675
23320
4322
3140
20502
12915
4454
2313
6413
27248
9170
6440
12675
2160
14519
21249
4100
4936
14195
23839
25253
23413
17838
9355
16704
7724
17337
3461
13529
21593
19329
5698
6561
13687
5022
15873
23434
9277
8255
10036
15814
2909
8902
10687
12595
20131
16780
3563
22539
2150
14761
10870
2303
23052
9930
27363
9956
4184
10037
12111
19700
3850
1248
6720
25942
24640
26357
6208
5943
19823
2772
1566
25630
9549
14081
8679
651
2801
1526
18844
24367
19998
15232
23876
18770
2262
8999
19668
9786
7349
11477
15417
19162
14108
11307
17684
11670
25703
12305
20253
15995
15726
2161
1408
2610
11077
18053
2388
10179
15514
12617
12050
27379
11884
654
7397
15347
14370
3597
3177
13102
15684
9311
1752
21935
17089
4947
368
22098
17440
16180
25174
14446
15867
10844
8083
21111
14087
5998
26259
19486
14727
7511
10853
16629
2602
26340
16353
21043
14531
23089
25501
4994
13137
16420
15677
19952
6753
10533
23574
15500
18628
11210
23099
12902
636
2697
6734
9222
4905
9877
9721
27388
22183
13032
25643
18294
26656
22663
4913
10767
6805
10243
11181
15901
18999
7728
87
4655
23974
7195
18334
19069
15460
20284
14839
269
17910
1387
20415
21133
20218
4255
22409
4054
21963
24889
20310
24731
21138
12200
16752
4458
21724
19905
11456
26898
14562
13670
12952
17269
13332
8895
12004
9408
14286
15474
11233
12634
25286
25349
13011
21605
3796
1318
1205
27133
18227
15464
15321
6268
10795
11371
24462
12302
22508
15233
13071
4240
21215
26293
14216
1844
7264
11718
11673
23214
25960
13958
1038
3510
10599
17623
15049
8091
24266
17651
1228
346
21000
3587
8752
19785
25156
9785
14818
5250
9743
9134
6830
7478
2247
9768
12776
22664
1911
11623
6080
17751
16682
11067
16005
9424
21114
16413
13149
11378
5313
25531
23613
23989
11913
6405
4123
20924
2253
24767
24902
13833
15851
5955
11148
2800
15305
24483
17880
17907
21765
13872
26643
2209
21477
9444
24417
2003
23221
421
18166
26959
26389
11531
2640
19615
22713
20439
2355
12991
4195
13595
8045
5915
10091
24631
17713
13409
18104
12365
3342
10468
18435
19617
24517
26790
14174
16521
15926
13483
17258
22780
8940
20104
8494
26585
25033
18118
2811
14192
6058
16089
4878
26404
16244
14769
6073
9120
8114
2974
11804
623
24380
10235
20621
6986
11492
25576
25029
2409
18235
19572
22175
4168
10220
11936
20654
25713
330
1932
1542
11974
11046
2655
19108
19209
26210
21718
25544
25357
13260
14512
24693
13628
6244
12361
14846
3
4436
14914
13903
23
13799
2492
5638
25650
21545
292
3899
5628
13999
20822
19192
4472
14798
15132
3110
20258
4677
22555
1970
25271
885
14233
6161
13037
1400
18724
14663
14240
16732
20292
11082
11822
27286
24526
20323
22601
19181
288
21736
25912
277
19361
13949
13337
4862
2956
16684
11223
14098
8309
26071
5141
22223
1276
10632
5682
6204
21613
19468
22007
16849
22320
3041
6686
11788
3125
6622
4482
14180
3418
10375
23947
26226
8399
3390
5824
13086
21109
10058
11812
1455
8439
18317
6251
18327
11931
12230
10928
5495
10485
23751
18888
1065
19319
15374
10986
1827
27076
8831
356
15269
7826
24636
21949
9604
8657
27466
5661
3723
2883
2644
11005
2544
2487
18519
24178
24324
10107
577
25861
6340
5095
5800
26248
10371
11761
12158
17008
6496
24315
12044
3389
10081
13196
1301
3225
321
25389
26678
5006
18111
11083
26607
11536
12146
15820
23491
13485
15658
7065
21707
21826
25088
3606
2789
8206
3531
9048
14920
3700
17927
9895
9724
13657
27290
26737
24412
14166
14985
22376
15736
18824
21165
16626
4837
3577
26429
12526
16991
13038
7200
7638
26965
23651
5005
6450
26277
5727
5536
2015
3146
20151
26943
22754
18500
23398
23254
16475
21893
16391
20115
3323
9176
25797
23363
17760
17721
23564
4465
11042
18912
5597
7280
18900
3719
11637
8740
1640
3944
22515
14837
2855
1449
3239
23754
21860
24446
21596
23553
9708
18925
16769
17616
6978
11606
20794
2441
8176
18942
16794
4363
6634
5369
14095
21589
17848
19074
24496
13940
18969
15179
27106
6733
3340
20520
13864
1487
9251
25782
13832
4453
25485
4416
9504
2446
24360
19750
1992
1
15856
18735
14230
8458
18927
13662
6668
11848
10351
71
1025
18354
17976
27295
27216
22941
24845
20398
11996
21908
22821
23663
11835
9640
20408
12100
25604
8262
6012
20747
4923
6334
4716
249
16340
16121
11474
14300
16030
26387
7792
19014
6217
14499
21369
10818
10744
18197
14808
8512
10979
7003
20190
2048
23144
3056
8489
4158
26869
23898
26011
22913
24880
13922
10466
16195
9184
2389
3734
15533
23204
8662
10357
22192
14835
6549
4583
1488
13712
24869
2783
16801
6378
1806
22172
13489
18308
26283
5831
7970
22083
19564
11916
5245
22641
7163
12474
8793
2196
21437
22445
25335
17051
141
12034
22270
3104
662
521
27154
22695
24283
1023
23762
19029
5648
14329
9978
19730
21567
23592
8152
12942
785
3023
24278
9551
7778
1472
4319
21888
1404
1345
14747
10083
1577
24236
5183
25608
8755
672
18691
809
11093
17376
14154
19634
21922
24134
5267
27048
10087
21431
1716
6400
21409
20871
1550
16284
12897
7677
3984
22124
16576
23658
18946
16466
13185
15952
998
6850
9962
19263
7573
19932
19814
5279
17196
23713
5355
23884
13739
8034
16333
14156
2259
11059
1191
14802
26978
24113
17115
12206
22849
15965
21680
17416
12825
19981
22696
23389
24768
19079
15691
11953
361
8870
5926
19455
18276
16264
11245
37
26934
3842
15441
23397
9577
10866
4519
2709
7119
19397
14891
4443
21176
4593
6325
2347
4853
26107
1998
24227
25932
21224
4823
2717
15787
16731
18122
22899
25395
11172
25320
22288
10449
1782
11258
10055
26028
6470
999
4225
23080
7087
1551
7736
17709
1252
17173
1005
12450
14804
20784
27355
10203
4194
24956
1749
1773
23036
21235
13192
27289
517
5450
20604
12421
6866
4046
902
33
23056
8713
6775
15809
23307
1298
11890
19056
24331
11611
702
8884
5155
1507
21068
3442
22496
9943
20018
9578
12889
12705
20589
16043
21799
21029
18742
17605
11345
22252
17453
9382
14888
22649
18879
4559
20629
12190
18782
5379
2254
1430
7449
10794
6975
10835
16508
26159
8215
25855
9156
21301
22213
23692
11157
14812
23731
7099
21351
15509
18480
5510
5609
18177
13052
23001
16326
9542
24906
1961
9588
17638
18246
9662
7768
4844
15135
17167
16108
2362
17564
26569
8724
9635
604
8170
8541
16569
24759
4725
9872
16452
694
8514
2747
2155
12764
4236
19851
23454
2836
8847
5323
13313
5772
6296
9973
23403
2174
19665
10960
26478
17127
7676
5429
2830
15585
26229
25691
9803
4297
19024
27147
16024
1266
23470
24560
9612
9002
24519
10279
18368
2528
8448
7656
13941
5162
18040
21007
1739
25596
18765
14280
587
915
18029
17456
21752
24397
16747
17705
17767
9507
22796
686
16235
5394
27316
16414
14698
11075
15126
2902
10101
21099
10721
21540
10167
16602
12914
10495
14341
10214
12476
14623
22468
8542
22884
1604
14165
16835
24823
18371
6357
19064
739
8572
18463
7070
13859
14132
14711
19387
13242
10192
20071
23508
1511
8383
3050
4468
8021
8912
13033
1776
20457
6924
9346
20488
11949
3923
9941
2984
14270
5091
18656
20779
18467
25571
7499
22789
14822
4797
10306
1249
10344
5529
3557
24679
23862
20497
10257
23942
26176
5568
15761
104
15160
21131
21465
20777
18149
10260
21995
16887
19242
15274
16786
950
1989
944
26466
4753
12545
20434
10945
5562
8020
10152
7821
204
286
17018
26188
21199
19892
20289
3291
24998
18943
2169
21167
8335
20577
11243
27110
1822
5794
887
15088
25794
7037
21179
5337
16638
25489
15122
22522
3254
15600
17977
20892
21123
4964
20052
5986
24778
12456
25674
987
19707
5302
23371
2250
24311
26353
6050
19803
13465
23813
26719
16836
9692
26408
7849
17547
11035
1812
22869
9793
445
196
10304
26330
5590
25459
21118
14851
5885
5
14739
483
14317
9824
12163
6439
4912
18358
10827
12767
23180
3080
16488
3437
4828
498
27467
17069
21471
12874
25344
22042
16664
24830
24297
2460
19312
26960
25702
7703
4026
4619
5933
19378
109
3566
24836
21332
25831
27415
21960
4999
4258
13122
12284
712
21087
10540
21229
17253
23709
21890
2534
3788
22296
12282
25309
1527
23872
14350
18477
22949
16140
189
21261
25980
18561
22352
7924
10427
8129
22331
17042
21619
25616
8250
19663
12019
10231
21987
9465
6877
24510
22122
25540
6110
724
9910
11710
19441
16350
5703
17066
24096
11797
18259
20278
26848
17657
21539
3935
25043
963
19658
23524
10651
19877
2009
19758
22344
2661
23353
16435
20348
6090
9961
23644
12648
15048
25408
23582
20828
13118
18301
4035
21358
13219
10042
20296
2332
14647
17107
2847
4712
5821
19039
4306
25456
11504
16863
8073
23964
5959
11750
6316
19910
26824
14987
12964
6590
11597
24815
26345
5852
26715
644
7684
9617
11376
16994
9000
3691
17061
10778
11631
1450
13957
9460
4811
5158
21457
17766
20171
14208
9065
5206
9512
16847
18633
24190
3528
4130
23224
7045
14051
17460
19403
25415
19461
843
17319
17275
19200
22194
16968
4291
16268
22744
26975
17476
3721
12013
7552
26800
23045
7109
7467
6304
20466
17293
4735
8876
21394
2043
13234
3834
464
2752
14609
18101
23461
24949
25719
8596
4690
20225
17030
24753
17530
16651
25059
19285
27141
21762
18992
3813
3931
10886
20699
13945
7839
10821
13572
3492
22614
19776
20826
20651
15377
7829
43
17930
5607
1223
16274
14477
20549
24046
26896
25743
9285
20141
20268
15568
22025
24250
4435
11292
2315
20371
16543
122
14468
7259
1390
21295
22262
6615
21883