31876
53583
17168
9639
537
9347
36366
46202
43291
34920
49763
47017
32621
41129
51176
40580
19355
32958
7032
19617
44397
31827
30081
16338
50010
49528
53040
24409
10340
9712
39206
36358
22984
798
28506
24735
33374
27760
11619
42117
49821
45342
24873
7825
30327
29342
38671
52889
48042
54104
44254
7095
26003
48020
48247
6617
12236
25457
29465
7659
19937
118
42266
40363
40218
23775
43551
3342
48198
36691
52986
26498
38028
54902
2962
18695
6154
18960
53234
18364
21700
50004
51030
45529
28206
33928
28409
40820
37025
45257
20846
29363
14638
19051
50805
15497
4975
44450
24574
24967
34845
28641
35452
20946
52479
45642
47701
48687
54824
29844
44381
50570
8590
53993
52835
23375
48530
21374
35238
32553
22034
648
41408
33555
38781
45124
19345
31048
44727
48319
9505
2475
16580
44748
43126
44003
7778
54973
48229
11823
8086
20926
45133
29969
22523
39920
3235
4785
34190
12601
42735
6530
50438
5734
19056
52227
51747
26602
15602
43003
24927
39124
29098
22033
20889
16342
40339
39911
2999
50804
35773
29395
51411
3830
25984
34948
54393
44150
41680
35416
7091
54278
20728
10393
49154
45771
26122
54531
24918
45958
47086
45014
26038
34456
30532
6803
21696
46982
37565
54286
34557
10046
53311
42990
19249
22202
11197
31481
2178
20983
52111
37059
44782
15980
31316
22833
25567
53844
52800
54223
53638
22210
28681
34672
3814
46577
23093
2869
40442
31594
42374
51034
25101
9111
1957
16599
5728
603
655
13003
32895
17002
9432
7271
1308
34998
12608
43529
44130
14637
15379
26391
13329
44745
46856
11174
43047
2724
12975
32707
8711
26196
30603
47402
20196
53108
29156
1739
6730
20800
48139
744
27463
38180
4075
34676
51709
52334
53363
25878
10899
14391
23347
21751
5583
15064
39886
51594
23315
35331
7582
41351
14322
36538
10672
12436
913
52505
508
35215
40803
41846
13640
30297
34382
24167
24211
10
42860
13568
44769
19335
25734
12088
52679
20407
21991
19959
53967
4945
896
29153
42899
53527
13836
37214
33854
4029
24192
12982
28802
32156
34980
9741
21302
19234
6303
26115
39323
3045
6194
11944
23615
32379
51841
42118
19867
42452
4170
32454
42123
15745
33803
44572
12173
8831
43855
1648
26748
24061
17899
7911
53595
12892
2077
24329
6227
40347
39934
41216
26080
49538
14089
14241
51952
52363
26866
33018
21544
12414
20650
17084
39827
34249
51380
45589
53915
51671
48609
52887
27786
33350
4251
41575
40258
17205
33878
31708
23966
16898
54415
23439
40620
27722
41865
19009
36599
14807
29151
4419
39973
13182
50043
54031
43473
13573
45511
38783
11344
50518
33791
51995
37629
48006
27426
172
25657
43325
14717
20477
29232
39814
6783
32080
39663
9535
54269
3798
18195
29386
6775
46846
37768
53666
7706
27652
19151
38229
22565
51766
37917
32483
32123
24028
54219
24464
35261
29354
36371
51508
51092
37814
23894
9874
1133
24373
32091
46344
1506
29311
46022
28796
39417
54239
49984
21633
28374
39605
34514
13674
20253
51644
7310
52585
38950
4262
26190
46339
7009
44181
30179
4583
49625
18771
4407
43781
36534
11702
760
33406
16985
22408
10641
16734
34036
16160
34637
32332
28904
16753
6400
33752
46317
6601
16348
24214
35998
53050
49034
19115
17409
3213
29480
28784
51944
50265
54752
36516
10852
54555
53857
17331
32804
40370
39977
13389
47283
43772
24260
23412
17385
24010
53517
13863
35158
28535
43867
48794
21670
42392
3459
17195
17429
29252
37793
255
54810
28872
16014
32668
46429
42256
48169
12965
15378
46514
28138
44295
54131
8212
5296
13852
29301
18251
17190
53724
37356
24006
42745
40592
38615
12301
39341
27133
34837
31337
50030
12494
48143
51829
15156
35951
49854
33504
24449
26621
52686
26336
27051
30056
27315
41260
35781
6696
53406
22659
54244
41144
19211
40235
25138
24143
50064
38272
2301
49111
6235
30274
54106
22513
33601
39111
42133
30138
23359
41875
6750
45535
19723
32304
42222
12947
10724
50793
15717
48091
52618
9323
44600
10611
41759
45836
54296
2620
47978
1083
42221
45953
6241
25284
9248
54408
51222
43122
34365
26730
22857
50124
969
16097
14510
29562
42262
47901
49897
40285
32915
22764
14890
38878
8308
34303
11121
50450
18013
39868
48566
18248
38489
42558
24023
9677
51027
23833
53940
26263
44632
18363
34477
24663
5467
41856
53351
54755
23749
17270
11987
50546
3075
52531
40724
35382
39988
40910
53520
48741
47826
52641
4293
7849
4269
2534
25027
29106
8615
11091
42338
17177
43569
36364
38192
35836
21394
5457
41232
55015
3150
6567
12618
54064
43990
14486
39532
9650
6257
26937
52899
23001
34111
2684
5683
41087
45523
21483
5473
22288
25671
15523
8227
23649
42047
6078
39391
39076
2069
53015
46637
15477
6862
24688
21351
11733
23843
45268
29680
1902
17999
49399
23458
8719
40161
53298
43803
10415
42635
37123
31389
1915
12903
47990
36949
43189
35390
25500
51768
10259
11645
26547
43218
52325
49507
31651
34745
11375
49173
42442
52653
9665
51849
40883
13648
15188
26827
44784
16529
43657
18869
53806
8785
44667
43695
14114
42760
38200
55035
5655
51790
29904
1913
14333
45940
46527
9260
48454
30817
26818
47305
43931
17664
50580
29328
28283
4376
9383
29431
41546
52815
39354
43170
34770
874
15325
33006
48612
11555
16111
21570
14358
32445
49306
12774
46640
46546
32678
39103
50126
29037
50360
6018
14729
3838
16957
26513
15467
4563
45678
41115
3831
10664
19517
53653
33851
31450
29351
33734
48876
20331
36453
43284
12323
52139
51777
1319
29314
27079
24740
35060
5673
38316
11751
43597
1875
52075
38557
9423
10065
37120
32273
17474
13665
10505
18656
20553
29947
37242
44278
51288
45553
27974
41622
40627
20625
19181
25169
54801
36393
26718
36511
37243
36990
30071
48998
318
52642
25718
25795
24795
20387
40742
2023
26863
41399
19073
24908
32906
46920
20089
54677
39900
19951
29875
34170
21406
47341
35708
9213
37869
48117
45494
33279
19975
3306
10629
42638
40945
48582
4558
17588
41268
42590
40464
35348
5418
48370
51367
44697
51482
46000
39166
15955
31658
37109
44957
42168
31193
920
33570
48843
37756
21059
36198
12747
18537
11909
45539
30955
50915
31818
4264
28327
42675
14980
2690
43995
10937
35566
39305
15565
19466
26672
8325
33305
42410
28208
37876
45459
4926
15726
29604
45945
50250
47890
25247
48770
45078
11295
22622
20580
53038
11418
21719
20052
27392
34222
13409
32987
54063
50152
47929
25629
22290
6629
24089
12341
20213
42784
42614
42012
17115
6578
29518
20268
20768
25381
50094
38440
3277
27578
10163
22817
37306
10230
9579
40868
26483
24233
50227
49706
44210
19422
51725
5000
13349
36262
50671
34267
15420
38582
23044
7394
8758
34049
50038
25522
29944
6275
10002
29217
33131
54502
17972
16975
15448
14680
44824
3965
54513
14479
54603
1243
38136
47048
48096
43751
44361
49570
20685
36712
11725
21077
36305
47369
22701
42968
28415
31199
11492
30587
52698
51393
25107
42411
7566
38770
43559
25812
34932
41248
6186
48432
51965
26009
19799
27194
48273
31853
17180
19852
21671
29677
47924
51188
37172
2175
24469
9072
35830
53318
41629
13732
27415
38920
16788
30675
30477
44013
28293
27869
49032
473
30535
32704
24048
3116
39586
31487
36564
19973
45046
51568
5445
46113
38196
24197
37935
42637
25332
25637
36876
49915
41555
7219
21589
21346
43163
54948
20598
13599
37889
49926
16274
9121
13249
39425
22266
41583
5993
32649
11402
50341
23954
9497
25704
22592
27042
54041
51013
15022
35963
9915
8967
46276
52576
34331
19285
33660
1672
45232
7503
19767
31007
24429
1690
35574
38008
52089
39096
24344
11628
17984
42592
42023
12930
22603
26754
34234
27104
26951
42696
12143
48464
32984
36782
22365
23650
51064
3004
43200
24517
23723
15000
52032
33619
22092
22854
1205
34662
49858
25853
18645
9795
46207
40849
51549
2385
16172
44773
33050
23368
37169
46155
15628
54318
34107
26401
17131
8031
34291
37960
1
42844
53902
42416
5576
46434
12959
43246
52399
14328
14839
34765
6963
38019
13261
48730
6482
19496
824
15277
24327
40786
32291
14162
39075
39651
11851
30511
32134
44943
47236
36717
2877
2318
30237
12404
9701
32220
46269
16699
1941
39671
5305
37037
22022
44997
4176
7477
28275
52149
24330
26676
21640
20831
18729
14528
28433
40283
17809
21929
27409
48917
51154
15989
53000
7680
15074
35404
35077
19014
28422
44311
45853
44601
47251
13981
39331
44516
15153
19159
42598
6548
41314
24223
54334
22024
13253
28107
19753
31428
34385
19561
6829
36979
49229
13338
12793
43492
34802
22422
34627
46842
38641
49480
40274
42150
35144
30008
13214
54544
28754
46901
32398
37571
24863
26244
29112
35222
36825
47941
23485
3643
31080
46031
6149
4328
37524
24382
46400
19493
36663
37186
29471
19647
26001
54893
10368
46247
34924
53835
54093
46137
36754
52514
23889
50749
25388
49829
22575
35850
29186
47588
47793
46089
8736
4644
53816
27435
49695
40669
38199
35988
9280
32976
41864
45275
46463
42196
24683
9103
37598
32140
16633
16009
46578
3303
26205
31614
54885
51068
5285
41969
7067
22950
36096
41665
54153
36355
34072
42353
21902
7992
5267
2266
16141
24670
18546
11082
38514
44117
34508
13947
22841
2274
49017
40794
35241
33391
9934
32433
49994
29915
28812
51883
24335
13797
187
12009
9768
31808
33880
31589
3234
52237
27590
45103
33494
28997
47221
26479
40195
10583
8159
23125
26159
35260
54854
27981
52534
17484
18434
24354
20486
34333
28761
9950
53240
48178
39955
5689
9727
42918
10037
48623
1315
42459
30781
41288
48330
31394
37050
5942
35932
13574
54602
2243
47504
23234
3970
25108
46818
24182
44127
30763
39404
44548
50143
35245
13956
18877
27209
49207
36318
49816
54139
38841
33534
38773
12181
30632
37351
3440
40254
36543
12974
30253
30940
33444
1498
5116
53291
45895
52752
13429
15703
12193
8852
11278
40093
53282
34211
46264
50858
41551
42541
41962
51521
20007
39118
47496
7529
38793
1087
14764
45217
28789
1715
21173
52046
53838
1545
42074
24561
49841
27957
36621
39472
22091
28402
31292
47243
13310
8950
19833
40230
20640
5800
18558
2249
12253
23455
52408
10779
8076
2572
28371
25176
11794
53505
49405
37663
32204
43449
23323
28358
9597
22114
25866
3685
32800
23418
12538
27593
4545
43821
34118
36152
49945
38379
26425
23992
53032
40702
29454
395
31427
33145
15571
3854
7446
33596
3296
43198
54963
32057
49960
13484
28698
11441
27246
27778
12357
53686
7998
15105
17071
46803
51748
43658
46589
41416
47977
54280
23340
44025
30459
48398
9052
13776
25327
14246
53073
31910
15932
51280
11018
35504
38079
4209
19996
17457
47561
48322
17678
42081
44917
39149
8983
18076
8203
31689
24565
497
39295
35149
18967
51623
10102
24667
4914
10794
35151
10991
31520
32577
53811
6402
22674
24068
17622
18578
10074
21148
49313
20883
31201
47116
46801
49460
38354
15408
35145
34706
25742
11403
40037
41278
52443
27761
32477
33000
37879
45550
4199
15274
42406
35528
44648
19539
49712
35197
54987
28437
44763
31799
39795
31136
1064
7464
40061
35312
6558
5794
36053
43369
4494
23904
48482
4022
7763
12602
30320
35462
22488
53237
44382
33847
10682
39614
41520
29069
37557
678
53188
53515
39927
25887
33262
35364
29001
30393
45707
46560
17225
50722
6421
20256
24077
6453
34618
23767
17312
30799
17784
18287
47195
54086
36031
41689
5409
15623
22291
52119
9610
43201
33310
18350
22051
42894
16364
53841
41708
27423
11604
9970
34089
9566
7853
18053
29307
39091
30651
54941
37389
48596
2185
27801
6162
14936
36588
52776
50201
13464
22887
22111
6202
40538
10067
16652
16428
9107
35582
35594
51416
35007
9067
38960
40614
54283
45190
1554
5858
51023
13301
52288
2727
10006
25293
8927
23128
13019
30091
8799
228
42649
32229
13326
47330
37832
27307
15238
673
17734
54421
27457
30308
40887
1359
54174
10446
27718
51452
24261
17286
30546
33986
17645
44245
33076
14563
16474
52485
54687
43393
34066
23070
47882
6064
53834
30739
18525
40011
7437
32560
9693
15479
26210
35861
30211
18781
45623
45745
11287
22485
26567
219
44020
25406
32059
37637
48720
30757
5525
483
41501
38404
35484
23168
7317
48830
31305
51448
24753
4166
47550
49345
43635
24880
19516
17019
47541
35399
43620
46210
27386
25529
47910
54324
37968
53937
22285
30243
42973
13092
27522
5463
25846
25204
46671
22507
51814
47618
16294
10966
36109
29463
7469
24614
49414
42439
54084
10801
14045
48035
2492
53374
1150
47015
21292
3105
43300
40042
36931
28782
20435
23163
5872
45603
39706
16347
37998
17595
43710
42768
52910
53020
2790
35912
465
23718
29422
23792
37420
34086
5164
27102
7880
23037
13086
21863
1629
27335
12765
17208
1129
23710
26656
1999
2985
7201
7407
11756
24055
2496
32950
1860
53285
12340
28120
17770
26872
9591
29227
35263
31356
54997
50032
39157
31458
36567
52006
26302
14061
43140
17166
46865
17553
21659
50470
36853
39725
20073
12995
24961
49004
36963
51832
14852
34344
46905
50292
16812
27967
52398
20449
2056
20804
11800
3837
20078
27933
3323
12058
29957
18228
5881
41000
50420
47142
16385
35971
54117
11856
37265
50871
40939
51955
17508
34470
30125
40843
41496
27259
4800
25503
27318
43338
11267
16235
20771
2144
11709
770
8278
39767
54737
6866
2463
38257
4847
52460
14197
33883
41824
37798
38107
21913
26766
523
49942
28306
18289
11305
30745
49675
37991
21475
43267
18413
42183
27771
54361
2190
38573
6330
35092
18389
43604
54260
13616
53225
36097
20099
53892
25552
21577
10749
22271
7300
17349
52810
17828
28863
45433
20120
40425
51384
51160
51235
51923
26961
16748
7476
35413
29124
14508
53958
12706
25220
8934
54922
46468
38895
36145
22656
159
20142
21683
21476
2470
1530
45913
34449
737
16524
19453
32162
28584
35742
15883
10084
4056
49650
7648
2269
24389
29678
3544
25254
6889
13021
12513
53518
5191
10658
37974
32366
51464
24716
21259
6000
47844
7642
50676
3952
21676
28160
12309
25325
32727
4517
19479
25190
28589
51337
7955
39482
31907
17020
15999
6103
41921
24468
15690
51499
11978
18465
12268
33650
24297
21724
22598
41063
4524
32881
24943
34660
52528
45988
38780
47134
35343
53463
17243
52608
51025
50490
905
12018
50966
31898
27253
27166
21952
19987
45369
15319
32611
53889
24846
33222
29889
21996
20384
23060
26528
26463
23192
8391
5768
1478
729
17737
50084
10013
7034
52279
29140
48041
40541
48358
53745
50319
51347
37088
14894
20639
17691
40262
20568
44603
22927
37253
23226
53479
5177
36142
41561
33173
27498
42101
5483
10328
23283
9866
7148
29041
48130
20214
40734
25628
2448
45325
26945
52518
22787
221
5275
37201
29168
50270
32703
32980
19526
55018
13583
1041
50647
21790
48367
18969
42827
53644
26137
21419
3187
26625
26253
53254
47141
20601
5173
13023
42135
39216
29163
2404
46768
17226
54831
39729
30429
44757
48673
36439
43030
46985
11876
46713
54115
46949
12230
23454
14185
35834
8691
14425
42948
4393
9047
13057
19383
30025
48224
39033
3324
25911
5629
44034
35436
459
29557
41371
46534
37453
51647
51860
47644
51358
40711
23443
52080
39148
17858
3634
53558
41306
46255
43086
30148
12913
45670
50897
41363
18068
8417
17751
13090
42019
17988
15292
34131
40778
49252
924
54206
2894
19650
16751
21749
36134
39074
42371
40015
50657
26385
36158
35602
22155
7720
40681
23619
27625
9513
29953
36614
37909
31631
32467
11595
31366
24350
22570
22493
40172
37927
32185
2444
51042
45091
21793
32566
130
26310
30854
21092
31476
51850
50509
33221
21796
26155
53030
30001
37617
22366
8457
18523
50001
30911
1594
4741
49805
13296
39221
41816
39274
13067
36486
15103
39972
9340
18149
6109
54924
32606
36893
50190
16927
53158
5035
10884
26668
20068
43476
33548
2672
2457
48748
35005
1403
18946
29881
32419
52268
39652
19898
34812
30292
30652
16321
54054
41613
22861
22281
21437
7667
38993
8710
39298
21551
8018
13422
41675
49552
50109
25934
51242
34221
1065
6317
20045
6390
19823
20875
5726
3173
21097
9620
8883
48537
47126
14854
9503
9205
37344
37860
13532
18586
23015
26699
8
11209
54981
12481
17852
22744
11564
51459
8334
22681
52662
12441
33027
34854
51169
24673
2628
29059
4410
7696
27728
2936
49953
6034
14138
4214
7119
35725
4728
14156
49911
34319
3788
51425
15822
40387
42925
31494
31772
23345
5214
25784
27400
1704
28940
13139
28001
15436
8836
11837
46507
20189
8887
14273
49199
5068
10433
8484
26315
4653
51690
26589
1156
42362
50596
44692
21776
31787
35472
50530
20317
52322
47690
18489
29413
28661
19625
49682
27205
27297
45149
23097
48745
49780
1627
7241
8345
10489
49749
49971
45211
27115
5261
15780
7250
32342
50370
28400
41251
13551
26878
33772
51391
32012
40470
29821
23823
38981
887
1196
14573
13602
53694
2219
16196
18261
32815
18283
10331
27126
51872
1539
33687
27319
51049
1568
42236
48545
51727
25774
26319
20966
35254
47638
36254
13693
49253
52629
53377
52939
12755
50206
51255
17819
43976
38414
46966
5815
21763
43675
5775
8070
4801
21997
33036
15173
33447
30641
14817
17966
29797
639
33380
2335
3780
27700
17558
225
31022
40692
54844
49477
49192
382
41727
26681
30815
43512
13647
45752
50613
17835
52650
43876
48812
46397
39794
49009
20543
53986
40689
33421
10229
4000
6679
46014
916
2337
52555
36539
26179
41057
32539
15907
20576
52570
44490
40981
27003
5239
52868
47715
15659
14985
36900
52727
8804
53573
633
13930
13556
21358
53895
32637
47592
663
27088
27421
29002
51866
6008
51746
25476
38395
16099
40325
4980
32404
9418
28129
9300
15541
37819
43885
14011
54349
500
24247
15235
44883
35535
24507
33264
6787
19273
34779
54212
43451
45283
44135
31178
35944
42300
36878
7326
44138
47668
339
39763
46368
31677
4789
25891
23829
42110
26595
9163
35234
22623
51563
47025
14948
7153
23267
51339
35109
3998
35201
38598
35274
3057
44544
53079
51264
48519
42801
42085
31673
25685
12184
25580
53990
5613
40028
16484
54933
10534
7458
45072
26445
53093
6025
6944
42688
12870
41426
8185
47288
6909
40299
18818
3631
51070
51495
50732
44441
47514
13790
9159
54802
52558
8089
21044
13170
16225
9542
14177
49526
2954
32127
18710
15128
45037
3381
38970
48029
3923
40085
3744
10848
40383
4030
49247
14690
52372
40599
52254
28573
37375
2576
29517
40333
21740
40483
14513
26935
33345
48600
30737
41164
28679
1671
16865
43380
29743
24242
44410
17535
21858
32494
24290
46749
30823
10901
50282
1942
8300
44876
44041
12651
5155
16191
20660
35797
44214
46105
20230
31300
20617
8570
54508
37149
40829
37379
28428
11225
6740
53538
51631
37692
14581
37502
44621
49959
337
9518
38496
42702
45498
9885
24501
46552
34900
1541
8527
45112
18130
49951
19360
1165
43057
10377
46582
38506
6537
52231
12723
50246
37294
23695
2224
54911
49125
17937
52446
9963
53005
37704
1154
40269
37473
21791
44978
20307
401
3491
9375
14069
38280
27096
2074
10289
29725
39138
49789
12937
11560
40677
34652
3197
32817
38225
5057
47273
11954
27642
4514
15215
52417
25955
31555
4344
6170
53592
27886
48943
16642
1116
5717
10358
41239
15114
26832
49089
10576
52210
38955
38927
408
20509
50681
16029
44620
7126
21017
41134
27950
30783
21000
26285
20722
39042
14793
36061
49920
33097
52767
19271
40714
7856
5828
4260
49176
39956
44939
42717
21534
22331
39996
14859
17462
39554
53747
26097
18650
36119
10173
32838
20919
30064
180
44205
42513
25300
39384
51227
10881
9456
8405
7662
10922
54848
50631
37952
9996
49517
7429
36309
6463
33744
22665
30750
8140
45134
25088
42229
18406
38278
6245
31031
13690
29948
26946
43483
34896
48467
43433
52948
30301
43418
25535
18456
44197
22801
37945
3669
19407
28420
4059
44481
34458
6649
25253
45205
15851
22140
21540
39461
46493
42631
1638
42390
13447
26990
10094
46880
44948
1578
34225
30406
16022
41487
50984
18767
38903
1923
5846
31169
51547
10734
53110
54436
20224
714
45468
4008
15299
6683
25446
42850
38369
20080
48559
36921
13291
18160
19765
22037
38943
39007
7624
49629
52104
19362
35744
7878
31849
24038
41185
10782
1067
32686
15140
879
35647
50045
50665
31281
52438
51876
40728
48904
42177
32358
28053
47119
16598
46685
20002
36472
15051
16840
36412
11111
44736
23219
39703
53194
19400
42818
37918
30628
2703
20235
9991
45716
49726
29926
31963
24816
35858
51649
20767
8362
32349
8579
36552
10200
28898
9415
18166
12809
12714
15914
36057
4893
23238
34274
9402
19885
35028
44848
16068
36928
26610
51917
47185
53029
15560
23860
52011
18404
36698
15343
41238
33011
20895
28677
31757
38374
75
35659
7298
589
24734
28472
13762
7921
16413
34761
15427
8601
13199
491
42048
51640
6815
16741
14739
43038
10539
45697
2124
3336
34639
20133
30965
51540
6733
37774
21623
13476
16876
35806
43524
613
6428
26997
10563
2132
47277
38526
42311
50230
27442
47891
1056
36008
16128
28521
49022
43898
28514
1661
47657
8305
53355
17882
18499
51985
16422
47847
15641
32680
17518
37399
28611
50355
50
45296
37741
49369
13149
18840
19314
20753
41200
46178
11055
42056
42310
47360
51896
45723
29292
22447
36792
89
54697
30444
54160
54729
46689
11972
18451
21334
51696
37589
24259
15285
6201
44083
51349
50443
25377
50924
44469
22664
48392
4225
46657
42239
2167
40933
15667
38009
26492
39963
50662
22613
48238
6054
52904
50953
53144
9023
10767
15938
23671
46144
43261
31431
1755
19560
34188
38162
47677
49810
52284
40452
26270
24726
41684
49612
1484
441
46729
14369
51799
4119
14784
35324
16103
15369
37518
23465
16591
16709
33106
15977
290
42089
761
18894
15053
41905
2088
24499
49052
43426
22896
35313
18571
47750
19319
13177
3337
39227
24612
39636
10722
48450
26801
47302
44105
18750
18683
16463
5954
9204
47319
18057
44559
33091
36953
35266
15971
24522
33138
47510
53781
18422
42022
9742
23708
47747
4283
10086
47447
47622
41815
31731
36236
6659
38447
49593
31981
33484
36989
5002
35828
26472
51630
17232
4671
25453
35657
38868
16771
12523
23140
51279
12742
16090
23450
807
11805
18314
37091
19718
41161
40292
45359
52550
24352
10270
48639
54579
39010
22295
18187
49753
14416
51325
32435
48869
26538
13750
50838
29130
54643
49339
48853
36417
19729
3043
9282
29071
16543
5650
37329
45188
5366
23697
3244
4932
44550
45998
40789
38211
93
28318
17030
33873
40998
44497
21598
38567
1831
6298
27167
22183
47307
50347
33085
35922
40640
42599
32583
15297
9449
7820
51583
22640
34683
50117
5540
36100
10353
5853
38188
8954
41472
51604
21030
29833
25002
10986
20905
23732
22079
4035
7020
27564
7191
21197
15139
46041
15478
18245
18323
5312
13755
5968
4640
19478
52303
36137
985
12106
9849
50165
37579
52093
19142
44103
47611
53
3359
47739
37744
30282
36308
1362
34999
10893
680
31738
11841
18515
26291
50312
50992
25070
53372
1437
13680
15718
53149
52444
49279
21883
28152
48669
52622
50016
14522
18397
26983
16331
50735
14766
2842
18061
46378
43181
49872
15684
31722
32136
5281
2267
46917
13806
2771
32144
9778
8913
23286
54091
25260
32767
20957
449
23150
53624
35202
27260
1847
12627
21119
50426
40057
47104
6810
47810
33237
44759
52110
53414
38215
18437
22990
1010
43092
25993
12915
7171
54484
864
15269
1524
44097
53919
22219
47573
3647
38539
30221
41031
8284
31072
22356
7375
47582
15699
1268
47654
10591
47361
22463
44111
53757
46579
29845
14439
2667
1692
27828
40665
35488
47466
1233
10215
41537
13641
35764
4322
2014
39599
40434
45663
42210
10057
46006
10299
24749
40070
1779
43277
26356
33722
25185
15370
29754
39754
36546
43112
10401
15788
37176
38291
31957
47653
1961
46808
16401
38428
18021
29695
30079
42159
12333
2354
27954
51405
22731
28712
44627
19492
22905
35697
10305
1145
12734
41326
36896
42275
28177
18673
4461
19157
3878
46909
51810
14265
54776
54123
12125
39163
14281
26355
29577
38822
32928
45968
1652
43787
11421
29274
43702
40631
22131
17527
32227
4954
38738
10131
30643
53395
44302
13905
30772
9028
2930
30619
36734
4686
53245
9758
13116
13273
4529
2922
19690
23535
2918
10776
24270
2271
20193
24440
11548
45450
28267
26418
37322
52846
51933
50913
31598
51131
679
15443
2038
31222
19583
54398
19621
43308
43352
10421
11989
8384
39773
20447
28927
33836
54717
8451
7986
23685
25726
31224
27804
46647
3181
39200
33101
15039
31979
6185
49115
50179
48353
52718
22432
24581
46766
31840
8788
30646
32775
39306
28026
51073
4233
39054
16921
34649
36230
15423
10168
54081
19127
22340
5498
35860
25481
51433
36941
35192
6477
41606
29282
37706
51438
31014
548
34884
37854
1981
29500
1795
15634
50553
3622
11786
42265
6999
24701
15721
13699
45402
48444
23183
28072
18872
32602
9884
5197
45160
37030
54572
36277
14374
41170
17500
16372
13829
33644
32660
25035
20712
28344
50851
39428
48863
9391
31056
19891
8371
44456
13780
20305
29970
50906
6903
24359
30183
38175
44849
8914
53470
29777
40895
1210
30604
32195
6607
24920
6858
11584
49655
7871
21343
9600
18500
41123
32869
41773
10154
11292
22551
29147
14882
1428
35846
37100
49743
22808
50429
3215
14188
16486
13974
15118
19265
9430
17889
4720
30614
31272
11072
3099
10529
26107
18914
2816
27751
14113
1585
44820
39455
38385
29456
4827
37515
15318
28910
4306
97
34723
10144
50770
25668
48516
32300
33163
13454
15492
31415
6891
38592
35164
42648
45881
49362
54010
20938
39541
12202
41321
37503
53202
42580
13984
47322
23724
5707
40404
45223
5548
8981
51888
28046
41911
40959
22941
34236
6068
47197
31512
18086
13701
10249
3026
7670
25324
6122
36695
15006
2831
17275
6681
31542
5124
47412
46707
50029
6770
21190
26881
25431
20452
14650
23583
40242
37468
18950
48588
19904
181
10177
35791
3574
30919
8823
29502
13353
3126
40666
41732
19413
6926
24133
1927
53883
43
4286
6711
24926
6191
35483
26779
39730
8012
15485
32415
46098
50186
5222
17565
38332
49276
13448
21496
11102
53393
13998
13233
14128
9899
37409
47470
25487
30590
27108
6267
28465
40759
24549
19578
9809
30727
38651
36607
26638
2884
37308
26539
52809
9635
41996
12383
8924
2693
39623
30811
3764
3908
29668
24541
49489
53723
14261
16044
52148
40468
50938
39201
20169
7033
27822
11101
25645
13181
44638
26647
53170
53827
21874
22442
52638
1182
38640
37988
44811
24363
26053
21634
48354
37333
23881
19712
11156
35037
41649
18480
40185
37319
7385
5824
3065
6212
3601
29652
43384
37022
28744
7693
16949
16490
44081
6193
18885
48886
22066
35454
38167
12568
30866
16680
11843
18339
31414
2512
45311
53633
12224
51206
1849
50460
25038
10054
4482
49561
2584
8640
36167
26334
10405
45379
25940
25008
16561
33563
28227
48563
21331
53557
32589
36763
36040
54820
18120
41019
15593
15730
21111
6797
46175
7607
2788
22741
21051
22078
47301
1384
7595
32887
20298
14254
17727
48084
21445
46739
10313
41049
50744
3731
44504
50887
20028
28734
28690
8741
54765
28489
518
1109
12587
50113
47914
27834
35724
46375
30447
26802
6276
46756
5162
37026
18985
27505
29706
9749
46063
43783
51939
16509
22947
4765
11247
30015
9908
39266
19034
7932
28212
5439
17547
23963
36176
46395
48253
11150
10030
14597
30484
22633
19984
417
8767
17438
9785
6003
40194
24627
5183
14628
21986
51516
8623
52162
27030
42067
33142
6742
6164
12479
496
7840
17519
21322
4206
6726
12685
30390
49039
54365
23303
31498
34987
35082
1895
21248
7726
20216
44069
22080
50785
11923
2478
17127
11352
20060
46603
41666
26388
11542
4919
12331
25109
4834
11248
12101
5455
54020
10464
54626
40863
35114
50586
30957
33191
38536
25090
328
24148
17452
12690
138
41126
8518
53839
22425
52131
25570
35502
31345
43566
38345
37510
24836
54200
7755
22759
20634
51513
38295
29468
9172
41550
31396
40522
12483
54380
28817
29816
38262
23288
35291
43013
27530
24679
28974
52525
54918
26486
5904
24852
49832
3396
43061
39294
26510
954
29863
48855
36202
50493
29664
24205
29474
11946
4903
23399
6471
43537
19597
18226
20173
11061
33727
47566
27814
52600
13632
4107
48051
39589
51842
35878
10914
47317
9462
50380
37612
8999
25132
9208
46174
32842
11115
20092
8035
14451
30779
28133
32024
27791
29626
44159
44770
23024
12804
20974
42508
48174
30521
2265
35527
5739
10164
31917
7480
27826
23253
4303
39784
47150
5560
37304
20927
16289
22456
17277
47364
26348
42096
48071
23927
45622
7697
39375
8621
15464
30608
5016
16469
40519
50142
9337
10389
296
30481
37249
12823
6956
17786
52969
5325
53865
33255
50216
23099
32219
24818
27032
25338
8735
52971
35373
48380
3362
43718
23637
42032
20108
4587
31505
9190
19442
36542
46935
7769
44233
48653
43629
49580
19659
37544
40145
4616
36671
42921
12495
15819
7792
45983
24560
53344
782
32181
42572
46083
9496
38593
9684
41344
53422
49618
53338
711
52296
19110
14291
8476
16439
20274
34834
51139
28496
15330
52748
10718
27910
2310
1662
11926
48415
4368
21069
5331
2214
21430
14205
43335
28219
46229
6790
11482
2430
21607
43816
45781
1952
23209
25096
16886
47042
19064
40579
47836
8849
54357
46665
3035
9829
45654
11660
19792
5450
30700
32874
48978
26662
33333
17080
814
20424
16718
6485
37600
10407
34096
25154
1071
14145
10747
22546
19770
25467
35173
9258
13020
20293
3275
1027
16587
6272
31796
42061
52261
38626
369
8315
34358
54611
34284
9808
39314
39643
47945
44626
16516
41077
628
26736
18852
41743
42837
6495
11503
17157
16256
1720
50819
53086
35155
20791
21262
46073
17792
5607
42886
7218
6631
39534
12167
49974
14702
48662
23763
35507
4589
30231
29102
53845
19931
1091
12879
27364
18603
37999
14171
49315
12891
2256
21376
30116
1966
23243
25900
50830
40869
5510
53714
30837
45586
13869
14080
54005
27735
2659
25787
13890
28780
41656
49217
48278
34832
19587
4026
54860
16086
25597
6490
17218
35267
1016
4172
50214
14972
28483
14902
22041
49849
38580
10551
39235
22578
24616
48172
12361
49584
32871
27556
20855
8467
45032
9939
22582
2284
54832
48387
5230
3987
45088
11100
24195
27816
19921
44168
23721
30920
43446
21266
23123
30549
39202
7278
29320
16613
16790
49966
29761
48088
2196
31924
1516
3467
1639
3945
28888
44438
14052
38207
36322
12166
9470
18753
16247
3500
48839
9335
10792
45349
9145
43959
10960
52179
12030
2633
15060
11094
7055
10971
28565
43793
23502
17684
49075
29281
22258
3314
26855
36344
1493
48696
29850
10279
3510
44765
22213
46543
14678
39710
47312
10872
27112
20404
19040
46887
43721
28925
5720
47872
38548
41765
1261
12046
54591
30902
8510
20679
13685
9342
2022
33229
29834
18223
40624
45176
20604
37710
34824
12801
6654
21503
46969
33716
39860
4816
43330
29009
32579
35011
32571
15209
20352
21191
19241
36925
10117
48630
6586
12038
3955
31441
15886
3164
16307
25257
32773
55007
39901
38800
45748
42792
49604
26840
6613
45334
38454
48988
23481
38997
41106
16889
12452
20059
4543
45260
25357
41409
43940
45070
8532
4746
22719
13991
7687
47056
6502
21508
49630
29086
54232
14399
21210
16449
8598
29894
9243
34591
44428
24419
34714
13728
31605
11572
30552
40081
53784
48982
16357
42471
40886
50772
9815
51106
17646
3816
27638
29378
50287
32394
7757
14499
28856
12395
38911
47984
48455
45412
15842
40475
5863
31987
46133
39839
29022
38127
15600
54096
32375
20865
23601
6445
49699
37490
45920
14698
45099
17390
11814
19325
24487
16624
34397
13080
34960
6220
21856
38974
29786
30692
54781
43106
16253
11277
40455
35611
20937
11807
31039
14388
52689
48165
32328
22711
48956
14474
19483
25670
14776
18859
13788
46165
9150
36454
25369
14414
43665
15548
12325
29200
4874
42999
9898
4040
43799
42245
2990
47525
6352
20763
47696
22009
20643
46700
32425
45290
27365
2720
26322
33636
44591
14542
1152
19194
32731
4082
33881
25210
858
42385
29716
81
10640
37411
6828
33781
24695
7017
10520
35628
43630
10027
5879
7941
40396
247
5289
37954
25116
30974
3205
26375
3056
14443
37436
22981
44986
50822
32564
4474
8706
5575
46906
29568
23800
8415
52849
12989
53630
8290
5425
38610
51992
4434
54649
13571
1855
46303
21677
31326
54458
12158
48821
38051
18371
43864
29867
32222
34524
36017
6451
31880
17980
5406
4156
6641
3909
34143
46354
32587
18926
36992
1888
41892
2813
14799
39372
29024
44313
40105
53572
9654
37695
14644
2759
52747
52382
3293
7795
52746
5784
45593
14381
53793
7233
11667
20326
26217
19843
32694
38043
48499
20672
433
39497
6038
46738
33461
12081
26314
22101
50641
23849
44137
1729
28956
47072
5380
39394
35281
45439
21675
47723
27884
8739
1192
312
8961
44285
17916
43942
52838
28713
7058
27069
25060
35626
19257
30166
53386
14022
49222
13968
40583
37219
8646
53436
27451
27020
34584
23742
44231
52308
27237
39746
26743
37625
24624
13804
6340
43133
49515
22713
24709
18263
43228
46322
49261
30569
33153
41740
40046
38679
12866
53760
5566
18387
20284
39517
27676
44714
26100
37194
49421
45301
48067
19191
53656
43908
47760
6222
27943
53942
39188
45633
22019
40806
14608
12206
5059
43431
48911
54711
35122
23329
34817
48294
18727
20018
42086
29510
13425
10909
18670
31547
20325
49289
20812
44910
5595
69
19447
21219
44161
29992
47342
45323
4479
34278
54708
21285
50788
48828
9223
22322
16210
6137
15789
6692
20412
15422
36286
49559
25910
18260
14305
5386
53129
49441
32384
48154
13434
20931
38359
38069
32364
45309
28403
7656
5376
45007
35167
18619
5358
28542
5349
15030
27284
571
43807
48579
15696
18135
25667
10541
49666
53976
11151
19432
9054
7842
49240
25164
18054
8938
54895
35020
47259
8100
17436
31929
30201
11760
31082
54786
25666
44471
23296
35957
50180
47291
34047
22778
24642
1816
42666
31309
14816
23337
1323
13510
30043
22122
34244
22532
18664
47443
43214
49219
38990
2763
16273
31592
960
23781
2393
31499
17702
10343
2377
47480
13963
3249
3591
14191
6592
25543
28978
44121
33909
9166
41955
43316
46605
4101
22208
8425
21805
16538
51711
16728
48739
28124
27605
5394
1443
18297
19668
17804
33544
7519
49426
53928
2590
20686
46670
47212
54373
22692
10945
14654
7803
29659
14924
9476
6813
14077
6805
27310
39550
17760
10473
46285
46386
14822
27570
16795
23521
2979
12784
16221
34051
24889
21165
36745
47377
28588
43921
11362
47016
23999
127
48289
35309
21207
31750
32770
33721
13564
16053
37731
47960
46111
29549
41809
43021
24974
14757
5559
15353
17122
35318
10925
38771
26908
12731
9024
1283
2899
16400
27959
45444
52151
12781
10602
21283
2399
39783
9382
35813
49325
15761
27156
40501
39688
12351
10537
46723
40103
46320
51705
24137
17744
17469
41716
46343
25966
32239
43562
31782
6834
26021
13216
7213
14618
14105
19695
14163
28756
12833
46095
46176
15230
30933
11865
29823
16641
50256
39190
8864
29171
17591
8909
17771
21404
51998
27488
626
44400
10593
18512
20370
3158
45764
8256
19374
8550
45800
21657
35703
38342
13125
49163
13305
3944
42287
12847
11449
50912
52579
51822
40307
17666
29826
34757
54449
53101
13898
6321
24094
31911
28022
34160
51296
29606
33043
15964
8605
33615
28041
31418
30788
12373
20375
48208
41122
32718
17993
17069
30707
6843
27065
40827
50960
39714
25159
33700
12922
6499
630
6575
11778
25307
39947
9440
49040
34321
47228
17811
48184
27565
50345
47095
37604
53268
38513
281
40491
17634
44356
43548
41069
19545
36501
84
40647
54386
1079
43542
2751
36275
43255
14555
35063
22770
10495
30419
45977
49082
48214
24963
47969
49853
43154
28944
27491
52737
9184
27537
54045
32311
22991
29521
6764
27378
25708
29117
3942
37207
16062
8776
53433
25610
22312
19507
9998
22743
17108
49565
25147
25205
15395
28551
2346
18423
22745
14667
16765
12233
22236
31000
39021
3554
15309
45802
47862
13051
29922
20702
13373
54072
6302
20195
5627
14992
3793
15872
45791
37723
43648
27938
4704
32245
11442
23861
17540
32830
2679
7651
12296
21460
8777
47436
28447
25414
24490
45418
52198
24013
11494
51244
28878
18635
11700
34491
33319
53924
10858
10034
19000
6878
43744
53206
34910
13111
34529
3072
15950
17038
50756
25316
32293
13095
47168
44513
4836
18626
5842
30681
48760
8166
49900
31379
35715
43796
13634
2800
24153
239
25945
30398
46403
29389
46826
29982
44861
10932
49348
31524
46051
24827
49711
12469
47769
51980
8681
7432
5908
31690
39579
34077
31186
20843
9625
8504
5012
34413
50834
32702
15073
28254
17148
7164
32713
2768
14137
5808
26593
48363
5727
21644
33957
28011
27219
3405
20695
9305
33399
27180
43729
32631
40691
43733
5924
50177
43260
20374
10511
25345
4858
4776
3456
28255
33383
26709
4117
42378
49688
23050
45944
31161
44051
43148
203
1813
51676
52825
26816
7422
20434
22976
13162
47596
42290
48003
21943
37151
37673
13540
12117
45873
10439
36577
44157
52200
34554
50999
51032
53952
29263
10178
29459
4360
48078
29096
2965
18919
7558
28595
45313
30946
40450
31936
12686
12487
34423
7084
36287
17613
31092
14668
41511
18299
15997
52499
1212
49066
29900
43457
34595
33094
34702
11697
42627
40021
17754
44711
13859
1577
21735
29585
31335
33670
11432
1660
22966
22227
9763
13038
23675
17322
45717
44495
18461
48080
7340
49382
38712
3520
42772
43570
31212
31862
26288
46690
44672
30527
6026
22828
20696
36726
30553
22056
51963
44805
18096
29333
31867
24644
9980
27478
2303
18874
133
5992
31522
18003
39174
9927
8496
30893
12154
46638
22098
26822
46892
9030
12668
50405
10690
28223
4941
31024
5327
21647
19081
50055
11410
21785
19511
36219
12535
4377
53614
20391
39583
34133
21713
41565
1777
14209
33691
13673
47354
50795
30966
19543
35357
1139
52342
28385
8813
4318
22254
33198
37316
24165
11873
46613
13122
5097
35133
18666
29617
49636
6819
38724
32476
14295
34057
19681
12867
17987
52098
39658
12066
38728
1199
28954
3431
52960
33039
53521
50389
21062
7483
4606
25194
34890
39401
9224
46521
30990
35758
16411
39520
21354
41794
24338
8343
7511
39240
54465
32604
12400
53482
25361
19364
34465
31728
14490
46456
33146
43034
44764
43981
50103
26793
26023
43504
9091
42566
44065
30222
23680
20798
5058
19656
31659
36572
25677
36802
23200
30720
50280
10128
41083
597
52433
19025
5189
20396
16206
5112
6128
28527
24587
11679
14687
54995
6311
18787
37684
21990
32733
41107
48405
20522
1789
21610
53293
26109
2218
10396
14727
30563
43066
25274
9355
34876
50696
49880
38908
50191
15735
38667
40166
4861
658
12871
54866
4094
52874
24840
21716
2066
9530
7342
16767
45807
38114
10428
46879
10544
14349
30835
8900
50862
14070
49158
4629
8796
30401
36771
27432
5252
21933
5399
28367
47178
51974
52467
1459
952
40889
54487
34364
51179
40073
51215
14315
17600
2611
11098
36462
4882
30984
48646
26726
32408
7965
24134
25041
39720
15168
50850
49527
42474
15920
28935
2575
11196
26229
38023
34600
33936
15470
39525
5899
16145
34575
27220
22809
6280
6479
27477
8942
41482
34007
12135
20258
8355
33084
30083
13609
101
3728
9174
26090
23130
20496
48950
44838
3537
41380
42694
21202
18210
36311
11519
42278
23392
38202
19440
43429
8265
10814
36806
21057
46959
44257
39830
27188
51274
27464
5658
43664
15082
48151
1602
45547
16177
32046
42935
20010
8454
1370
44026
8882
42467
48896
35992
34431
26917
20579
3225
11933
5622
39564
53799
49934
13939
22922
15456
28030
16504
34153
40250
14028
2525
4755
538
41936
51372
11708
12837
21136
9425
13151
50395
34439
33246
6097
51664
50627
9009
36581
22471
38597
17658
31844
45386
51254
19172
7883
3471
27341
19105
54783
764
2081
16121
16417
5130
40935
12431
14206
45288
43671
49449
16380
40149
41869
5115
32217
13220
11676
15286
4086
39469
29145
54188
13657
22195
46110
5985
3607
44178
21923
48276
18444
47138
1021
12087
48506
34282
36887
34201
54240
16848
17202
10857
48489
19214
41021
7816
17419
50333
2862
30339
11131
43804
26971
48140
21917
27840
11318
49385
17627
52544
54178
36795
48761
47163
52437
34031
18906
3861
42322
51144
21316
50021
37392
6370
30875
20401
11190
23962
9707
28765
9680
29688
38968
25318
39851
16862
46815
26686
1031
21977
47260
360
22173
3226
5838
20179
21309
50242
42597
17028
1687
21454
17796
35823
37044
23205
46626
47456
35224
17443
22726
15903
47777
24662
17853
995
42982
15892
28201
20647
52762
52425
33841
16250
52188
5107
13127
9063
34597
40873
32301
22910
29262
13618
19637
54792
19046
18945
7535
53970
38234
14172
15647
5171
17269
19504
48778
26365
48122
9642
34645
38964
39980
37885
31183
25354
18791
44191
17367
21008
49271
2138
24281
44068
7502
41603
18008
4186
8910
6885
45012
33302
27874
23909
41038
6483
53427
47365
30580
13206
40000
150
18028
29207
28063
44371
29936
22272
30318
12698
50136
19732
49645
17673
48712
30194
7414
32641
16575
16872
11653
12063
32096
24516
6413
18741
41749
42528
29578
22753
21181
11767
49827
8597
32004
8797
29775
52633
39712
5061
46193
43343
24280
31105
31267
18831
45002
7602
33474
46184
17170
45615
51024
17054
12841
36228
19443
54935
19678
12376
50324
30932
42624
26239
5932
29034
15487
51097
14648
49955
5891
34374
345
28081
2689
34281
4046
46042
54632
8283
33757
36151
26168
44133
37126
20237
35733
38462
50974
42499
6504
21584
2539
28619
15246
32481
1255
45168
7076
45425
6782
34951
10109
31298
39565
10063
12076
16170
33720
47899
27333
31375
41341
3112
14552
27669
33063
34438
48750
27927
40096
18738
4144
20913
10647
51739
5602
9671
1099
44527
1826
18847
21665
12138
16077
34193
40500
24595
41657
20575
7130
12369
34362
7039
35654
15585
23869
20638
44322
33454
38658
31578
52981
41690
19861
19601
30448
21871
1912
31113
4679
27659
15505
27472
9576
9703
33893
12277
9628
32864
17872
44060
2328
23629
38698
13358
29366
16782
22400
51512
3882
28390
15651
14908
45629
14098
41724
34611
261
46130
48105
29914
34867
25078
35930
3627
29541
10572
46978
14326
44087
9894
5535
36834
1701
42213
28250
36522
53102
45609
29488
41637
23702
29313
19279
46783
29166
23305
48926
15254
8175
31404
9389
6513
26172
39687
36048
2905
7333
34539
7447
34732
23852
37346
51785
19877
15108
46362
38818
35139
30035
24085
979
36426
38477
22074
48617
20967
3263
25046
23085
346
4454
24649
29608
36995
43367
35106
44925
35987
52335
20779
47270
43594
37235
13645
34041
27125
32756
41807
49436
41184
38848
785
50480
18114
10521
17793
47569
17471
13742
14538
29400
45967
27056
39556
47078
2233
17713
40926
35895
13361
39937
16412
47159
9017
45695
383
20834
29974
16909
833
21338
34604
37957
18359
40968
7372
6457
9926
30559
4732
2946
24102
40232
43829
15809
41001
2450
54493
44610
18442
4274
6048
52217
34820
1828
42064
40506
26577
35421
8103
17083
21887
48424
7046
4402
13926
16778
54726
41298
29097
4853
5641
36479
45688
3755
20500
11935
30686
23382
29436
33426
27354
18504
34330
34021
38936
29967
24789
21213
54144
19206
4791
39821
9080
1001
21893
41325
40511
147
44800
28708
37953
54209
33009
51171
18153
4863
24761
13719
51734
275
32933
33580
32448
5152
9225
1355
27599
16853
54694
30305
4598
9037
48074
12156
22220
1174
1609
8675
17339
45562
11774
16151
43956
50605
26449
7135
54171
12764
28265
4749
2279
31582
43441
37533
5574
36562
3413
7590
8493
24807
42484
49466
42909
12454
30086
26522
40928
2370
40064
32056
44683
39499
27323
41369
18542
41393
32296
51487
37806
43889
12324
20345
4663
30145
19294
13375
54442
9585
15413
36034
19816
40857
21246
37815
19164
19575
31399
6468
7643
45010
37229
41412
26222
7748
23658
15968
48550
49299
4121
12439
31246
39409
50914
8697
48002
53446
2033
43967
34688
5320
18215
48476
17901
28015
21273
6918
30048
212
47616
22377
47334
38105
35182
20038
11997
43763
44566
934
11770
13688
35402
6503
53314
32150
24802
7653
1422
25494
39049
13225
6093
35053
11045
28949
27045
40212
37785
39336
27675
37895
36867
49545
7896
20137
10276
17392
16980
9941
15880
1229
51082
43025
37011
42779
1681
32632
2920
53404
13879
50714
34560
32189
7139
31641
26924
4335
13772
36401
39543
16568
52884
3185
22503
44204
3931
12503
31881
310
6361
2411
30458
42132
11526
18044
13070
41011
38061
37846
55044
12696
4958
5488
4628
12426
42203
48705
9218
30923
7022
17207
693
42737
36844
48258
17092
9099
27228
14274
54315
30330
2228
11894
28056
18046
26362
13529
2293
50503
11039
54648
32055
42728
50780
11918
36739
16279
8219
20493
43964
19387
2906
29809
23
25403
28901
27895
46795
42724
24120
10530
4840
12875
6935
7889
17357
26000
16265
2627
25549
48302
26999
23104
6995
41450
21241
22866
32851
9839
1762
13710
52037
45592
39071
34607
48440
38029
42864
2309
7632
23559
15621
20743
34860
54135
19140
26174
1708
3705
7551
34196
1222
14429
19914
44260
38422
28456
51907
43205
14748
8039
27201
40429
11328
16632
3279
849
6902
6169
1266
51553
11165
21163
32347
15805
53041
6509
22246
368
558
13342
18757
51659
9825
64
53304
15941
51322
41521
47035
11337
24127
19759
27762
23409
54469
13924
7713
14958
49886
32395
16396
4968
11141
34752
19742
38289
51801
30410
13370
7973
30620
19216
1867
26617
3976
1934
13912
1299
2631
2810
17644
31622
26887
35624
27518
13419
13591
35683
34784
5760
9367
48059
53546
21082
37368
42992
28231
42961
33947
33813
43236
4111
3937
15604
46439
36070
17579
29483
38604
14356
15259
18236
375
39182
39370
15347
23733
3132
21615
5508
29750
54743
30191
35870
47730
22418
52856
38690
22344
43711
40566
2000
23688
32085
47242
3779
42413
7180
1799
41910
43294
23789
17845
50087
14866
2757
47433
2096
27617
44232
11180
720
10868
17240
7109
52958
39249
9346
35236
21849
18473
8151
45119
50879
16008
54210
24436
18701
15158
37900
34468
6119
32507
23879
21560
48207
32484
22454
17717
49248
32463
33709
2472
18800
42356
31098
17757
39449
39441
13492
25669
33971
26684
39631
27057
37746
20666
18535
18141
39120
10645
37842
20154
12893
50175
52388
44829
20969
45931
9013
4151
2674
26645
18084
949
43172
51972
15896
15757
40609
14006
45406
34101
28481
37778
36935
15676
44724
7054
28770
23666
26773
5441
33308
14870
14363
43916
28622
10269
28852
13586
14771
8048
42701
40204
27367
53488
10659
23153
22440
54700
26628
17138
21971
35965
5918
26146
28965
48452
22191
32111
30789
51949
21040
29369
29778
11429
24321
40529
44664
13267
48285
41005
19299
52176
33364
40125
46837
37273
41953
32812
26045
48804
23422
36446
3771
52065
53182
20756
468
46485
24806
25018
13711
8443
42399
32428
28098
10707
13485
29630
11372
31236
17696
28844
1452
19076
3376
54872
34310
19964
36764
6904
47784
40012
48389
31562
39349
33123
42188
45649
40655
10272
24781
24659
35496
32028
38702
22384
41701
40220
15220
7254
8835
52932
22913
8595
9867
38753
4218
46055
41190
20502
33271
20534
23691
34970
4320
24986
53605
37539
4396
12183
23113
11385
31156
3841
45061
40315
38568
30379
28960
12542
40772
38301
24933
9999
9410
26117
21222
18562
17940
35134
48844
23870
26762
30825
3950
50501
37551
17095
40268
11717
39574
31230
18305
36702
25834
35885
11534
5249
32320
51155
8147
31600
8125
7200
45056
33674
8269
53068
15334
3374
1796
18689
29446
18848
49910
34577
26934
2105
45734
16094
16238
26438
51403
22909
35517
30747
30865
28918
49498
1394
22353
33431
52671
40380
29018
32340
39832
8890
22850
35638
51237
52348
20472
28111
49772
42143
49096
2641
45826
4489
36776
23493
208
28839
52723
23628
36336
54
22152
33508
21758
31282
12098
35981
9313
23388
31247
30264
39805
22337
18377
25043
30467
32265
44212
9029
25875
41542
22110
50039
2891
9956
2553
1413
17959
16958
30622
15284
26837
35948
1991
35554
37755
54617
45518
13610
47487
49104
51196
14232
9561
49716
6703
41977
27580
2363
26807
49182
52386
3265
41117
53563
31054
49244
53774
426
37118
47820
20738
25578
19954
32863
33846
41153
1336
45238
42332
20953
32014
10626
42958
36269
943
21962
51226
53156
21820
54875
37014
38661
38617
3977
623
20590
751
2357
30785
32114
46117
53058
30859
54718
49108
43463
20458
39117
23975
36916
18555
8578
3147
28647
23308
10818
23606
55027
21414
30363
8061
8003
45508
44326
31290
28991
47953
34353
25705
40360
52721
7891
37069
40548
15798
10708
18035
4386
14111
7618
21231
16454
6714
10633
21145
24960
12111
11226
2518
15041
38888
6380
34179
36627
16762
54634
18646
8853
29267
31202
42498
50755
10963
11512
45524
36996
24097
16184
3272
20423
4819
29728
15572
5754
30156
51363
47775
32529
39318
9511
28032
44350
44255
6846
24115
30668
19218
7510
19089
21664
7978
52022
4805
2151
30093
6422
7615
35558
188
32938
12787
13153
53276
47904
25965
13041
14267
19228
35130
20058
39265
16313
6203
41355
37259
20183
32650
47351
19610
25270
50763
49840
47281
20219
44524
4809
43079
6438
25232
5042
31106
54522
25860
25397
18168
14216
36197
25675
47076
34270
13498
14544
47385
8026
22537
42765
46121
11722
10459
44582
51531
39191
25924
44334
47725
23105
5088
26051
35444
19393
14754
21709
45484
36317
44420
47013
47038
42752
9214
19838
16394
3844
46791
50563
43717
15613
26611
14547
23030
43097
54645
488
26433
31146
23284
51670
35799
15273
15771
18611
24109
19530
25437
50617
22685
18955
49866
9602
35680
5903
27314
25606
31116
18979
36378
40902
6371
53216
29776
3298
20205
52304
52913
35046
48832
21157
37698
14130
6801
33864
15090
25751
27691
33828
24921
3421
30509
43360
33876
10744
650
27146
52486
35610
8547
43077
11251
958
42518
9233
41458
2854
17825
3326
14940
38524
31571
11472
27346
48062
39366
161
34482
10561
45144
7832
10652
1326
30373
26071
37429
10350
4345
30804
29053
15868
32499
27248
41857
18826
18106
18827
34983
37161
47143
54250
28670
3408
28351
36971
5630
52784
9525
44084
39119
4988
19017
34048
7354
51121
53980
53718
8054
6108
14124
303
2109
15708
1347
30256
5341
33706
52489
26658
15515
10742
17292
2592
11464
9615
16393
7362
4542
43713
37445
24311
65
34016
23573
48114
9721
36960
23272
43642
38236
38040
14962
15202
43828
38146
36540
25240
38831
36182
13694
28626
35335
27517
24853
45904
26580
5003
12576
34427
14826
13507
38563
42604
21267
41991
30884
34841
43309
48103
8839
21734
28629
45150
25409
6880
53991
31011
41045
37791
11638
40482
708
41788
18177
43396
15584
15217
33335
14998
36761
41205
1343
19282
35902
17674
33206
40131
53716
19944
27138
29215
1937
18471
46595
43563
45645
9544
43850
25765
54538
27915
2134
49736
21380
43496
13148
21627
13581
30300
45193
14020
37282
46326
36385
41552
11806
22825
5076
52708
33513
32405
15748
13243
31701
52230
53887
26018
26465
30995
28559
46421
50945
21800
29531
22776
38809
27902
39877
48668
27681
12641
15837
3806
49135
32821
17797
13907
21972
32001
32962
37984
29528
43070
5119
36296
18432
5695
23263
3447
27629
11960
54197
36328
23942
4697
41800
23562
50686
43581
43088
20558
53874
46944
15498
27989
231
52722
2305
28561
44190
50576
16213
10999
43758
17400
41438
22392
30133
1136
1316
49602
14348
19263
1558
11689
9983
54167
34498
13758
38748
12567
14836
51609
35301
32951
31315
12633
30936
41992
33314
54037
26169
39258
48157
30443
46080
54668
19782
19870
17653
51902
41916
44093
14946
29127
45220
18279
44655
17306
42220
30052
26377
18517
24992
747
7523
5976
10642
29642
30407
6855
30024
38326
4991
53913
31468
39926
42809
3083
27140
35097
3590
42868
37058
17753
10185
12884
9288
30810
17742
54664
29935
4352
54257
42284
30349
11025
32748
54306
149
38486
8729
26573
39442
28639
14037
8829
8230
32101
3654
49537
50512
36595
15829
21118
1838
51685
21492
51316
4655
11605
5555
45844
6322
48974
45261
49457
51306
47604
13017
13105
21005
51614
44376
1046
47177
5372
28834
19309
10192
22793
27857
4444
13766
28193
7399
34335
42998
43982
7136
34252
12223
47442
19039
38436
45837
7349
34150
198
31063
9855
41671
4312
9082
10697
32029
28294
15388
37638
53173
47532
42039
38377
48632
5666
27849
3826
37139
44935
38432
9333
26275
42429
26620
14876
8560
22873
30438
20114
6680
14088
23351
44374
5745
36493
52545
13316
22615
32522
48934
6979
23543
32901
7904
33182
38245
16966
38035
20160
2350
39019
3492
18492
33467
18920
7951
15195
1589
20250
30572
48012
43611
14865
16823
4712
23921
19628
42755
24653
20263
4106
31900
49148
38256
2711
40718
42156
44201
50781
36192
9379
10752
22676
27609
25838
41593
44218
1953
26678
24479
43546
16903
9797
43406
3090
2563
18810
10837
9922
38087
8874
17281
28145
46219
53853
23981
14848
28185
44966
26786
33977
34755
3255
52374
50705
12677
7564
5564
13798
17102
53705
6006
52732
12950
3499
13247
6621
10120
3529
30711
9719
22120
22302
13123
33646
14361
44815
33766
12249
37175
54528
52796
23175
24724
39176
31683
48616
21839
14707
4194
5143
10758
52474
45744
36023
39882
37653
27865
4065
45400
12120
4637
46986
35936
2158
1724
2743
42004
33082
13778
46332
8757
50232
842
47804
49061
14501
38516
29379
26557
7733
25420
15147
28827
54957
109
2916
8204
11262
38117
8108
47659
13653
23027
4669
7057
35545
4578
21567
40052
16127
16854
39488
37476
44859
22004
24241
8651
19117
22193
9482
12963
51589
4770
11142
17119
6425
46385
37347
20335
8236
41639
54593
35962
22960
31767
30847
8876
15577
11654
16152
20165
8195
44076
27489
16303
21515
12023
45996
17686
25415
23757
12231
17064
7110
46681
49378
11260
39998
26282
4431
9865
34995
54773
44758
8880
48046
577
52513
20243
5708
5085
51983
12767
18318
18744
3898
28982
28065
5601
24458
26458
12465
5049
3880
12803
45128
12188
4622
2439
32252
33969
49236
17941
24532
44058
24157
25123
30751
7542
42577
17924
20961
32546
47493
9568
40573
8760
3389
15853
32067
21829
48461
23429
34407
435
55053
26408
36339
52121
36187
11215
448
44405
2825
32283
29080
51574
3786
15533
18943
23475
44392
45914
51758
23982
41222
38406
32598
54347
35363
45572
20130
45477
8668
20414
46411
46379
14587
22328
53139
37046
53260
33056
21366
22083
8660
6217
31755
21269
3351
29702
15810
6117
20944
33918
54741
21102
15682
5138
22502
36080
2856
14003
29202
39737
41465
52923
40749
5023
46242
11590
31941
36535
14240
16925
20610
17759
51718
36409
43994
2203
21321
38156
18793
31859
36858
4017
45393
46836
45022
557
46449
18936
19096
16553
14960
45195
30493
6523
25980
7162
26327
11313
28168
42551
52167
22630
8630
16992
14385
16120
12346
26448
53823
30142
23593
32213
3713
45722
31073
2503
8929
23530
40289
15070
30542
23846
22035
13505
40901
12107
29770
45286
10480
26189
8380
52567
53120
3580
52724
47980
33414
50158
22556
19281
458
16617
24405
47206
37292
24604
28304
21690
46312
12191
12054
40893
40951
52407
14660
36674
45827
295
39027
2567
52858
32515
1994
11275
14217
11610
40966
48193
17381
2971
41142
15398
17297
44813
42708
19103
20730
52452
53531
9762
17712
7448
41623
23874
13197
36435
28653
28819
36653
19459
46862
34707
47167
48337
15818
29493
9554
36909
11031
53950
29639
6111
33900
23056
6666
40181
45247
22163
44755
6423
42659
47684
4911
16318
11200
10208
1278
28033
13639
4428
24778
30065
43834
40765
6290
25590
20362
31894
4994
18045
13552
48867
350
8641
51265
12856
13282
40139
1695
11525
26061
763
54355
37498
2643
8099
11454
40417
13467
42313
40815
30357
31795
36104
41838
32760
40918
38483
13183
3365
13827
37268
23549
39132
28517
42732
28289
23511
7492
54947
3662
24256
41388
4505
42428
13012
4174
42315
37290
46236
34161
24837
44342
38635
32945
43841
10454
49355
41779
36565
11198
35754
33628
11066
1749
9804
10135
14963
36833
7379
25619
5205
32170
31380
52313
45926
33129
16608
23951
891
35362
49885
34566
40407
21524
47838
25513
51120
13918
23571
27291
32931
30850
37360
28603
21388
5433
3616
28728
31153
7740
33717
8246
48298
43678
28336
26696
18520
1013
35999
53187
884
24559
11939
5699
8997
47324
16037
6614
16
9475
51414
21293
47934
35801
22370
1641
51161
49490
45863
32174
32068
13545
8095
29194
21105
4891
14222
24397
6001
36421
10824
9140
19774
3016
37262
43685
41883
29272
28380
29242
31126
48287
17575
17468
16518
7570
29862
1617
39177
7961
13519
2840
15493
50082
32991
35618
40357
32924
24322
5551
32076
49043
47931
37828
21193
46146
33996
25802
43190
14458
48624
34568
28312
41233
990
9733
40769
3989
39301
38682
25055
44705
7239
7182
15861
54069
16824
33608
46131
34794
52564
39062
37735
45486
10187
16801
43373
26201
6179
25919
49131
32952
10240
265
21427
26702
17460
46995
27174
34729
23932
39894
21127
8585
15267
12529
46616
18990
15361
17932
27470
39083
15662
3141
50415
39432
12239
19434
1747
44869
53328
21908
23550
47522
40990
13136
37480
41895
46869
25732
17372
12585
44243
20524
2422
12457
51578
44823
44900
15556
47560
42813
6072
584
5590
19132
34329
3308
16939
10804
32782
54338
22963
50218
54566
35208
11988
34922
51055
54352
115
38850
789
46964
12560
13730
25455
53380
779
37079
2961
3054
48309
35676
40761
32382
12050
42681
37134
36015
699
30422
31712
51008
10950
7812
36636
13030
27994
33324
4477
45841
17776
29594
35544
54565
27368
34545
42026
52275
4536
36526
29404
37718
18407
12551
19589
43577
46239
45768
24369
49826
7261
23076
47393
27678
8117
16427
3746
21254
29135
39845
25794
4552
48347
36524
32032
11742
3564
47795
50073
4134
13403
21208
44592
13481
1663
18307
42490
14935
53882
27267
11549
49417
4495
15096
6900
31710
42255
27550
54554
11003
53498
18200
36090
9364
21058
22933
38097
29177
7482
47706
33527
15148
3919
40558
1242
30500
20257
17641
12881
36
53731
1246
11576
35669
3484
44225
2733
10165
33588
41212
10438
47211
52247
26056
21444
34147
5541
22262
12215
31257
49627
38471
7294
23717
28334
37335
1876
47005
11540
17607
7899
34128
24953
43951
46293
7906
54099
50393
27510
12263
16720
7225
42877
49796
42337
50812
2118
9912
34262
22614
3523
26901
10624
47333
35477
50928
22649
20150
8171
36029
21465
33937
16430
17063
13888
41531
9612
34735
30599
3675
14915
38760
51444
24441
5516
34643
5030
45891
5151
26896
12019
41176
24976
15978
2844
43564
32677
47846
26674
34392
27708
31668
7221
28330
6669
42424
16831
49896
14152
38717
22758
35752
8538
25648
31884
53453
4128
30639
4731
47429
11070
27643
19569
23114
36643
33517
19550
41691
27743
33680
1241
17869
18580
32490
10617
13628
36681
46567
32615
5906
37680
15922
6542
42186
3736
23810
41918
3241
37004
20869
52789
33702
46629
24898
16661
16054
1377
22226
6720
52354
3871
46500
44679
2546
11966
27162
4465
28187
5949
47062
7211
32861
33214
37644
22881
26307
11240
52106
2202
36549
14599
33068
7102
9487
17251
50845
1123
4570
14049
1771
527
35443
4593
45580
14189
8055
23069
13192
7579
50985
29499
18717
44192
11083
13394
1292
18648
14968
40740
34178
37215
20468
45760
44891
11906
9246
51331
20786
24769
20850
48893
2047
26903
11067
48036
12313
32262
773
41983
22405
43519
37458
28240
30758
46777
50648
40115
4879
39359
41100
22112
41589
8840
8395
28720
25832
44457
39507
53907
7787
52344
20333
3245
54431
49661
13387
31643
17073
44270
52013
17628
32236
26134
23007
52995
36211
33298
33475
6951
29787
49329
50303
11829
50294
52163
11818
3008
12814
274
3695
52595
9270
45732
4694
3567
6408
20618
6047
7536
9783
45471
53770
32972
12942
2653
7865
35590
23913
48296
44794
46237
4857
13817
45785
32742
14259
37985
14406
53551
38306
16424
53996
50724
48686
42823
54476
25558
27316
33794
14343
8529
46476
40062
20519
47889
19139
33396
23817
2008
20577
28574
8989
17004
30063
52154
11896
23646
6754
40153
21228
4871
47950
2779
26482
14040
21628
53703
44534
23005
54838
30383
44578
20873
35034
8973
20516
19475
29270
42870
40972
9401
17259
9295
40747
24760
30868
48571
42940
43409
32792
18060
46740
25822
48518
6344
14929
40010
35690
28181
27206
10323
38249
3474
10403
29807
25796
909
9228
46588
50540
51088
17912
4122
12449
16933
17861
45551
3888
25
17011
53160
31971
47632
3821
12592
38443
49188
31854
32309
50166
16689
47404
44988
41095
25974
1390
45816
23967
27917
13814
26268
6868
6972
24996
41445
54585
26342
8433
5721
13845
25931
6932
10832
3080
49141
34801
40836
37378
45713
34117
8131
9198
13025
33115
5314
5313
4243
13440
1148
24306
18897
27012
9073
33360
44146
2486
34400
5715
34297
43141
47908
29727
36816
38490
8748
12391
2418
1979
39430
17950
34695
2237
23100
2601
11236
26054
1348
20821
39284
19197
573
33820
28218
3284
47577
17490
27
16802
564
39649
42393
52055
10843
25227
51833
22143
32061
16497
2006
47855
7358
39697
20991
53676
36350
31948
23669
26842
18348
41119
19705
48786
30106
146
31347
28090
44461
18994
9131
41428
53740
39024
41945
37516
16137
27545
22413
33288
11395
49475
29514
5619
42537
12420
10019
26505
44981
19751
48522
39870
22478
39051
6087
1885
26300
37578
51918
22003
33999
31700
18649
14386
25695
15012
31572
7286
13381
31742
47865
17046
33962
11008
11811
29043
1973
21027
28126
39680
15180
38858
21535
17902
33491
30173
8863
37962
51225
40790
46929
34941
35360
51116
37758
10979
26129
164
3721
42346
31992
24110
13709
48678
48965
30658
25424
12661
5963
12286
48533
41311
6143
30101
41331
7928
2207
31707
36127
29128
10385
5587
12150
12001
48265
35437
1468
43584
28501
3768
23276
33536
29852
21815
593
54028
43736
31533
10222
39665
54659
42946
2968
9659
390
11885
24636
24174
31831
12998
26775
50526
1804
30160
686
36122
37875
32040
16814
27338
49390
37226
53267
36692
26029
45186
18595
7705
43498
25786
6988
33730
16423
35429
28998
21770
36245
47422
47106
14701
35296
50660
35070
33438
44968
5801
19809
19810
20440
6255
16914
15076
48871
51472
48142
41828
18272
12442
5635
14465
26981
29734
43179
5255
16671
15134
25758
41926
27274
5411
47998
26846
29793
20520
18329