5556
7297
22210
7629
2140
19416
13623
4025
17458
21199
23022
15125
9101
24807
104
21309
5701
8894
27019
10593
21653
15534
2798
7203
13184
8991
18499
27078
27305
13291
20783
19802
4946
21170
4092
6447
27170
26198
15199
26328
808
2666
18625
22595
12690
19180
21732
24823
1
25326
17561
8401
25670
27311
1078
8076
8354
13564
14433
20590
21273
26035
10712
15658
10493
25827
26223
4313
25816
10355
19652
6210
928
11257
2976
25492
19852
17375
15169
7720
23630
11715
10256
25294
15646
15771
4055
14996
25801
1439
12148
10345
6215
7595
8225
10782
9120
10894
11985
22530
6278
11284
17506
8220
11963
7712
13739
17216
24508
85
26944
1112
17051
14811
11130
20025
24133
14865
1503
20223
11629
10393
25762
22769
967
24164
13110
1455
4418
8152
9908
4674
16904
22072
18744
21417
18570
23166
7404
15608
10222
13447
593
17861
19321
550
10410
3965
17677
2640
8607
2805
14911
15277
1760
7487
8691
3624
14257
3270
14938
5364
13200
23897
4860
22129
9470
4710
16501
2107
8525
23609
12702
12783
18435
18882
12642
8801
10063
4905
13417
11401
25247
17473
17111
12004
22346
21367
5376
17317
22409
26352
8434
26279
22203
5446
5486
2210
25625
13935
520
25
25677
23476
2816
14088
21841
1004
3517
4469
16356
6891
26165
6238
24491
20960
24443
22566
25122
7254
23260
11690
5709
24195
14768
4913
24074
20247
11410
22857
24555
24118
24741
23435
21906
27235
22895
12236
15110
8257
20675
17759
27224
20320
14213
24575
16349
19982
17482
26306
14014
23354
17344
20497
21078
10791
3625
16232
8644
13630
5927
2270
27176
15971
5255
13484
25572
7103
2748
9310
9672
11349
4251
22118
17963
26857
25019
7232
21945
6247
11959
1679
19248
3752
427
11999
1190
18771
1200
22503
26245
13088
19375
6942
6599
19537
9937
11614
7749
26971
16835
2857
21584
11182
23539
13780
19581
27260
13227
15523
918
23518
26014
3689
12708
24452
10959
18925
7625
12096
5218
9111
17005
27126
9109
4308
464
8878
2290
10242
13753
10897
10186
22071
409
26545
2613
778
23392
25012
16513
25364
14904
16995
4655
20900
19355
16828
14679
12806
2343
26789
24062
25197
20725
22951
1402
22017
10741
22265
12158
3536
20804
6223
19142
8421
6265
6714
25691
2095
21909
27001
22056
792
560
2236
1819
14651
7677
12104
21373
20427
21597
22232
26094
14698
10662
1016
14161
711
25407
27149
21192
6974
18379
203
19088
10616
1229
14932
20205
19095
26263
25538
201
9717
17641
4785
17177
886
394
21471
11154
3803
24400
2391
25656
4685
1867
21380
21779
7692
27040
7035
14363
16921
4520
1834
23308
19642
8162
5016
3148
23323
22131
20951
3825
13930
14623
7952
6625
1520
19484
3890
3380
25537
18735
5529
8132
5890
20032
12244
23017
3422
10700
978
786
2462
1815
20625
20562
8368
22068
7883
8943
15542
18993
26254
13429
12773
20417
15353
5679
12925
26120
7237
4196
6939
21607
8973
25259
15380
21048
22466
10913
11374
7416
5765
27177
1590
17263
2169
23337
16965
25452
9759
12557
24531
18663
6178
23279
13380
13633
24327
23509
14009
13328
7492
15466
5043
23807
20343
14244
6396
7935
1243
15637
21259
24940
12563
24881
24496
10653
7376
24024
15206
1098
8468
25835
22285
9258
5241
23689
9863
6361
3340
6516
461
21894
4100
4510
7994
4562
22550
8151
18781
632
15152
9295
13188
23477
23376
4293
15173
13977
13831
19620
25478
21867
27300
18540
22832
24046
19293
1831
11124
20538
1162
1068
2315
19745
13682
8802
11880
16496
425
25380
14145
23958
16806
2220
18009
21836
25182
2839
4927
10810
6399
3170
13642
19937
5032
15019
3933
2197
15055
25472
13639
17235
96
11214
1734
12241
19263
1932
25277
26623
16329
17
10176
9030
9699
15803
8902
14670
5609
8446
6134
13230
22666
21268
2293
14570
19050
13688
11994
7573
15372
22803
9366
19626
18137
14020
26112
23398
17730
21062
26818
14275
2238
10169
10159
16054
12876
14461
22706
2847
26199
23993
12480
22532
18247
21370
12193
10194
18852
16663
18621
3061
16058
8484
25440
9323
24941
14408
18393
11878
15337
27058
23600
5209
9518
120
23906
5344
13713
18808
16633
25666
15856
24806
9279
2464
11791
16923
22918
16790
8627
12459
1980
21479
11328
16175
15715
20276
2837
25126
11980
6672
16075
341
1579
9726
11808
23665
23916
7979
811
14709
5338
14079
6843
6739
22819
11684
8250
1292
26770
14271
21179
23100
3079
8905
16662
21038
13150
19187
13919
14248
2454
17203
10885
20491
23074
24762
3566
1898
5954
12343
27314
7701
26733
9719
12254
24767
5042
14647
8719
9425
4061
15694
10939
3713
1889
11399
18518
16072
10045
20248
24770
13897
24843
22715
15651
22103
9802
21030
14270
17993
12371
9015
23468
10635
22280
15451
26556
617
1105
21546
1547
17881
25912
25811
8027
22495
4070
10282
14566
17305
1035
24504
17443
5792
24259
3750
24241
20328
3902
13305
3102
13068
26296
25224
22585
4621
1838
16179
44
14494
16507
9829
13127
26856
8194
15355
22995
23616
22240
564
12328
14315
7868
18384
15434
25940
5550
20758
8494
24946
20721
25362
3882
19363
9889
16188
13770
7564
23593
27270
2015
17433
21986
24312
15191
1778
15697
6291
24706
24162
23452
25622
14187
12053
1281
26203
18736
25075
14587
17170
14844
22912
25001
24619
27021
12506
17413
11661
9221
21698
9431
4665
17994
19571
4887
18595
4938
9308
13695
26075
7119
21407
21540
3722
18188
18639
12607
22813
22091
6213
18575
2877
2560
9679
16801
1025
4374
24412
18740
317
17486
12807
20831
3290
19540
19650
26726
22297
4603
17660
9734
14757
544
6130
22840
3218
9484
19743
10743
6374
3679
8104
25778
27010
8024
2473
4149
5630
23219
17829
9847
13834
16691
26467
22726
22428
19173
15864
23737
12699
13391
17394
8697
16381
22243
15888
26946
20234
666
4014
12770
9247
971
19747
19004
4390
24551
27455
10497
18623
13440
4555
22476
26962
12030
17961
8825
10780
10448
22930
12289
27276
1494
9045
4178
19262
10026
26523
797
21462
7846
21460
18170
26609
5121
441
13396
24085
1018
13810
15886
21555
12475
27379
18867
18546
6967
20883
7001
9186
24438
16026
26900
758
17871
13020
22510
17129
3732
14759
21745
26501
13014
17110
24090
648
7753
16777
25723
22009
25924
7562
6489
23139
15699
11014
9928
24429
18727
24157
26953
9270
22484
24012
21828
12904
16497
16171
25304
19580
10650
23825
24284
1881
22542
17920
24002
4323
18348
26136
15677
7613
11416
1909
18971
5512
8669
25089
19521
5057
13855
25123
9126
9854
6055
26343
7730
214
4146
22318
10879
21566
2045
2280
15290
21514
19503
27453
3581
7848
8722
8542
26920
6913
21632
3196
7354
20926
11078
3469
11223
25103
6187
9580
20194
8046
17361
25996
21042
8586
16314
6931
22922
22872
24355
4534
17207
6378
17491
20152
19313
24669
15426
25753
6968
1120
1599
6343
17403
23599
14965
18144
21258
7922
191
14740
25764
13080
7140
4726
27067
15077
25848
13185
11542
22384
11340
17242
10645
19203
27089
21902
4208
7445
14510
21624
25297
22694
19566
12704
22242
2507
24465
479
21830
25183
20502
16920
20851
21982
18482
13137
19843
13468
20593
25797
16733
18454
4982
20022
1877
21736
177
13457
18648
19451
21487
9820
19442
22583
6787
7134
3307
11197
24391
27211
7829
16607
22847
17131
17213
14061
16812
22877
15927
15663
24215
6023
8201
8416
15874
13704
21809
21911
22750
2578
10632
25795
20507
8180
2986
26181
16265
16438
27041
27189
18798
1012
27050
20051
4225
26558
2890
2357
3215
20468
1789
21784
3478
24214
27312
7131
9609
26617
4835
11708
4257
21346
9869
334
15851
22264
12763
20006
24476
3167
5949
5128
17894
7093
13121
8763
5693
1377
20917
22782
5230
22806
26580
21538
9324
892
5840
23037
18885
5984
13212
16170
1588
1349
23411
13793
14158
19219
10583
4828
7919
3235
26611
4189
7641
20314
7403
5587
1405
9961
22725
12826
24130
16964
12273
22723
2512
893
15289
13461
26755
22971
2941
18747
24021
25585
21284
20929
11697
14927
13518
27448
17987
18304
25374
21344
9875
20001
20214
7146
13011
20353
7771
10958
6734
23352
8040
23487
20201
16243
12415
17249
25829
14151
7340
22001
12370
432
24016
20616
12656
1754
10602
16003
11950
19791
19106
13533
3704
22928
21011
9953
3212
23224
10094
4546
19133
328
19734
16034
3546
22304
323
25820
20843
9502
7413
4959
5425
20483
9648
1788
15674
23005
15891
20212
7225
4598
17718
2401
7455
12026
2374
27335
2557
16880
18368
743
3764
11381
18614
27413
18467
26794
3705
8235
16386
18912
15392
9115
5233
12911
5926
26564
11896
19331
24902
17747
18759
5175
14781
18211
5830
4871
23968
24166
730
7412
2867
2724
6388
17615
18948
19767
2993
22063
6482
17969
18002
8677
2164
9592
8294
9395
26144
18675
3578
8858
15954
11440
10021
8483
15117
14593
14656
3011
8138
1746
2730
2711
24156
8519
20663
1993
2753
6681
14443
16978
21076
13263
26319
16128
19972
20627
14541
300
24681
11593
15569
15550
15698
11239
3668
1472
8242
4781
10817
1270
26133
4261
10335
7834
12377
23950
24043
6899
4579
21818
9785
19599
4099
20086
2134
6349
15111
10331
11018
14778
135
326
27398
20707
2119
20168
1940
27425
2574
14194
1531
6193
5612
24586
8724
12851
18793
11740
9398
18120
26271
13991
11092
24211
150
19607
7003
146
7690
19121
20597
6523
21854
24037
16625
3132
17662
25179
8174
18900
9190
2905
19928
6254
23206
13409
7506
14027
21719
25856
6881
24756
7707
3155
10461
7039
21972
14752
19076
25605
21138
3995
5578
16661
24253
15300
657
6470
18154
11147
24109
19891
8870
6367
10263
16335
10211
21939
4179
10523
2059
25163
954
16858
7873
16837
59
18285
8972
13385
22222
3462
3664
5064
24993
11169
16674
23242
15824
7064
8597
13472
7566
8358
26038
25690
9590
20244
4465
25546
1081
13673
25355
17888
24731
854
25917
3190
14353
23553
12097
20993
11778
23734
22270
13555
8735
14621
3950
5411
1063
13760
22414
26387
26588
1392
3533
24466
10033
27102
8796
5103
4445
12033
12174
21704
10112
26217
17084
9968
25461
10651
14320
25705
25879
1027
5950
2073
11027
23046
16
16136
7796
7265
9638
17921
10773
15665
5083
16718
5313
26940
8210
12538
9988
18181
7081
6422
2516
23991
5821
18766
16511
25110
9238
24655
77
21208
5074
1263
23703
26102
17776
4188
8168
16939
8381
802
14741
3862
12517
15949
24700
5490
27251
10720
8049
5206
26240
27306
23442
6498
10288
6816
19498
18864
468
26350
17189
418
4937
10678
25942
17166
13273
17846
24705
5200
22256
7123
20818
21825
20419
11233
13745
23501
9300
22959
7084
1213
5111
16124
6107
25291
11053
20321
15515
19304
2948
23775
8141
26380
15231
4241
25372
19845
18234
27331
7826
15770
5729
16493
22079
27243
24333
8577
19874
3412
18020
17081
24872
15396
2
6871
25979
2074
18445
13933
12681
26933
20739
3175
5433
10127
4851
6750
27283
23014
13961
18373
3915
12017
26800
15323
2895
6169
12440
18075
9496
18221
10020
22081
15507
21623
2694
8506
13951
1678
21338
2479
4484
2855
15009
7942
3249
10300
26914
15198
26716
17797
15762
17041
12005
4975
373
14177
22279
12308
11744
7955
6319
18325
11981
2686
17913
4811
16658
23234
17061
6335
15305
5770
14661
13047
11269
21576
21262
14304
18827
7477
5644
243
1774
7524
25993
2992
3346
488
5879
16421
14168
2302
15406
25358
14217
21125
6744
16001
13363
7532
7775
14373
18693
23430
18774
18295
19795
26218
21355
233
12965
8839
8618
19113
16380
15937
14480
14011
7542
15263
14643
24516
16870
5007
19191
26439
11456
10992
6690
9576
10869
13222
13177
17856
19383
26018
5160
5093
5181
9286
5281
21499
2827
22214
25170
17594
20043
4420
8681
15420
25834
16672
11318
26594
14418
14861
3250
27370
10539
27109
930
12291
21534
16882
14386
23851
19509
18401
20113
2886
5914
964
16517
13401
20192
24483
7385
24792
88
18587
23227
16370
15044
22024
2234
22373
24006
4777
18788
10562
14708
13652
7448
8277
9408
4612
22140
9878
12452
22981
12215
7434
14885
7027
21082
11070
2688
17404
15486
27139
1611
19422
22741
12332
18834
5583
6641
15491
7559
24879
9963
20307
6994
19594
11421
11730
15882
12321
17017
14015
1050
13938
10060
2518
7544
6857
4442
7092
23557
17636
473
3835
22676
18407
11754
11893
15592
7102
13067
5808
24627
5356
8187
16291
24890
15737
7781
14905
16250
15074
14543
6738
21749
2011
17740
10296
26710
5117
6438
1132
16963
497
25944
11537
26956
25427
20581
14547
16605
5109
23883
5308
11585
20656
12888
127
7031
6428
10971
14629
22685
3700
8709
3259
26010
7020
8454
12841
19956
8886
26926
25062
3041
7417
14317
2830
18176
20860
26300
3145
24080
16430
10427
22452
25886
15956
17515
24174
7788
9947
19148
15317
298
1540
16411
21976
20660
13891
1390
20794
7657
3883
2761
306
18828
1731
6029
22455
3875
23891
27408
15634
10083
17612
16760
3619
25046
6325
13788
11044
23793
23791
2207
11104
16948
17750
16680
25741
9524
5478
20459
11514
4249
13610
2563
10366
6636
23447
5081
18475
17370
14396
26806
1246
25348
14109
25590
3884
15187
363
15729
451
22658
23216
22330
17582
11390
5754
19485
12662
1425
18333
18048
26910
7243
25302
1125
26684
26537
1236
2594
4493
25497
21671
10831
1916
4355
26021
15385
13371
8272
13248
25733
20009
25768
24698
5320
18564
15029
8052
18458
7284
3855
14727
13167
25473
6970
25939
5963
10318
25932
5673
23644
17238
1925
5140
2831
7810
20231
16315
27384
20552
12283
23161
19405
2673
11935
25185
4165
13734
7697
23249
24932
4212
8965
14470
16727
9922
10565
3233
39
22999
19344
5622
23475
10610
15911
20381
12805
23710
2211
7894
3866
7468
17760
21108
7032
3300
2784
19635
20210
2501
5719
24615
15127
12615
23152
3338
18074
19043
26769
25129
26464
6784
23269
22520
26533
13840
5026
12505
18831
18822
26155
11507
13825
254
14485
14094
42
13435
901
16793
9980
1890
9240
15377
18125
18978
3432
16407
9055
1596
27182
1045
21523
10703
6522
20324
2626
9394
4791
5897
1367
9996
1643
5445
16987
4432
25960
5164
9294
26490
6704
8320
15617
9614
19200
27439
5981
8326
15626
17813
6993
21265
21450
7852
8014
1711
11865
24122
15287
25191
22043
13037
6093
5532
8035
22141
23814
6038
11135
4237
15687
17566
10469
3357
18376
26482
26430
17542
16279
10954
7329
18857
5779
4801
15194
14054
5381
15251
6842
7789
8808
26236
23112
12881
25002
10202
20530
20711
8590
7805
21808
27353
22339
20078
11605
16530
18850
12402
568
17899
27084
10795
9054
21264
13353
19750
14976
7569
15048
11639
1053
6307
9177
12633
4643
24607
21960
25063
13108
13066
6353
14377
11864
26453
26171
18274
26604
642
21900
18306
17590
3820
24751
7770
19548
4572
20522
3781
25236
4967
8635
15813
1766
8865
7522
9494
18355
1791
20825
16199
3488
7189
12623
3772
18697
12867
20932
7909
212
16194
24539
3642
5502
12514
11497
23407
18054
1900
16892
25317
3305
16696
21229
7664
25987
17522
19612
9843
5597
15500
3113
2898
26083
12318
19156
5085
10118
7820
3923
14813
22651
17804
17230
13255
5461
10629
25117
26657
8703
25871
21770
4689
14520
11558
14289
5468
7686
136
22382
14880
2024
13298
25250
9020
6901
839
17656
3690
8834
12392
22109
20124
2938
23822
27159
11095
20367
21679
7964
20116
2870
1171
9689
18280
8129
21443
12850
18843
15583
2452
9400
8406
25787
15752
11109
14892
21181
6561
16337
14889
12954
18873
4283
19832
19158
25511
1477
4342
23936
15746
25626
7316
4686
17287
25357
18107
16195
21929
19031
7370
14085
8726
23834
26071
22443
16385
1512
24138
14744
9537
12140
1631
2033
4171
27197
23722
4818
13413
12266
12895
14791
23177
3093
12469
20947
3637
21864
10601
23555
20815
18085
24424
14343
20547
7070
5973
23034
5120
16355
7437
12534
7840
14974
22139
1283
15913
2319
26031
24055
6184
15343
5287
19776
7698
24980
9384
15236
11996
10350
12723
19590
17163
14635
396
20754
21427
13589
10010
17424
9351
6698
3940
14447
9634
14531
11488
20657
14371
13312
3960
10687
13051
23982
16273
4840
20160
12725
16700
11668
20833
5834
4138
355
23415
19724
7349
2409
263
25929
9804
18069
26671
4989
21495
2228
19520
24688
18061
510
10824
20873
5661
4950
15529
7252
3322
26293
20261
23437
20741
23190
9892
12986
11942
16484
22260
1070
1698
23252
15310
3924
7164
8649
24192
6650
9691
7356
22464
8850
12935
5683
17334
11322
5345
1564
3033
21021
871
22490
23866
23380
10626
11767
12858
23505
20646
4459
1638
23740
1758
1525
4302
26002
25470
15818
7604
3240
15990
15387
19127
13275
1330
11142
12644
25038
15966
24467
9196
182
15210
26492
16008
9767
1462
24990
19468
664
26007
21742
14821
9545
8776
16078
18833
26867
1569
25704
14005
19458
25404
3892
19823
18915
11726
10212
18907
14691
12791
11449
26759
18931
14488
8156
20968
18555
4667
19588
24335
13862
232
19907
9477
19556
26993
3727
21066
9832
4804
16478
24846
2967
7239
5238
5453
3403
18527
27095
1971
26295
1953
11914
24381
20503
7514
5293
13928
5373
6380
17202
21880
8058
27228
25419
12422
12260
25020
2078
18101
14735
3508
3522
3739
24212
1432
16969
4233
24356
19676
3274
8552
12224
2179
17395
2788
13487
295
24126
9899
6798
14725
11008
24250
21797
9739
13869
26892
23768
6966
10005
26232
9599
19327
14957
11574
1486
24286
26555
24833
3613
2200
23361
17027
23160
7397
22198
25935
13800
25410
10036
2529
5541
24962
22634
10979
27401
12600
9508
19941
12060
5131
5752
12429
13972
26969
8464
13968
1565
8736
13523
16547
19294
17085
6803
3446
6758
5048
18507
6918
12586
15160
12713
14795
24923
2484
21140
23546
14558
2266
502
18490
9021
14526
20269
15817
3842
20773
3226
18629
4917
3555
7389
5383
6925
17353
15775
7971
17580
1130
14205
24460
9319
27273
25105
727
20937
11265
17769
26367
18340
4652
9559
10231
17786
25391
9148
16151
9167
6504
14045
26244
3434
9606
22278
23000
10665
579
18426
404
13359
18046
18549
14831
24954
224
15662
20237
437
5812
3203
26340
15219
13027
21645
5126
22569
17831
26146
110
1577
10823
17323
19215
18690
19361
24815
20057
175
23110
23066
1717
20437
5495
2143
23995
27203
21017
2118
2981
20473
14586
13924
4867
23499
27026
23932
15260
24884
876
16022
12730
13497
3316
299
16708
11481
21238
10474
22150
1383
12130
27063
20974
16070
10693
16979
15136
26057
15719
9607
23578
13157
21661
8300
4230
10729
8610
19475
18713
5112
9210
13124
16860
27162
20069
11863
3097
12622
17977
19533
15014
21533
2660
17417
9458
5473
20178
9218
26688
21842
25566
6708
25377
17904
19740
9813
10664
1986
22884
22034
26210
2373
13806
22650
22865
6006
17277
16448
19440
4082
6860
26419
19385
12784
4246
16056
953
2251
1323
16282
25714
8985
23859
6956
23691
11017
15998
7739
25639
4044
16304
23314
4364
14879
23315
22249
14081
19430
21402
14265
16907
7925
3456
6855
5192
5348
19154
22397
20607
5807
8554
12648
2497
6592
9069
627
21921
371
11877
24373
3356
11455
21245
22436
11699
14136
10944
24096
16556
1254
3554
21147
9662
995
8842
21431
1997
15969
11178
23129
3138
15560
23661
984
19660
20105
812
14223
17555
9515
6267
22163
25967
13980
8068
6149
27212
9359
27254
16751
13192
17679
24563
12339
19621
21381
11867
24144
22122
19360
704
22110
16856
15906
13103
1689
18134
17530
9079
7436
4384
10356
4039
21191
17836
3268
24028
6868
20067
6560
23681
12962
12316
4549
6153
9022
14550
14683
17328
20408
24798
9453
23527
165
2256
12970
16740
3728
13946
6979
20179
17692
19661
10311
15061
6727
24572
5907
7709
16752
14618
16224
24867
12976
4124
5189
14290
16538
23091
10055
12050
14137
5130
8509
2269
4114
23235
5736
21772
694
9230
5563
12405
25568
6613
11305
10762
10368
13535
12608
11048
7815
8333
16192
2587
721
22858
8656
20430
18104
21041
16724
3556
17102
1328
11364
7507
15394
10135
1210
8347
9296
12488
1039
26361
4008
20866
23400
5684
26554
6417
19038
13921
18263
15193
25454
3498
7004
8922
11741
17702
6635
10000
3421
1723
23106
21687
12963
14952
4897
24309
13953
16648
19368
4102
5405
15099
7358
1941
2190
14808
19641
26774
12210
18147
25090
14582
20553
1530
20678
27362
17671
20444
6576
19051
5797
3632
465
4194
9086
26405
27068
26948
8459
16689
18966
11348
7333
21775
4152
10240
11347
7100
5656
21292
24652
26518
977
22189
13078
4141
24692
6036
12811
1812
16933
1275
20464
4327
9587
21357
3088
11468
1899
13541
26681
11431
5437
17941
18868
4999
16206
20641
17343
22574
17857
4150
9375
14809
26174
20571
23412
25206
11828
4733
252
18056
16331
1311
7672
6274
2650
6790
569
9138
9793
25861
7761
845
26130
21764
9822
21115
22601
23846
12547
6016
16288
67
23494
7061
5743
24903
23296
4046
13905
4951
6312
19837
4625
17161
25265
19869
12745
26875
9710
5391
27430
22624
23621
10759
17710
12324
8504
17150
3072
7077
5327
20748
19992
24674
19721
16014
21852
6694
8080
9777
8310
25343
6776
7519
15085
7173
7554
1665
15010
15940
19014
16181
22630
26834
13018
12596
25962
14860
25533
3205
27256
17101
16388
18091
5394
6660
9549
27257
16750
10456
6906
11000
11331
26984
4203
23736
24225
10961
14328
21806
20185
9157
24183
9342
25365
987
18936
24859
15892
6673
19809
25402
271
772
733
19710
21639
26868
21850
2607
26745
207
22942
1269
21102
10904
22392
17496
3985
9005
10929
4762
23784
7047
19695
16994
6097
12781
6285
12667
26995
5312
5039
10310
16010
13210
26784
23687
11854
13720
8560
2441
1415
11626
21148
12219
16499
10793
4502
14530
5292
21504
6255
12376
934
19768
23716
14034
9678
19988
26086
13582
6123
2715
23182
10099
8573
6808
7368
17011
3755
15999
20977
12143
22183
22990
2327
9530
18183
20128
18814
25902
6558
21994
14101
18592
20278
11311
15148
14675
15520
16146
2769
22186
18530
22828
8770
9060
25700
19670
5271
17147
21173
17519
15568
16847
23725
16161
4475
23564
7618
24969
25275
25283
1378
16112
12605
1151
22424
16961
12896
20788
20810
26955
27394
17624
4232
1316
21047
12353
25635
9884
11126
17964
26162
5395
9915
14039
11566
6551
23529
21436
21218
9309
11548
20398
16391
847
16242
20095
6865
10440
15052
5247
12138
19693
23063
19021
8380
18650
9836
7289
9656
12525
16463
6317
20138
25137
20391
22364
15848
324
6292
15472
25085
13244
24127
22644
8953
9334
5552
20071
8391
7260
1704
9417
12590
749
7208
27340
13419
3574
18995
2821
19412
25870
6232
12299
21478
14908
19239
20361
26336
19253
11843
2809
8056
21689
24064
3677
24005
26981
831
7498
538
21887
1192
22419
1145
25418
1811
2951
16400
11299
27239
14896
24721
25759
2740
23274
13058
24322
24349
19808
22605
4222
19920
18036
23610
24176
16640
1091
3975
21279
5842
22046
6004
20442
25216
26048
10859
20253
5148
3746
22361
26397
21907
15757
12991
1592
2382
6643
16832
2296
23026
18683
4635
1046
3911
22291
18582
25941
7425
2001
1357
9780
8387
7154
23459
26667
11831
11575
14335
25530
12166
9750
3281
14595
9444
9566
27390
25890
25025
25486
25155
7215
1823
2538
16617
6163
16584
5852
8215
2544
5670
8753
10373
2149
22878
18273
5479
25608
18986
20921
26696
12015
19334
21364
14871
24323
5727
4034
10372
3526
19712
6202
8090
1140
24855
25502
20344
13545
4743
15980
6582
8666
22329
12742
18502
8917
7121
1028
26648
12682
27274
19063
12755
23383
9438
23343
4248
13607
14286
4533
13820
910
6507
15412
2435
13343
3020
14575
19287
18153
862
22790
18920
4128
14439
3330
22777
19897
13096
5931
10187
11081
5867
19940
23840
19060
9093
1054
2447
4755
25772
18315
6116
13603
50
18217
3034
16256
10921
10116
26370
23333
24202
13482
2188
19284
26833
13887
23802
20026
1181
1670
6976
17550
10429
24604
19716
1287
20449
14502
10721
25153
15782
11617
16211
4517
6986
16348
18667
25618
15145
15683
10476
7907
15894
351
6774
10739
1621
11037
3998
11797
731
21713
8007
7620
6074
27100
3363
24775
22556
23428
5172
17314
5228
12230
1308
22731
23199
21091
14794
14669
15103
3211
5786
4451
14944
3597
16456
7757
12434
4719
21327
24672
7111
26936
14282
14252
6532
25388
1013
26627
25145
13115
13326
8794
26473
19235
22010
26314
14983
11103
3620
27111
23172
15262
13017
24609
222
25487
16953
24637
21952
17936
16566
4155
11112
11883
13999
4202
15269
6141
24269
16698
14712
18377
9745
13036
7751
4400
13162
138
12823
25839
15796
5758
5573
855
607
20704
24295
1233
25521
9985
19089
19848
16637
4857
1958
24185
16129
24581
17095
598
13277
26250
22405
23261
3615
14163
2292
1300
27016
5726
12081
15860
23470
19630
19973
22615
25172
7984
23881
3115
14070
23371
15753
8179
12111
22096
14604
21766
18750
11057
25055
18011
16889
21003
5916
6609
24894
3589
25918
21296
7198
2158
10230
19951
5889
15364
10093
14873
13619
22053
12365
7972
16785
18027
14986
1159
8375
19080
2719
8935
23651
1792
8995
24642
4108
12705
12576
24723
9260
12537
6622
12738
19785
2049
18893
22533
3162
21250
3785
18039
6830
11249
15577
23270
27417
24793
519
25947
8044
23372
19206
285
18883
680
10986
17037
18958
14509
26843
8755
21613
20979
23233
12675
19511
4270
19878
22355
10709
12902
2770
7079
9635
11186
10416
19792
27349
3163
21565
18550
18709
9293
14241
25255
6457
9799
4772
10007
18206
8960
15092
9329
19177
23162
17465
14354
22302
8907
9987
23760
12447
2016
4410
14405
8882
17180
7442
8764
3941
26741
6366
6472
11658
23571
12309
12078
24972
18070
688
9134
12797
13321
5601
6186
3606
17951
3350
23328
4074
4147
9350
24339
16117
11931
3106
15444
8147
2491
10584
3057
6170
8791
2230
8120
19419
7583
12042
8692
21752
9162
15977
20273
24500
15107
15422
22800
381
23049
24372
7275
1223
26850
10769
15716
5118
10479
8241
25593
12203
4588
10360
12585
26828
7179
15476
1337
3436
24421
24988
7610
11803
8338
13146
1739
6834
26221
10321
19370
27004
16196
17451
15456
16064
24299
16595
8160
11969
20297
14028
21693
25252
8224
109
16567
6047
4845
20035
12602
2124
12516
12448
14840
21111
15923
1945
19491
23171
25450
3123
17059
22328
6465
20939
1652
589
10402
1606
17931
6066
14720
2891
19403
25737
5555
10672
14999
13597
9972
21721
10426
13879
20517
15243
19684
7051
20042
20693
13337
24358
10009
16712
6060
13988
16576
25556
16339
21725
26670
22173
3206
1201
8982
22846
588
2924
4979
25703
391
20635
22151
12566
24100
3025
155
21300
11645
22902
26529
280
7379
25709
6
3143
17258
1409
26639
23744
16231
11922
24660
11932
12801
14456
20384
7531
7949
20703
12720
18313
23120
8491
2418
23876
12921
21397
4110
23303
25680
20072
20688
24576
6538
22934
5994
10518
22816
5875
10805
8557
1626
3602
24147
23056
4553
20180
10845
25307
24653
27015
7395
23586
14295
18230
8004
27416
23637
11777
22838
24114
19193
17821
12086
16096
16105
999
24523
15982
3283
15540
6946
25595
6889
5647
8962
7082
3118
26511
17157
15288
8929
11060
17826
18945
16867
19096
11650
23144
6820
11527
4682
10444
10751
19225
14851
655
14120
14501
11849
17768
8818
3001
10146
21319
10111
17606
5315
5265
1113
23671
18255
674
15660
19164
1227
6846
17271
17834
17136
17533
4703
14127
25498
8783
2310
8093
12814
14093
3385
1557
16404
14231
3813
2597
19882
18365
15226
5012
948
18659
9624
26572
6900
21053
2778
18160
308
24595
11298
2244
26459
11294
22759
21161
22701
24913
10073
17072
16446
5034
5941
4912
2999
1446
25954
15390
24409
2036
16044
3179
19543
19153
8786
24554
15896
14798
10840
10104
853
8570
17816
3007
20734
18113
4879
25230
21410
5759
2099
15022
11675
1661
2647
23926
27290
5415
7588
15178
20570
26067
15448
16324
3181
3644
17724
25900
26423
18719
20986
7183
12399
11906
20019
3786
4019
21434
19448
7961
11465
26811
12317
11159
15304
16360
20190
23753
18706
27323
14071
6723
11122
8638
2086
23816
21107
15804
19817
24366
10439
23761
17380
9251
9853
17281
17156
13515
19354
18237
15792
8102
21131
25238
6059
2286
26444
15815
11161
1336
1964
13748
11577
17650
13235
17388
25214
41
21794
24440
11835
3647
12362
19944
5059
24783
10682
21098
13845
17062
2405
24900
10485
20376
26206
5519
6084
25094
20891
7639
7266
17571
13574
20665
14466
6545
15807
21876
21678
26193
25399
17598
17450
3117
17687
26185
21226
7326
16410
19964
15066
17224
9454
2553
14200
7236
4441
21594
2263
12630
20992
25648
13667
2703
16913
3470
19073
2352
12183
1755
13199
7392
6671
22770
6586
12120
17121
13114
3104
26115
2225
329
25336
26409
822
12385
6402
13506
24239
16472
11076
11758
20772
14313
7861
17841
6568
4677
1801
11688
19861
22036
9206
9397
22988
13001
1340
21967
23230
15036
9911
14916
11275
10554
19516
4539
14428
13908
20910
23057
3395
4587
9245
19081
26280
4528
24471
11974
9407
2089
19702
11709
2117
13286
2914
20763
23942
15707
5337
11818
2682
16526
14923
10544
7762
26285
7619
25271
1857
16086
10508
21547
15428
25974
24703
17803
4693
8428
6301
15635
14614
1205
15857
19757
5150
10142
25434
25066
7307
16030
19519
2064
767
22894
13911
15000
8114
6768
17625
11603
26704
20111
489
940
11518
11698
24928
10248
16214
23582
17999
3795
16898
8361
32
18417
23421
11787
20809
10574
3663
19017
17192
17105
8266
25747
10150
23732
16820
10336
15842
21163
27133
10501
18605
18192
16770
11082
24715
26849
26092
13679
26600
25268
11725
26884
12192
15368
2075
19562
18359
2337
17632
10652
10272
23976
27116
4333
9434
2430
25577
2957
7014
18196
15790
23084
19267
16914
24546
21528
17297
19974
8744
2616
20913
4571
18508
18291
5518
21334
3050
12945
19275
23443
9106
12496
19917
20175
15745
11473
528
7948
25657
6666
462
17611
15833
16298
5861
23288
1847
6276
26385
24795
6577
17779
22718
15602
20287
20171
17143
7885
14119
23596
8127
22244
791
18491
21151
19288
11190
9468
2426
2567
1040
24235
5299
9036
8086
25100
8286
3653
23699
4348
23077
17796
1994
16591
13729
20335
19530
2628
22153
24277
26629
9705
3372
22308
2869
9127
12069
6410
4424
6955
2958
21389
15328
3847
7464
2522
23707
3040
5435
6756
8436
4805
2931
7651
10852
8477
14940
4273
3002
21762
18856
5637
11207
14468
23431
8534
12833
7903
13762
7880
20143
19649
2649
15528
13662
20550
7480
9591
10383
27036
2630
4753
9217
696
27217
15233
19394
11680
3070
2365
22969
10531
24009
11356
15981
17757
25032
15201
22961
7317