43817
40865
54619
32132
28395
14109
27375
15851
2309
29185
16256
32452
74785
46244
46028
7062
43361
13455
22104
18424
57941
63545
47817
40067
29358
28574
17996
13505
62018
7568
27391
79029
71526
27228
20974
63127
58055
75778
76151
75513
54817
29155
43191
36528
78222
39349
18942
57110
46796
54269
42541
65731
10908
55805
70314
28872
4540
7288
43103
33620
37955
81761
77248
35271
64321
1152
24265
15463
22723
3320
26567
39654
25063
78616
54878
39016
65850
72291
77146
10208
77451
14266
79876
59027
46389
39756
38493
73315
31275
50583
19695
44501
38202
22751
53518
20860
56297
80947
49276
52591
63488
8013
14598
77771
7942
71434
54231
31411
81699
52396
50690
34796
21018
32477
81583
53340
78814
70729
75440
16015
74501
29075
78055
50634
65819
22813
17700
18673
888
64170
53238
65478
10155
42941
7652
22217
31956
81156
2701
17993
40050
50631
27737
33125
16094
15995
64992
75672
36921
49389
22951
35883
41393
50926
60435
13884
12858
67079
41413
34895
48598
46124
77302
64358
48600
2734
63157
65426
71018
23688
41426
65786
73281
72495
64496
56831
35814
79405
31358
56116
37300
29317
52324
78135
26088
52403
58982
34629
34163
36900
5984
55507
67807
12955
32032
33683
74131
69952
6168
36687
16163
39220
57015
5784
80117
62555
65135
31144
49978
10401
70434
31505
39598
69133
61806
56514
69110
42337
62817
21849
80061
55123
51270
12516
59096
81803
65730
11716
60698
40185
1282
35495
32751
55822
31518
69881
14628
10963
17747
53743
60765
30951
58610
39839
76285
75188
29748
77545
68845
59464
34042
63330
10240
61623
62767
16154
49763
71076
21437
31902
36181
25393
26934
9118
46973
60764
63140
55424
56430
15914
61703
18252
72128
42562
71651
82532
23727
77489
45388
79531
12885
76449
2998
20731
25374
74116
45546
31184
2393
53758
14398
78710
49127
75639
35351
74564
52171
24462
74403
21476
43049
19180
13430
35523
21918
76136
39228
21912
18500
5948
76393
48570
8317
6357
24550
51771
56354
39472
76835
57786
7873
73693
63930
76415
61380
13838
45854
50826
6280
33578
54374
76330
202
65093
19875
45925
21794
56582
60062
66400
81402
8036
25124
19225
18141
28705
79926
64434
7996
11302
39455
77224
24671
4720
19261
26525
62251
2783
38540
72688
35749
68885
10735
61069
59455
22286
51835
11486
66781
69482
52960
51230
22879
35984
79849
39587
4516
79056
56903
28626
288
73706
22368
35405
31472
48801
75586
62822
75175
22331
8228
9924
66618
80917
65498
59107
42279
82498
71234
57053
55786
10456
63017
31316
37909
3196
72487
34945
33615
15478
23842
40734
35418
80215
72315
78277
28810
19117
75260
38374
47912
26219
74342
16624
13267
6626
39028
6674
45725
40776
71974
14411
40632
29855
71493
39786
60687
16112
54006
82286
11872
23500
55557
82689
68788
47160
29710
63222
23350
7304
41187
10952
64901
54090
53842
4233
24413
15814
33200
57269
65181
67559
18154
82468
47518
20902
71699
30012
64782
23747
51805
19131
77700
70299
57653
68192
80569
62717
38849
50011
76770
14842
15912
14080
54628
68864
75508
9641
24948
45963
943
15488
15872
70483
19322
16497
73523
15790
59301
24711
14392
27235
13299
14474
32176
5641
6131
33936
29255
5461
39217
71332
38966
8257
77604
9519
64577
37766
81462
54188
68667
73067
30850
69631
43020
80705
58376
76479
57166
72436
28671
27878
7991
75166
49640
13470
45777
58864
34598
54079
37945
58947
69574
43589
3870
8918
75616
24793
358
59904
68280
43167
75485
79689
458
58061
17952
9747
18983
10039
6995
58645
72187
73158
40317
34570
27213
10616
76551
73666
14979
16561
1824
52677
76000
44511
50196
64907
48701
23440
46454
27730
73683
891
28780
66640
78999
66065
82149
9676
71479
68585
41339
64954
48393
74904
34125
29245
67994
1832
68503
71087
62067
30175
36409
40875
30822
27083
63626
80047
23745
82429
64004
14537
35454
51848
73062
44368
33975
67249
78539
40513
33461
80109
34414
33582
47824
61636
22486
65113
36477
79811
57638
19690
3935
11252
13069
33954
8436
77540
39595
34712
9693
13439
65554
37878
73274
27000
41684
20518
63901
32851
18034
49331
76451
46970
53152
40667
37137
74687
63148
15738
54295
71995
56625
44791
15245
77531
81649
20197
10590
73525
57502
69814
71628
76407
29413
28635
2166
58597
29110
14805
25928
31571
11556
48986
79498
34099
66821
53606
39553
26957
61098
38064
6171
1206
72172
8457
20685
12059
51704
58151
34780
5316
81638
26780
42495
619
21045
20573
48583
11341
68477
51981
17290
80513
50604
67316
82356
7302
39036
61261
59633
65090
14861
39932
68842
32160
80662
23976
47958
24699
77739
41034
77546
52079
72908
70998
27723
47468
41749
1431
24610
16475
74739
5829
32802
61741
71116
54847
35396
74745
72195
77484
19025
43036
62750
59840
81643
38085
78892
54959
49902
6205
2529
10804
32536
5968
33452
13538
79833
1353
59274
59841
68385
62377
71360
15155
56745
23291
71202
69025
78923
66165
14618
45864
65873
5774
16425
78233
2130
2973
80619
21417
11745
63158
43431
39064
39934
18717
18162
38806
79412
259
23640
57568
51952
25962
32886
54997
17904
55224
58800
57291
71807
12818
57439
7363
40142
13976
56539
16078
75405
30620
44493
17476
70219
5794
55667
54388
73104
53486
35565
57739
75309
72801
49525
6575
16826
7204
4788
65280
68201
44717
31348
76198
21691
73091
15932
76397
50252
42880
71854
55960
44189
57087
1063
11647
32655
76471
32415
15179
68839
39108
43267
15072
75386
41459
29400
41996
50748
45398
47253
29050
55238
42026
71564
70568
17708
3263
32332
24845
79679
82667
34391
78112
780
29947
73595
35728
37295
75468
57011
29583
18277
39989
54743
46939
70698
29299
3703
82552
78705
6603
59790
16590
57197
22383
3269
23740
65107
52378
76368
76087
82008
74086
30883
2399
43930
33092
46535
82128
80881
43334
30346
42900
50291
78972
7737
79585
26074
58629
67901
61285
11308
51531
7519
81420
26654
53234
81099
80449
28793
65154
46484
50202
59345
71828
39681
15517
74479
67837
52762
26725
52211
55118
25616
76633
61245
4800
4744
16223
81254
81961
5712
27135
42578
11384
399
27225
72617
2453
19291
22965
74227
67655
46942
61637
53067
17954
31345
64700
20326
59959
6778
33003
50622
21252
9609
48420
34193
2409
18869
65267
76130
29738
42125
69797
72063
66588
44530
72468
32049
33358
61577
54796
32349
14747
40762
34399
31892
82554
13485
35070
72815
30688
38388
20580
32433
71245
14976
77953
28257
2204
1369
71069
64010
25913
26464
49622
60311
49208
79073
78734
36750
1135
49143
46200
63472
53963
62103
60920
79000
75972
76614
11305
80789
69119
57874
61668
21744
33169
23371
22307
10114
54215
5517
82625
79568
57785
80982
56275
59527
54674
63082
32110
13180
68639
65218
80761
10739
71940
10599
556
56141
50090
69170
16417
58865
79676
57983
45078
28169
78220
6915
82646
19065
19108
44171
62260
10171
9175
61553
63374
32209
1125
10898
57298
63899
24128
42802
68464
4611
36861
48831
60984
47472
42792
40411
41553
40497
10729
30974
66711
73020
68955
82139
65337
45471
77181
68835
29286
42236
6650
12221
81329
47395
51883
51970
75593
40164
1033
27734
64474
33874
15807
64543
66404
68718
72426
6457
22717
45345
48578
27965
19983
76779
2906
58123
76531
12464
1343
76916
47742
44393
6700
66334
14872
15948
54229
18823
20144
69396
46776
64987
1741
6572
77597
56361
71710
44641
27062
61342
59174
75979
17935
61232
17533
62987
57162
50060
44322
73270
74367
70740
44822
31133
9777
77042
11812
54880
76559
12964
721
76680
36267
45177
75891
68383
41511
17563
13229
63940
6003
57619
77924
82018
53075
65142
79189
19708
54346
55379
2474
28320
39361
78398
74624
39208
81105
16367
40323
14140
82182
79241
77001
14472
60392
9347
20386
38464
2932
30329
80806
40701
78500
80039
64880
27308
53541
80652
78435
48134
67468
12938
49556
80581
29879
5487
50601
3805
70109
79690
15978
24069
46901
21777
26215
64459
32257
40729
47289
67969
6053
64222
57976
42916
57365
80479
49718
67535
61928
59023
45730
12863
48634
50966
67371
58793
50716
6215
54125
4981
37651
44636
37705
62779
4310
17556
19812
82309
8110
56306
16778
54465
51068
64206
304
15938
55401
3001
3609
13204
41119
58711
21734
48580
44176
48616
72159
52322
46692
82134
8777
17697
42053
41818
17007
74888
336
64825
63618
40970
35175
31855
8816
76164
41974
30897
9278
41267
57384
81319
49744
6599
53691
1222
42047
23594
52990
6899
40121
56755
44477
73003
55277
12953
31140
30470
58527
40352
66931
30056
82295
67951
16812
58528
6648
16725
28428
52842
13051
63194
40402
38997
49498
78159
40152
6734
76965
57743
55046
10000
32837
35120
74355
63798
12554
51266
24809
56792
47206
49073
50465
3
4428
51466
64330
59289
34135
39573
17706
40238
45304
65295
1024
27148
2607
60195
81903
62663
71124
40225
62220
78363
47766
13516
74828
1489
38520
13691
65491
75737
1179
19266
65548
62252
68254
22674
62600
61387
7421
72947
77433
66509
46911
1483
11325
12413
39410
6142
29174
57010
26823
6513
40557
75203
79863
80023
59278
49708
71541
71778
56603
30314
24963
18458
56318
7438
25791
66609
77877
60878
12537
55724
71443
52745
49313
37810
40419
65208
45811
6557
37269
43854
7876
51060
56968
7845
77914
66211
48551
42840
8062
82270
5245
23718
48908
29730
20897
66758
79629
33894
55290
72946
51693
45218
69176
42888
77922
13249
20676
58598
75905
29276
76946
63278
45905
35847
32227
14904
2655
30462
57771
10264
2292
79018
79053
41953
42451
71888
71872
44872
50428
45655
45265
48164
56735
66329
80359
70132
74389
42043
69764
64542
26385
20407
28080
39399
19210
58840
31032
55982
72444
20151
24424
42304
42641
65699
74748
36274
68674
55249
81095
15353
65985
56321
30686
18200
53965
12713
28479
2178
69609
79430
48031
34062
15579
53375
4836
42660
44687
71846
64071
66539
6877
54028
17588
30035
18572
71194
26973
82572
16858
49117
7646
76931
74679
78774
20452
54651
38756
35280
1509
79351
59565
19841
76608
70818
11092
23222
80237
72509
47402
4141
47624
17072
51576
58455
25598
14241
21122
29921
4564
78517
12043
51310
28502
65683
32284
82433
75311
12253
54903
53727
51435
210
66603
22802
49184
54472
66423
81052
63915
65086
58751
74167
9577
49940
10085
78754
62186
48532
70913
51340
9753
37095
76191
38241
5535
65011
36319
5668
14756
42608
73963
61931
41398
36636
34904
42587
20784
10223
7888
273
77184
41461
65211
1736
62928
67319
39284
27179
64219
4403
42512
42545
26582
72208
38671
36803
7395
5544
46167
24971
33946
46102
42009
50702
64862
71980
36911
43286
15363
5923
29516
18663
55595
21761
6710
31649
36763
69200
59019
14823
65143
27343
3865
2566
17397
13725
59083
73492
49825
25840
7756
41294
4478
7644
47553
50653
16348
1970
21711
17354
24058
51390
77344
2149
66223
18568
18640
58002
32774
9332
36518
62211
72293
40923
49194
62180
65073
47813
68499
41306
68603
48469
53733
28784
27377
13112
58064
24277
13610
69654
14088
20757
19055
51863
56676
72173
32255
51171
62796
61528
14467
16868
42775
66697
43232
66567
27036
22120
12664
9473
9029
7179
72590
19281
76660
36585
48514
42811
63498
16480
19715
5231
8219
39442
7903
61468
44909
55740
56201
35639
54379
70338
81143
60659
9450
75676
48298
69532
79102
56718
79334
55047
55511
12641
5056
69649
46721
36556
22800
15396
70994
56893
1778
17640
49352
73052
9599
35963
44117
74156
11065
40889
3683
41671
37786
64848
14123
47981
40155
50514
68327
51920
10794
6297
78291
19520
27518
49209
21605
1312
10004
7933
81190
47046
54647
22695
59020
14528
9932
26903
26636
81678
45711
68662
46191
76938
80425
22552
60279
68649
23501
50175
33561
73388
80935
71749
39025
23699
24000
39325
18680
10713
6015
43987
25722
13007
58234
40549
52447
74141
29867
49024
7544
2500
48617
29568
50355
45275
1797
34053
52312
26696
42165
34429
8230
34188
81609
67284
61918
2964
33828
36646
76997
33527
61939
32096
21723
55171
53686
8695
75149
79939
57392
60903
77054
8342
69643
52686
78
6565
13717
2242
80587
13354
11750
10218
43663
81591
19845
74462
74915
65200
20666
4514
11650
55898
67388
55452
75490
64144
81114
62789
65190
51993
20541
19416
50396
26872
45825
9669
52754
55877
40909
9382
64618
42138
2483
49755
31533
16819
812
81169
4588
59870
72763
55533
73070
7051
56872
18208
32278
80400
64814
82304
14650
71754
75475
18013
46665
21526
14679
53838
47183
30116
70598
26350
50608
59744
50842
9640
14227
7984
63243
64949
679
34593
59520
65376
36779
75206
34217
29346
33640
15092
41879
51189
60019
10570
45248
51497
2185
22035
15447
7550
17892
47776
53664
52278
46905
10897
67386
10242
7169
81185
55588
6830
77621
80132
40614
75161
74755
66160
74089
9684
38787
72851
73968
75907
55298
20948
40036
78744
67812
79788
44205
58653
44014
45406
30494
25689
28271
53658
63780
72969
66768
34049
22193
55366
73459
5754
13479
14998
72769
73375
71868
2935
19929
8801
82657
74837
954
78486
36246
67125
82183
7227
40459
15475
51787
77402
59896
79764
60058
72275
63528
43666
20305
23796
15206
48897
48198
75953
57835
77432
58105
4043
72230
35846
35857
18634
60590
20136
25710
42113
25652
75794
31244
52649
34674
68268
82490
74669
28210
10919
19152
8102
26016
14576
72742
28405
64180
79114
2101
81219
80875
74326
21624
70588
15079
47172
36919
21425
72043
69239
81505
39923
31554
49451
32953
80956
47102
75668
69757
72896
45480
8748
5402
18116
21105
5142
59482
14702
2820
77366
27941
30139
82029
21277
56083
22300
15919
41319
25955
31008
67367
33469
80891
40680
48175
77267
68293
75921
50129
13239
35478
48214
24799
21398
73312
72788
19922
33626
11823
53805
1518
48542
53572
47539
44168
50335
26947
52548
54171
74054
50168
64775
27949
4808
78798
50913
82699
26119
69553
70898
4764
36932
26850
42614
59486
17416
55187
12452
54569
49069
4899
22278
11500
26693
59932
46880
65970
26267
35744
14514
20599
66604
24900
58027
76513
80467
34141
38324
39195
18687
35532
5252
76503
7842
19513
23607
10015
40186
62487
12164
18884
22936
71425
54607
31666
6906
62408
13412
16446
3917
79584
78491
37658
78883
79552
18364
1641
30249
56346
18387
45599
71450
28556
16616
23572
68651
20257
69404
5121
47692
79515
52637
7658
69896
34549
4373
43480
21303
51700
58117
51901
52478
54650
23381
65108
35973
80376
31153
8994
2979
73561
49279
13206
52237
80650
37683
69437
49453
26691
63684
7738
27510
10356
20241
3105
60819
11666
66150
43284
60339
4854
49103
81445
67606
62389
1203
60091
81875
61646
72202
56949
34948
32903
11163
62759
54018
38988
13025
78335
57694
38219
20777
9439
77898
78034
52542
33588
55569
73659
41060
11211
82417
65979
78290
64340
34247
79315
7979
70045
5612
58940
74573
51228
3755
3280
41718
67354
44896
57169
20416
69442
67113
8774
57974
6493
40282
69704
57804
53468
20613
28684
31329
7400
81833
42245
58144
66135
57659
44706
40002
74869
52627
23338
35109
41498
26809
21096
80563
40566
15836
72229
7253
79364
3250
79183
63963
61850
80944
43940
46176
65544
70424
58041
60786
80536
61000
4866
40898
75410
61951
54554
47881
43820
55617
48632
2126
62167
7562
73460
43032
52146
69468
80927
27325
32586
81072
52174
17088
79523
35802
16184
68888
45030
63316
44314
82528
30295
50307
23901
78271
54886
51666
54936
11886
46751
33541
67798
22504
72127
73888
23376
40329
3349
75194
40354
64188
17053
68698
18321
41872
18972
21379
54414
45837
72985
9432
30385
44546
79299
48948
53509
43526
77764
78803
21595
54312
32567
43421
17012
8784
32560
45049
76623
21922
15956
7327
75213
52617
2417
52442
55135
76463
68396
22443
45505
1237
6477
44876
4960
32520
2295
58176
12168
29303
26624
28298
546
78312
19077
82644
37183
31542
13675
66187
18384
56002
9930
17602
610
36417
2165
77997
15841
82004
77277
16195
37868
69831
61191
15722
31942
59980
66912
68765
68367
16374
42151
72501
52824
67614
9298
67699
52099
66805
69524
26127
67365
33204
59182
54927
64440
56053
15743
21578
78038
51729
82358
60455
62563
1716
6528
13733
26443
60948
16763
56084
76794
56385
18689
18794
58814
7841
77639
44842
18287
4397
77690
11210
37830
57845
42409
48677
19902
42873
77706
51444
42428
67243
36939
43703
79936
79522
5838
59154
66526
81540
48779
10779
75108
18548
57904
18784
69075
51698
43306
57581
41282
25833
43999
22029
49584
11450
81525
58000
78840
4192
5312
7425
64110
35464
77077
75788
13454
30964
5982
39790
72551
13821
23003
78821
73562
65383
21211
78932
21258
39830
51156
30655
53275
71482
11319
74984
34773
19874
28599
5560
14897
38058
62611
9190
57480
14680
7828
52695
66247
58295
8284
52329
25697
58566
66120
57143
41373
22909
38126
31784
54031
68008
53089
30218
35237
34877
21120
78650
15377
71585
20191
32261
6422
78596
58381
64964
12799
21792
50243
68901
25303
55037
80395
62729
56483
58296
36720
80930
23472
12146
54421
39383
82640
2087
51511
68481
20229
23228
60706
66103
10763
38227
75426
8862
51592
32539
67551
45120
4352
82039
75288
4636
43771
68942
56749
66007
74693
17656
6404
29227
4859
77336
30010
46981
10688
78553
5407
31407
36215
27348
30986
44135
82484
17353
49393
37523
81531
72072
16292
16934
1752
36115
81890
80477
71723
8026
14342
23757
12988
49167
14304
72107
39236
35038
11855
11366
69874
74734
67395
76585
38194
53532
5607
41593
58113
19411
69575
2959
81843
46802
316
70399
9786
34915
69804
6028
79593
9053
58240
65583
38433
20132
18799
34829
2640
31489
25756
2931
47184
78523
35835
64699
27205
50537
75263
68450
36560
7592
30058
82378
6971
3502
77259
29906
36704
11792
58394
49626
66811
23642
68804
68190
70652
63365
3793
2612
15972
25087
45344
67403
51321
54695
12207
54684
66810
51567
9149
65323
60287
49568
16132
39740
48221
50789
63172
54257
70860
27573
13558
27243
40794
15642
3878
9206
79368
54528
57496
7277
9132
52198
63669
70023
23553
45311
38929
41696
2853
13939
18238
56517
82226
39662
9962
25677
14512
41363
26402
74769
74929
63274
62387
60362
79365
58071
56597
39488
52801
54728
23126
75420
28145
37850
41444
47864
16299
17491
69382
14978
57878
34765
22130
41160
70864
29819
51305
65794
38138
18329
60566
77405
1117
68684
27701
25460
77360
58226
44756
63638
26617
23795
3291
53012
54703
61301
25865
67289
5378
6483
32663
21188
53266
68828
53212
78644
58370
25975
41443
24622
40894
29988
28355
10949
1086
63103
11986
37793
58303
34525
75250
46466
20056
53580
36400
81467
79702
12329
76486
38828
72793
65758
78689
79745
47995
69602
30852
32685
42178
17608
2512
46623
39701
81354
65019
21175
31524
53279
27964
79012
60631
36619
3835
46380
80585
74991
41437
57896
25071
55465
15146
67259
38153
4936
68939
11931
25240
14247
68434
60913
40372
46657
20887
30780
36153
61016
53099
67072
77312
70827
58904
53582
31367
32723
10221
61059
36997
12696
80362
42701
70367
68347
60160
26639
4073
74026
12293
10698
58275
3055
1954
10853
22529
23543
60206
26768
22680
22986
54778
80159
32303
36464
68490
14498
69245
8980
50166
32484
34703
75539
76814
49631
55044
13555
47129
74860
53401
2797
31837
50796
68054
46447
41174
42708
28373
36132
74365
75389
4115
79771
8310
11254
8226
14066
24266
34775
50378
9879
57570
79821
68945
81866
37027
35479
11178
56853
20832
58723
52913
46160
12108
42170
43835
4690
78229
25568
48113
4409
22141
5628
49678
18094
36847
30080
74796
42225
79287
80871
72273
57221
29907
41933
26842
8897
60663
10950
62681
18482
80616
78940
18337
21240
59773
26039
48259
66266
27356
74959
58582
41855
37327
70880
65816
24675
72257
77112
62728
11143
44229
56005
39821
48478
53157
16052
11383
3466
67196
82049
25465
58458
71640
76094
59556
8688
13015
5201
75776
1525
1278
67733
81513
19974
50005
12817
60383
10541
38340
4157
12693
14706
77576
10471
8715
46056
38469
70681
39577
21036
52345
46966
53372
66232
66
38307
73864
1272
43997
38796
33611
24338
31733
2817
54137
38274
22390
42405
79043
8052
77161
5217
8758
78245
38623
44445
73319
38859
52537
58166
78692
33741
80549
30757
24760
5275
6840
44944
56841
6364
42412
13803
31224
2610
77100
34262
64049
82222
42056
13855
34090
72822
26527
37647
26012
82097
52597
7294
65326
62579
39546
14021
47634
75909
30965
16278
3968
25793
22083
77368
61238
57768
73518
29049
73442
15846
19483
35461
56713
31077
50474
26473
20111
2261
43682
71379
10089
4855
82245
37434
15571
24484
43564
5995
66689
38145
65898
5005
43119
77003
70054
61557
68160
74240
73197
48172
72357
79457
52517
65577
60166
39172
55646
69786
37062
17520
15797
49842
53914
56566
32918
60373
18746
53138
43758
29976
54284
17190
63405
43235
73369
1577
58999
67119
69055
59729
74125
66145
28037
46730
74150
73196
40363
35888
23185
49847
46290
15840
67340
38956
7708
2504
70267
16247
54669
8964
37937
1144
35253
78479
47135
7387
35739
61894
16444
30045
5758
22904
25489
1249
79010
9405
51522
17593
28387
56171
51823
43657
58493
72659
78298
53880
81326
37609
63631
46729
59099
45597
59416
7535
82068
66518
26425
38013
61408
53459
67946
78485
39518
18196
29814
80181
10062
65175
63205
27893
49512
35080
31531
15775
76975
38110
61552
19457
79493
47476
37920
51609
9559
45794
21201
55712
15573
12826
48593
6467
77228
54023
62468
72489
32709
68631
81751
28941
58968
32099
51562
47291
1842
55055
5087
58
559
66000
66390
69047
28472
67160
76907
51977
39051
10762
64973
24819
9128
7627
77473
73779
77098
42758
43114
49444
49391
63339
44040
46076
68602
62020
28520
47369
27416
33565
39189
36480
51035
66742
51984
19847
75241
3448
67234
43124
61852
38715
80250
80842
37366
798
71084
8016
59831
71339
68595
58619
3696
80609
26189
33186
26645
65362
16915
34771
61266
75963
42998
48531
37400
728
78045
77466
9480
18472
27431
12703
29136
58894
10806
46686
78788
68120
35755
33509
5090
75944
48250
59119
32680
65459
30047
65057
5387
71690
23632
54335
8569
36144
67633
21815
60433
58339
56686
29236
16327
62347
11901
34196
78289
77280
49777
12016
65229
59917
3377
50738
75850
21634
67508
45957
24166
76602
54754
16134
59355
6118
78359
67282
41937
11686
65458
52769
5564
80666
7783
80280
47126
45850
51462
41948
69062
10211
3969
10944
6138
59341
50575
22425
77905
949
16211
76404
80722
75826
54613
47482
80308
33323
56134
57709
58686
69584
61038
48984
66313
75742
62615
34737
898
25945
31385
66354
78263
76542
57635
28976
12481
8033
17790
3300
48325
76790
51761
46572
34955
73544
68126
66775
15224
79561
25849
38873
61362
33868
47653
56019
30804
71927
70404
23734
37819
64630
73494
32425
41918
24352
72393
8507
78413
74332
26684
42922
18672
14920
71224
6245
27943
65448
49609
79260
31562
11728
34231
38284
26829
5152
22320
18994
31373
27760
24589
42951
12747
36121
74894
14182
2083
23424
25581
52150
79779
74108
77745
15159
63846
28432
69911
61208
52468
2780
63393
32676
5990
16751
3418
75558
11544
79471
67104
64559
26733
73651
4886
22677
45673
17073
10586
63023
68843
5401
41617
39905
62616
45232
18705
38118
24704
6843
47478
69366
7854
70577
43728
60511
74729
30539
2862
62889
61663
24949
43254
40232
22119
4436
82209
20291
82441
74516
13966
3569
13202
44571
34420
53947
66791
18176
75510
71146
78834
72512
24996
63520
11547
33549
55405
10088
31979
47279
81934
29212
70781
57037
25919
30406
8158
35210
5876
58444
73351
6316
27402
81686
34788
16629
38736
6114
81720
75522
53184
19571
16466
79440
3454
36045
73915
36470
70328
75770
52157
39042
29863
77819
62570
70320
22219
28989
40881
49536
39676
44580
12941
21740
49970
54828
74938
60152
26817
48500
30396
74376
79960
29908
81795
29466
57076
21139
42447
4908
12647
67044
11418
46291
1386
53380
47510
18953
31948
72897
51251
76675
8881
81051
69546
39919
31997
45556
58466
57855
19937
6953
14851
73850
72710
16990
82218
45821
67344
81777
16236
38033
57452
37039
75565
17113
30649
48154
81195
26132
76080
73720
41756
45404
50805
73245
52243
21391
26440
25965
78042
58434
72515
56158
12199
55602
65738
1739
64667
20415
40686
41980
18749
17818
18782
70164
18676
82546
10488
57554
57210
65440
32289
72481
74379
74895
60644
7633
69733
78766
25373
37768
15863
28268
24714
22287
75441
30805
54243
54521
76641
61315
47991
66551
20617
40216
18085
33400
51103
10907
11822
78212
39601
74547
70392
45462
50852
22707
71964
79250
52018
27089
81046
39523
11760
51914
8003
30318
26701
13767
74204
76366
14085
13556
20211
66937
35571
13279
69889
1884
10840
75252
9807
46512
61133
24890
5205
67012
35910
68182
74602
79388
39105
41146
33715
73934
47596
27562
66861
29522
42253
41388
3321
74808
41628
50844
8858
79245
19316
40056
73150
2304
41085
7893
74554
44221
29973
26575
79093
40641
4718
37226
362
4002
61512
69089
41043
3436
9659
34018
6520
26287
52484
41330
42766
20967
80908
51683
11452
29398
79424
73166
47733
47612
48005
69714
80064
3855
10021
33734
54381
19380
31960
21070
70746
15731
50811
80075
6963
3345
78672
54771
21564
17583
56029
5894
78058
22005
46870
31674
45230
58190
35340
65038
30909
14254
19507
52358
12528
1930
7332
63829
47379
64189
41781
28158
38398
50299
54721
49295
74791
2262
81694
7480
66452
55957
68103
17797
856
6338
14827
4283
32488
46554
18221
61633
24120
74432
30521
60492
42311
70689
15027
51558
24575
62937
69492
31769
61081
55692
3355
63314
60843
40928
13309
20707
22416
22775
2579
145
15885
50178
81708
20495
78252
76277
73730
41489
61052
47318
73632
13843
18109
80903
70080
36951
59251
29922
68221
10986
37489
80433
71290
76822
7590
79666
2933
62963
31546
64309
48597
35548
73809
1917
27006
41051
21404
19425
64066
33980
75340
16952
6306
54519
36640
55609
73863
48283
47565
21300
23255
37991
5354
63960
27929
71761
29673
2965
74919
43446
60127
29696
10313
32731
12286
15294
71373
16862
26225
59319
27890
10392
57930
15041
12334
43324
54550
18956
4958
55579
69923
50630
44087
30476
37642
43500
20726
71499
28512
16971
17369
9323
71259
11133
28103
33083
23997
9796
64843
25881
66960
64917
35505
42659
49788
41474
77299
51105
40948
21816
34374
64211
20233
12925
16081
68167
68707
38770
15782
69559
12829
38367
26106
60802
36668
13156
44120
64250
53680
76314
14463
13831
26234
42137
70376
31419
2491
28365
52052
26389
51742
23873
66585
44870
60257
18068
78545
13592
77413
17837
55427
19962
29951
44975
59008
26418
9888
27806
9589
71658
70721
27666
12910
77453
1874
67819
59566
56810
62512
72310
60476
68558
81378
23025
4126
5015
42031
9805
54154
81151
33424
2592
82388
67903
8183
933
47919
48016
55874
43622
13295
77311
23336
46944
75300
7806
56654
14669
73248
72643
40964
61258
13071
76257
38917
10445
72612
72874
33376
71556
34428
59546
32978
21585
48481
9568
65754
30124
5534
82478
32798
6084
19684
21927
63098
49637
64721
79318
59706
32788
17057
3952
6551
79258
48810
41894
55987
26631
56584
46236
20816
27915
22671
43638
54112
36427
9736
45930
45526
49236
66653
55839
66762
77881
29559
66382
30149
77979
51853
39766
56777
70641
79131
65657
35788
967
81695
74452
41960
55685
18379
35413
18005
77260
36003
32409
1533
40994
80996
62482
75471
56400
48115
28397
8421
19034
2086
72898
10254
77316
10046
78369
69194
47547
32026
53014
28341
79107
79910
73036
1808
57789
35663
15204
78780
77984
74951
13377
49695
49457
63075
39982
50669
67527
16383
66870
35613
63737
2014
646
44656
76735
11345
11024
8789
9743
33888
164
27370
36660
44750
71733
44091
72652
2812
49360
5108
75231
4242
59666
75691
8988
47717
36765
72869
8957
4264
14746
33176
13504
34804
71148
51276
47109
77817
57913
1679
69122
9741
33256
30005
5852
17647
11154
82558
53705
45365
71842
15758
9966
23761
29892
14189
75482
37520
38654
63575
3824
80899
74437
11490
44358
58957
23839
23861
29701
78581
131
2749
68047
74248
43490
69389
19836
51169
55457
3486
82446
74217
58424
58740
66705
78161
81421
73851
55228
13950
57548
36879
14733
15612
78090
59621
59375
73749
7498
43094
42197
31192
24512
3980
80625
41978
62778
455
65673
42796
61688
72409
19000
3986
76158
73737
75895
32522
35110
51730
45458
1246
58195
81593
34820
6153
53437
50258
74765
25349
8325
12246
38868
66882
66179
35650
65725
7621
75041
39733
61166
58821
22131
45976
80667
5191
82603
69932
58789
60614
16215
14151
25634
11097
54088
7662
605
50377
50265
57542
47684
53199
24912
71667
50039
74958
13079
69958
28165
72700
67885
37163
75173
34751
49151
55358
62762
1801
78804
32579
54558
32518
82616
69939
73489
67649
82577
46991
18060
48687
41175
22633
48070
3710
17618
32447
58607
71616
55660
57949
66342
60668
49490
16341
31444
13789
56941
7573
9555
61281
12191
61902
40541
26116
42726
65611
69460
10719
8848
68982
13477
76769
15009
67980
63246
12789
71143
81610
5374
48582
36569
3386
66349
65302
52190
59537
40042
73745
63980
68688
43828
44785
66018
35394
67823
35085
12872
33130
45768
28629
66483
79280
73673
46545
17467
69337
44239
51125
35160
11339
56766
31395
56474
74198
72289
39403
62436
28492
2925
14166
70957
57702
32467
52258
24122
7501
68773
21766
4699
11441
35221
54249
23200
13394
61798
58389
80211
15107
62815
80494
56464
81877
51545
34332
69002
1109
32799
67591
65220
15544
42782
74307
71752
65087
2077
20274
80817
1602
6541
28881
74486
3646
67914
73335
67664
73137
68555
36832
2010
50558
48269
7352
66988
15736
66535
49258
21813
60852
69198
70794
53581
67428
54437
36206
57342
75911
75152
80133
75840
51611
71080
40138
22456
64138
79040
12614
5879
10681
51482
50547
11367
80624
24403
34698
22824
61750
60420
71463
4969
68633
61298
19712
2753
65317
71820
58402
21837
57922
47557
52507
81544
71650
73213
71352
35176
37101
27281
23464
3464
1961
33807
15765
45297
22063
9367
49501
45944
59044
73672
70892
26301
3807
11972
74966
51948
37444
82109
17261
2943
13139
76994
69280
385
3159
10926
36990
74997
18003
20852
39897
50553
36669
10279
60233
33454
30579
40849
8450
51712
13707
30701
50680
76653
42453
2125
47588
4893
29451
1379
8185
34179
13813
64364
43899
27766
11247
43768
25231
25036
13771
71835
47265
23136
25047
3590
51141
18354
5499
66947
99
10297
27314
8641
13751
81984
23554
64304
73603
64788
7256
5414
51525
27995
51240
54586
43097
11846
12282
59483
44680
2184
70857
54520
80780
26735
5453
9219
2462
60871
59067
11425
68322
46820
42273
52668
33883
65088
62954
8560
66325
16690
10497
24440
15056
65178
20918
55437
5200
32797
68187
60204
67136
51635
58672
41197
35028
10052
15426
67459
66994
26446
77601
67208
61812
41653
47193
23258
44302
65664
10194
67636
25738
69249
25276
57035
37037
19184
7879
65932
69741
53310
30767
593
31606
55227
9412
23321
60467
50382
57437
74523
71420
71707
54406
75689
64119
48405
15900
41105
12506
49428
59677
35508
3369
33553
47409
51894
75
77868
54908
45146
65917
56417
61837
26098
25749
74590
3892
70526
16527
76294
75396
69599
2233
17694
22240
64822
51670
21101
55777
70550
40840
37407
61768
79927
49054
34324
51147
68998
77136
65002
71606
38501
18510
70467
4642
43475
53614
19625
8903
47839
2157
2311
20041
64086
71546
74442
17532
66563
7109
39634
52435
56938
80601
81455
14865
68409
17257
16941
4193
12499
44608
58860
5930
63418
38444
41360
77655
9181
70419
38175
10899
10536
40272
61157
7429
79708
22959
81484
81008
31941
80751
38363
71128
65330
75580
6274
72003
7040
65471
21318
7121
2415
64218
15561
37599
61028
76122
23504
8401
20654
40157
30022
48865
59949
41621
10378
54644
48301
48376
28082
37017
34514
63785
72325
77678
71215
32611
52281
12205
6180
28842
71776
12454
47846
74722
49017
12036
17735
66261
61453
60816
6487
33244
73762
77237
50387
71561
72733
16518
45737
2035
57464
37310
34743
22643
33168
78060
4595
27751
38226
29576
17452
74583
30215
45451
7212
6534
50055
71856
38691
57479
74800
69415
75804
60081
7818
723
31640
10537
73657
55642
64505
63213
31722
57230
4067
62740
17388
36963
3183
7790
49049
37529
63855
25719
67847
50936
26543
30423
49097
32203
34088
74916
37233
69142
48224
33503
57828
48822
48332
48444
64925
60612
5750
48084
12879
33835
73176
47314
4468
69036
65042
28924
24452
73609
66042
37886
17139
62913
41207
69487
21891
19328
64040
30050
71387
12406
55972
2350
66437
23309
36930
38725
14929
24155
47549
16534
7507
4930
79623
75267
59328
64941
46327
60742
3323
77359
58286
66302
60098
11923
7092
70014
65368
19889
67937
9573
34648
74210
63679
46121
53499
14977
19733
56373
63178
77649
75445
12324
56927
60505
4749
64147
42110
66169
35841
20786
72151
43211
78024
21012
67471
16315
67035
17225
72871
4072
30592
1253
47344
60147
12018
56527
29424
10670
4387
56753
57068
15667
63230
16281
68337
71268
77563
78597
69806
16305
63265
42753
180
9322
21368
50027
63959
47032
75157
37194
80168
41315
3722
78145
50019
56865
35945
44484
35615
69015
64194
77454
8931
68277
76524
76440
31441
5864
63387
32860
73712
72264
79303
21987
30724
38180
76724
73552
73985
25314
2807
1532
38631
68371
10105
42423
73587
62644
20646
38406
17175
80854
5026
28760
57510
16337
9360
53317
9543
11145
65281
76740
7525
27610
18919
45199
3079
61862
66296
45898
28602
53866
7450
77934
7706
77586
50024
68733
8498
69296
22917
22930
69441
47073
27108
82425
52735
51985
60262
36398
54158
752
6870
51476
14774
23281
26847
46884
30863
81142
25009
63710
45269
26562
12432
6375
1912
31987
13752
75050
55832
32461
50953
47352
4010
63348
56347
68309
5728
14571
80523
73042
69697
16393
20325
8251
23716
62049
24296
45622
63709
49688
2118
38792
52995
6790
6808
47832
81920
31259
77998
2644
29566
34620
75320
29130
30373
77792
28649
42572
69263
24701
38902
20639
52730
8241
74914
12137
18807
8278
26442
13288
25785
29717
11613
56260
9108
1043
37760
37334
17672
71623
75729
877
68565
21247
32465
28454
56378
70662
18433
16409
56500
35319
18376
29125
9588
18997
623
51961
59224
5901
58891
1
71159
62359
8135
7034
61993
36325
61584
63852
61883
1612
48024
15462
38765
33365
49001
38450
26376
20712
66273
16786
77889
62082
64230
66255
35093
60519
22804
12524
50969
58134
38514
68726
81036
22091
22535
6776
40010
66024
44859
47964
29162
27900
43105
59759
41907
73710
15574
62786
50150
31207
57645
3340
22359
55700
24314
67449
59686
22600
43156
81224
53145
81456
41091
77685
67852
15708
11059
49077
75703
79325
80948
66847
60515
36388
23490
56617
33250
37843
59798
19181
46357
71314
82511
76217
38259
48454
3746
62233
82156
19979
12099
71108
21293
8648
48744
53831
61670
1830
12570
55560
46936
68301
56488
69709
62418
26174
30363
80521
71680
44009
42846
78441
8872
37479
42102
56217
6163
23726
75658
58301
72561
80527
22477
42383
36439
30375
63402
44142
39718
75990
9377
4627
54361
23785
51201
76354
58558
38818
65176
9502
75816
35679
72940
11697
28250
12239
14271
4014
27648
70383
2880
11278
40914
40526
43179
48559
74181
25412
74080
61423
21671
81553
37399
70155
64232
7696
73995
77051
72244
38354
46339
73975
21347
62204
8352
23492
73432
32642
45939
34478
46565
10075
9384
23951
77072
79077
55945
63876
82673
37302
48664
68504
14713
70492
7612
1854
19589
64288
31283
76844
35023
23102
42267
51836
71849
20334
35676
14438
36700
58302
36483
64807
24415
53425
49176
38325
39090
21653
63908
58713
10311
52658
62924
46058
12550
8657
8826
59998
36971
52959
3786
66608
65102
14197
58511
80094
73799
1551
7838
14482
31658
3152
6283
3287
37296
34057
82053
77784
46055
80098
15440
34221
67098
42039
10383
28044
38704
53060
67051
31129
64382
46305
58604
64565
45292
24524
64562
62689
15903
375
23007
65305
32682
61433
25203
56090
45893
69257
8705
24057
29023
34529
11656
12351
59434
42695
37035
54102
51448
45663
72531
9116
60305
12525
56227
8233
446
26550
18010
64266
49918
5345
48934
10371
74854
54440
36162
73068
30645
53036
10984
6481
21268
3394
20719
27296
63508
26840
23684
44843
14660
21088
76249
24533
56667
72621
7338
15291
47364
32603
44849
36893
39726
23041
3444
56798
61960
79602
80525
472
36083
34991
27740
36199
14302
69658
28070
53326
80084
82192
5686
15036
52028
46891
74620
71041
26965
49827
68183
76058
8417
13759
57231
482
71897
32393
76173
44388
52884
18848
41261
39271
52226
28712
16798
36877
8582
52231
11596
76380
41856
64595
8116
55909
6890
50909
32402
20846
21932
47875
53815
22468
15614
46402
60694
56768
25193
72341
43086
42666
17230
1788
57715
39308
24613
29415
65782
55705
22946
384
81205
76923
32994
6383
33149
31202
31425
71393
52527
651
39005
59137
23495
47415
587
41709
24343
79825
48080
70991
77253
61615
27385
30165
35445
64790
19581
45602
18739
328
42134
73616
41774
58272
52045
1624
25023
50281
58637
73430
28638
10097
35370
11977
79273
79301
66111
68225
36516
18724
62588
38023
25158
35231
78949
38601
17832
65821
36489
52951
27488
21698
21376
52851
69227
27146
43406
54652
11999
42544
71350
58089
3732
70181
26142
3628
75648
7326
58138
41203
76420
57118
37075
62174
62113
28272
9083
81027
72961
11509
65708
747
72992
19341
27690
46272
67415
33419
70533
10347
3069
48758
65277
44067
55477
47962
57279
69914
29142
12360
32239
74520
82164
43632
42360
68021
15048
54113
77602
11961
10186
7485
11529
4494
39952
32073
57886
77132
20931
34853
2367
74454
42505
11570
47155
55352
12448
80343
32570
35518
38530
52184
59145
5068
50644
24206
65365
55075
25140
2428
21039
14984
77732
78695
64333
19116
10193
40822
63061
63454
51489
71246
48992
18267
844
69356
61097
48066
27767
13595
53843
3359
26069
68923
75077
20479
60862
72147
42361
56806
42082
67308
79148
45956
77613
51431
40060
78591
58131
71454
75370
47213
30442
71789
796
2195
72539
40793
62162
9093
60053
62329
40900
24357
47811
78988
30100
51165
11911
44797
20216
48451
30448
30267
45844
79714
24778
58250
40213
75610
77266
69028
74016
48507
56071
57661
57669
27223
58048
28087
46585
47083
33000
56145
54580
7797
61522
65447
10485
44024
66922
17240
15124
6200
51192
69341
34503
38594
81518
33817
25523
51349
27072
37352
15076
29792
57900
68962
76953
11729
76031
71122
33414
9992
34272
1057
40984
29839
6742
67255
34173
53586
15387
32079
35189
69321
35100
16749
72637
65210
63768
10913
14908
686
21557
24869
82406
19430
15216
48694
64305
15419
33225
4458
69823
81240
6853
6148
48336
72536
2067
63779
16323
71098
45288
79527
69478
54589
11551
48728
47673
27174
78429
54785
64549
18515
41131
61653
5581
33748
9232
30458
69917
4371
73120
323
52049
52451
51884
43739
64578
55131
12534
16108
40489
66431
67501
2713
2331
63880
43212
28167
82105
10761
11286
9098
33605
66479
30585
40108
7270
63870
54366
69304
55229
50659
24644
21552
80937
68956
79894
74159
29622
76574
63412
13042
28216
78191
670
50860
14639
4683
73438
11030
63817
54478
34896
76902
50084
18168
38968
25099
10784
46702
47231
60114
27283
3128
47856
53749
65313
45781
40531
8937
19456
81949
40662
22337
41230
394
11023
11941
10867
66079
72471
81910
61685
18525
69591
38248
61031
82650
57844
6233
6806
53165
5006
10961
55469
8476
74193
59037
1337
20066
20980
40524
74471
62869
43479
52646
55445
32557
43647
54991
56328
34357
66200
77982
81980
290
41969
41239
53703
45191
35603
75983
72059
29268
79661
67740
35465
71779
73421
19830
45515
43483
2629
62798
68417
42417
62551
57979
5130
77205
15242
45642
695
61679
62635
48751
23065
4339
32401
72670
42670
64882
52339
63114
50594
69841
43161
35626
13344
6929
12967
33850
34838
68294
52943
42938
53440
31090
2669
70477
78201
11223
51941
15320
20031
14963
47310
5177
56554
67530
80233
20851
69533
48537
32516
79076
80412
64759
23532
27593
71062
50615
66522
19061
45447
35730
23171
60411
56208
64944
61449
19376
66235
61440
61431
62971
44078
68924
21284
68455
27479
30612
66680
73025
70807
915
44423
57123
78427
70307
66510
67671
46411
56852
3816
73451
23539
14404
30072
45541
75079
45357
17968
71183
63137
70086
5868
31055
14063
21832
21521
60616
76048
38329
43376
5989
29514
64908
36035
12152
45971
34872
31158
71012
3112
12895
57018
27098
49219
78805
49932
12944
52036
78637
69832
52422
21712
35918
59715
37155
63731
37046
60699
11784
13111
37255
58191
36252
66289
12905
6610
13525
2326
65706
22831
60285
75584
71470
72033
31509
58356
11225
9472
47092
38667
36074
66191
74784
25426
45520
6374
6020
67661
21854
57620
52985
64022
64781
82593
14327
60046
33591
59118
62153
19356
73480
73097
9903
35126
19042
13195
47196
25151
81458
25187
52558
61140
28937
79209
71774
4751
66732
60736
63258
74942
26522
54630
9227
19364
67130
29939
45518
60032
75856
37724
78859
5656
37414
48964
9038
78210
3563
9267
59807
38251
22124
60251
60546
27298
41661
70274
57596
22796
27073
56535
37645
52315
27011
28592
31615
31588
58926
46829
297
7601
66089
63664
62831
74275
6074
70989
78626
31113
22478
66908
53220
59803
22982
18207
10994
22201
39984
55857
58237
1080
5498
52084
58484
66825
24081
15621
53640
41811
2271
82025
79957
13133
72885
79866
9532
22170
35616
38224
66300
32597
24500
25215
69854
67947
81231
13244
18980
49418
35069
31173
60158
11743
44334
79731
68798
29421
23805
64919
16435
81172
33692
50609
31534
72115
65231
15044
50994
39084
80248
35360
18621
19374
76988
18448
6489
67902
1845
37563
61294
58031
15237
58366
73548
25574
34887
52886
53300
22049
5561
23916
17894
78984
62032
79754
68759
42927
67272
53867
8927
37739
3063
10845
27526
3190
81725
15455
4667
21689
70782
41606
7642
36225
12563
66199
8606
12814
52488
61269
57818
53551
80259
9497
54305
1717
63995
77011
7445
2735
50946
8610
28948
69284
72935
67092
22237
71745
35009
21823
48339
21484
81476
60520
27796
46794
37862
4300
58974
48233
66623
26112
13107
34934
21845
73794
79195
79203
69330
43079
65387
24103
40726
77422
36881
33218
27028
66215
64532
4676
61484
10450
77981
43044
13912
3352
53874
43369
60193
15890
54838
78260
72848
9262
25539
9350
41526
58931
76759
40532
66716
50884
38197
17400
72080
3091
72783
21748
69721
22112
72375
51104
49395
37001
17244
31017
54962
5428
72578
13848
78850
77988
41451
19627
45986
72554
62157
27494
68202
31201
28007
60676
15183
15590
37453
40670
38428
37731
55168
16680
226
69558
20080
25115
29649
52844
39146
23190
66327
65864
23142
42579
23293
7374
42651
73001
27598
9986
685
17018
65691
9680
37391
61478
17977
65379
4669
41259
55190
9272
49377
49268
80987
69511
1921
77122
47451
70005
18494
24630
35952
69945
10333
55730
53282
62128
70439
11603
3178
41741
43691
33385
14012
62542
36234
64493
62818
315
35787
45245
41096
51451
70345
23346
39569
36836
39851
28736
18214
45132
61978
75866
74697
35143
56426
31865
41479
30794
3674
67313
34136
60077
66739
2654
58764
69698
58976
13649
69671
7957
70510
44539
30087
70659
32241
31709
3581
80777
7628
59603
77441
4134
4087
25163
80838
20988
38891
37014
46999
55206
74512
13186
71860
26341
2676
29599
19391
50823
2688
62657
5880
64322
80837
21196
47801
52994
5319
4258
417
55867
78466
37884
48330
3285
60482
26491
59064
37585
3976
28266
27199
19640
45996
4291
16357
49528
67241
25633
49330
5586
31216
7003
77247
77832
14294
48006
10506
31830
35187
1674
37170
16032
59311
62216
16177
70442
42297
53129
42374
18905
31120
23864
79948
821
74905
33330
58846
52795
46013
34298
48955
50893
21129
1919
6860
35482
12763
49336
35933
22817
13144
74637
18305
41793
80974
26609
51929
46437
72928
66726
14010
74405
29375
47721
65136
30167
60451
65029
34177
14332
6614
57377
73014
44152
27047
60419
26083
28835
70199
70370
15929
11033
49962
19548
61106
20806
67540
61480
79042
42477
68375
35058
4656
15690
7248
6478
62270
30693
20571
10289
15999
47764
76022
47508
11179
55028
23657
41583
50128
32531
62319
26108
15142
4362
68078
17123
42107
27982
45423
16426
2767
62497
62302
28680
73681
34858
52748
67934
66503
69195
2538
43545
16902
30278
38778
1944
80794
60131
42631
56314
1651
62638
68472
35753
22848
78414
53537
46433
78669
45347
68610
67186
26340
66835
3046
18186
71300
69219
30670
46950
12266
48022
55127
16645
43749
58638
45481
68135
57310
29890
45563
71415
34028
55852
51715
7430
65603
2911
41063
56263
51313
43922
55657
35870
15626
77894
74705
24861
75139
67960
23816
61537
14222
55112
18985
24959
82076
7165
43965
76880
25956
58880
81897
5714
36810
53137
40194
62427
75021
63464
28053
59918
40855
67990
79614
81162
2141
35641
57306
14637
53770
8922
62141
52115
45031
66761
55395
82119
64301
5160
65639
28357
31150
24740
4710
15967
71417
28201
74356
25386
5735
18534
53045
1720
44259
55940
81006
54132
77093
19401
33784
664
44924
11347
8276
75897
60677
25033
45156
34023
27546
67157
33368
79219
34144
45966
17167
73792
4003
62536
44638
39695
44056
51050
77498
55525
51668
50419
9043
72623
17307
37578
32825
18948
536
63624
7614
55580
10120
23048
15101
63603
59187
63648
42907
20294
82681
1307
21984
33005
54425
43778
72119
18622
67690
17805
52875
80341
45142
19719
32498
34972
31795
38244
7729
20254
3736
34306
70230
75428
70096
55005
8734
47697
20502
56477
12678
37568
62871
25983
71405
64417
53796
32368
36419
34754
44962
53244
19161
81701
63000
81970
6407
79929
26366
17028
11368
57258
81266
5941
37735
22988
67582
3514
14654
37839
48841
63834
24279
33456
22954
37358
60950
71282
1706
21434
4322
1265
44937
65622
81763
1744
39094
58268
42524
41764
30287
19617
45626
29481
21171
73383
16333
14544
27842
68892
21079
70093
44412
8161
39921
19661
64056
72226
8215
26201
38039
63807
47887
30660
22135
41601
22293
32937
78205
70417
9255
4815
37551
20536
71920
40139
59895
40573
31597
27913
2987
54038
20183
20445
25370
81939
7679
66577
33926
25178
41149
60757
50342
1891
47068
28338
47575
4831
59063
56484
20173
66413
78457
80829
81924
17522
40754
6088
7370
81770
66736
22285
24416
51037
43012
35953
15773
81345
826
17128
80323
19196
911
61090
31199
26790
3240
48127
54115
69690
63469
33698
63482
41626
58595
13447
76063
21448
57470
17206
30185
65254
66979
4419
68940
20201
74715
56626
7263
41702
22350
72076
57486
75842
34341
41925
51415
25488
70207
39537
28004
45114
30614
7582
57522
67200
20901
22041
9863
41619
81222
54400
9544
74507
31378
6038
81668
39493
32228
70760
27055
37469
54738
23711
39396
37776
34124
31257
68325
6690
47338
25648
15980
39097
73207
14417
59657
42175
67765
29990
60444
59198
37608
67154
79256
11264
73114
67763
26739
58548
33634
25531
63614
11519
65773
28564
42734
22027
42226
43027
46414
5621
81914
32039
8474
66948
64111
58742
49662
34352
78182
1592
59625
68027
958
45221
10773
38526
42638
68353
6658
64227
68545
39814
23360
54928
16520
26136
68445
14046
49591
42871
50233
8083
48429
41547
76325
27868
16917
25266
30203
64658
16662
61596
54812
79072
53716
39968
42711
77801
59473
59015
53249
65649
9631
2283
68360
62564
24184
27952
77814
13003
35775
2160
79306
5496
45544
64553
30936
73339
56681
39747
14750
21863
40831
51674
65469
21217
7493
4792
56146
77376
44247
29389
4573
64924
19766
61021
37840
63337
52958
68993
5424
14839
23582
82326
26481
58676
54511
45485
27640
1019
23012
29487
7129
42598
33990
44561
38794
7114
51502
13869
46786
59512
12923
36178
30889
29370
29640
80264
12262
11220
70735
52391
32990
82328
39861
8
57134
6967
18936
40700
39924
55640
34288
1194
41234
64707
9448
19336
39849
52273
36776
74256
52577
66893
23396
56593
10671
79422
15473
81307
33535
437
57590
2956
47273
54970
34235
32187
54947
76591
19554
18398
35992
4107
81410
23446
59475
69097
26503
40034
24137
68287
54792
5020
62060
46508
8578
75001
59144
8374
69867
64465
30276
57565
11731
11768
62735
34776
41714
55634
57521
44670
65844
11555
41501
23398
6704
55242
77806
19535
71052
75681
68592
13085
41545
75223
54809
11000
11631
2257
69401
7921
15876
33437
62327
54636
69120
60118
33887
76697
17458
9016
32382
19703
14366
27747
55930
23161
22178
24651
80696
4220
45321
64526
62137
10983
64535
7013
23626
53288
35779
13629
5551
38587
42143
35520
71516
82083
62146
43458
30546
46174
81107
35796
61504
13923
65564
44804
21481
22622
29651
25622
9021
5352
12784
81168
79977
54737
39341
61929
4873
48341
49192
8660
36730
58076
73819
65167
49985
602
79959
5199
42499
633
11774
13657
72385
60242
64690
23430
5133
66070
26111
792
80032
77727
8165
5674
24975
65507
68299
53354
27430
58850
75509
46201
40
64637
19652
66955
24785
41675
9284
60832
73390
42503
32358
30993
27974
68010
14582
74047
7404
10195
82261
30257
17857
7099
38974
12126
17300
44725
6433
65094
44386
38719
81735
42746
68703
11587
18002
24650
3228
63554
13604
45833
30395
76689
7091
61111
40475
13310
4144
19862
75201
17335
63770
56034
73503
30530
45023
3118
23894
76428
15715
55811
54856
58158
70756
40099
23066
65078
8792
50483
81640
55676
12844
907
47418
34252
7963
58094
37422
34517
73292
64870
72547
81136
27572
12981
25509
52606
67787
71154
667
2683
45716
9828
53200
82090
78888
54049
7617
70350
41845
41447
65120
29469
57723
7142
77857
11469
35397
63119
73127
17997
351
39624
32697
25448
56271
9403
1421
45152
36377
34071
9653
63101
56322
9202
24333
43786
47792
3333
44197
40344
72892
45091
34115
34730
18843
48197
58829
55486
26580
42429
54950
26078
36850
73641
16718
30886
51536
70156
66493
48654
35372
67864
79378
64392
77754
61757
32996
20047
5530
49468
41810
43617
48517
63111
1308
53673
1373
71948
65306
3167
32423
59587
15786
15136
21095
63931
48366
40974
41608
21715
47162
17274
29752
58910
6430
28328
58446
53072
17630
74855
78640
28669
44402
66984
27777
25728
65172
23922
48513
72097
28009
76575
1096
54320
38288
15766
56233
34344
47868
82276
62026
8269
76895
12208
78178
36760
57124
41562
74767
14947
21319
39381
80353
71355
61267
74647
22840
78102
4175
34666
57100
38570
54752
53997
53601
909
20527
77824
44929
20295
13224
42235
24025
72834
11006
9483
71926
21969
34562
12316
46557
54536
42704
82061
5472
22229
38847
24163
48653
26554
11185
18245
23930
25603
32808
57401
23096
24248
20341
5088
846
19472
22072
37602
68020
79604
59940
17569
14939
72522
73870
8665
1234
64334
27374
38349
2444
6766
29015
75183
33790
35923
56704
28927
40803
73925
32766
40581
19094
48709
61565
52586
52780
1284
33572
48486
29435
46122
56060
72712
62402
12997
39102
4844
22555
805
77781
60581
31622
41597
4767
68525
20844
3202
77151
23938
46376
24396
77620
21582
33758
13710
67329
20938
72162
36168
7000
52297
29845
992
50184
30345
801
47017
66731
72011
48208
56955
82146
50192
53631
61829
75946
6569
31944
73358
76037
67867
14627
64422
36655
38561
37510
3493
50029
66796
77456
38892
34108
57335
40146
31706
74823
65994
21443
74035
66876
12737
62805
31087
7196
58798
54978
50489
28511
24507
64654
53924
78080
70985
36618
46258
26124
51969
63055
44828
71661
48105
35672
38681
64294
11190
11815
552
69373
1008
1816
29283
54894
80471
49599
74976
31487
63925
54489
82336
31950
77496
11733
76998
58346
15536
42717
56802
79454
74147
70548
79798
33677
63162
15606
41829
48273
14188
20429
67517
61844
12802
27601
62274
20095
36473
41751
44775
3771
9991
38297
72571
5170
19583
63059
65830
28993
30192
5208
71152
70412
80358
61885
67748
78608
81091
41536
65127
62198
8889
11427
18314
28152
15499
24705
81495
35449
35486
1734
33507
41337
50509
57679
8514
23597
54164
31818
7773
64267
78320
59988
49661
49954
7728
47222
38081
24855
7674
46676
80986
1748
44434
67716
16549
60225
39251
18696
33964
69747
46208
62095
70699
74787
77838
78974
64586
33056
12749
38812
56229
14957
39386
26454
2556
5605
14740
63937
9508
6137
64293
30093
10742
41383
703
5451
79532
44300
25108
23622
22503
69101
49808
15676
80559
9916
17501
14361
15256
26191
66600
82691
11711
74810
25459
13487
56762
13331
32151
35611
61783
47277
48387
27044
77474
44343
57986
41691
72862
32408
76041
40595
57467
45160
15745
56576
60598
13084
19998
8195
67422
9564
67055
15368
61042
42283
14500
17969
3256
63842
3747
5806
71483
1103
78449
48240
48108
7709
46175
23108
7362
21976
30681
1413
66630
59642
45059
4658
79573
65523
52121
34999
80729
16903
31945
33395
59806
11244
25190
7864
4393
63033
10146
8869
54572
42783
3304
33159
11193
59075
8192
81902
72840
16022
75750
49061
77578
71235
57902
29759
17076
70151
62650
81317
53899
31176
65801
37218
22539
53393
81681
28226
37560
17149
38131
57147
67920
80016
63284
73855
39421
64373
33287
56981
55440
22264
17664
55423
20559
40562
24881
16373
40814
36784
37913
65427
34404
38942
70651
25988
80715
72976
42352
8386
19276
64241
64813
2134
20022
81256
9723
17541
57992
45714
8295
82591
69884
64133
43580
19755
64096
10267
27177
44183
2456
59722
72849
16244
80636
8082
54179
1659
46037
78073
75928
25867
45612
54653
51551
22188
42444
12175
50064
33725
65401
19729
18817
52788
81396
24254
48395
19259
41352
3096
9849
19810
10441
7245
10244
10884
47241
28181
18847
32614
65592
77907
72951
29151
63776
1497
1993
6012
43687
68933
69295
77766
59364
18753
39874
60070
49008
28936
51359
45579
33364
27651
63378
31382
26895
22860
39357
28645
60796
21503
68935
21329
12118
80165
18929
57742
80642
10542
29723
82344
3925
9104
79786
38960
47939
63196
28532
31379
36502
60330
28383
18016
31271
74812
40498
15965
74030
12757
16486
82563
49065
67179
36462
28233
82386
60026
8587
21938
61635
36458
75284
54199
24318
55903
53435
3553
50376
22092
10826
78008
34458
4062
4923
42468
12706
33770
52298
64437
54712
72181
38549
61896
57198
44965
76005
44682
56994
2377
61871
39705
22377
57242
51115
54144
52569
56990
56601
75271
66559
42479
55854
22439
8724
61944
67723
49753
23522
18989
53126
37800
64833
5195
48427
31904
8365
17912
30605
31558
47583
44204
18858
15347
28206
58313
660
16020
69724
46039
73223
13994
15281
73179
81819
55411
43000
13419
31749
29318
46910
14293
8407
40308
62483
64689
79026
30224
61216
58994
15344
4486
53453
61240
45887
4453
11115
36944
38069
56032
81975
54214
13641
21466
10133
44220
12632
28128
64483
12975
65951
23707
19240
66096
46363
8265
31889
36781
82351
71952
20160
24964
45881
57058
20225
34002
82316
57161
39829
53615
42971
42949
36820
7154
36065
51650
51906
8152
13942
45918
18730
64899
6731
29998
62995
21063
21999
10126
65061
6977
76871
29313
31197
26598
67910
41353
50442
17983
26564
3002
39858
5476
57966
21218
80767
28368
52868
75938
34599
73289
7012
59693
28402
1688
564
6250
68395
10135
254
52426
63755
59181
17443
77913
1591
52859
63152
56957
42793
12491
13142
26471
60323
13164
33247
12521
8910
9063
57078
6347
34835
59281
23206
69392
28487
11170
69979
4708
20359
13400
28751
46739
49135
67155
24927
39303
42229
41336
28850
5649
25416
11262
74041
82124
71596
522
30114
72661
2889
1579
11393
44521
81435
55102
33453
69514
4777
31168
71231
20124
31741
78321
14584
12395
60426
35732
73361
8138
3582
46746
74190
48622
65249
31803
75129
29590
5044
80801
71740
22663
22579
64160
55968
43295
80224
71182
62002
12471
42932
36262
60783
41546
72403
46924
35201
43620
63971
18976
66584
3512
72868
60654
215
36627
3761
69000
65186
82042
61819
31349
71933
55749
76751
25331
26243
45486
27961
24310
98
21382
7743
55016
49738
44291
4704
47749
45775
74317
5842
62634
30472
41128
62566
41564
6068
13948
20915
1189
4314
82456
48727
64608
17265
47631
11008
46478
37765
37151
47983
18908
75488
80292
79235
2406
27446
63700
74134
13781
611
77386
17080
18698
45570
47356
21962
62012
61370
53763
54266
21228
32170
24862
2620
36081
21894
31516
30234
30959
25995
44916
39263
27459
61474
16454
60839
36444
37740
73923
58654
43909
80155
49095
20594
61631
58851
46903
18342
20084
35086
59265
20587
2480
59522
21662
39910
63773
54066
74551
58848
18614
2009
50030
37713
9494
31654
42004
77287
3964
65285
1597
47948
13057
13678
21408
6221
23947
67278
27750
7570
661
54153
15034
72859
42743
58542
9740
61724
32212
8979
70074
73012
54544
15647
8043
55239
12718
18309
508
13384
21155
2872
3910
61014
73744
68303
56242
64310
11920
23119
26827
10561
42290
45208
55656
74070
43255
9486
36740
39312
21413
77035
21751
24986
48737
29726
45101
37929
42359
48493
63030
39616
49383
6941
61854
14748
39795
35557
15734
45322
29326
977
67923
16090
73300
15393
57048
30508
57780
21888
59412
50315
11896
38978
29530
56837
35213
24214
64687
7763
79463
52266
1232
58830
2898
77634
25083
1225
77968
67078
40685
80964
42521
27633
57097
20701
3206
56648
80724
48463
41566
48072
20767
19293
32206
23445
73752
35046
26915
27057
81492
39074
29093
46670
49287
66127
32063
17378
76340
4951
75119
82404
73633
79841
54253
6587
64596
65353
32827
23515
5083
24875
79375
34437
41271
33309
63356
36105
50226
59750
58330
7441
74505
10328
22328
71371
77687
64516
10201
54092
13936
69234
64932
34859
12603
48388
64326
12809
77871
52593
15067
65905
40648
63068
3158
59717
57950
39503
72461
10252
68704
38247
80104
14084
5813
22462
32442
70840
18184
33907
49128
25322
50121
25413
17016
78933
833
28287
42385
70613
62369
75238
55416
8207
23087
53004
60992
18876
36281
26905
60970
43439
52892
43607
75601
57814
50369
60035
21568
58503
72163
17867
989
15199
59846
21609
6820
78318
76349
59128
61490
76853
11234
23122
47145
24363
76180
67673
22152
80591
39200
36441
41249
578
38619
60911
47677
14563
4249
19089
76303
22500
19798
5277
55050
54904
29378
42287
27454
33010
15804
54823
19435
11248
65160
48611
45952
11953
41074
20010
26250
61017
34011
57689
45257
47502
55793
9372
39285
39958
37857
6329
15434
11346
55573
28982
43147
6198
23328
67263
46633
82529
33037
52581
21717
23285
47461
81235
23852
69971
77872
46460
54005
63298
15602
80178
22347
58875
46573
34607
49085
73902
81178
39371
27861
65065
3600
20843
40077
61549
55134
77507
62851
66073
18714
24642
61598
55884
52893
13783
55334
68070
35444
37243
17685
40090
49966
45372
34539
74236
31280
32550
54394
32981
36758
12775
4449
40430
60491
10467
5999
54800
44715
15233
22623
14317
28930
79804
82449
20510
46203
71638
53365
36021
8632
51736
52105
15184
76828
71340
65260
3719
38410
51416
11639
61332
25590
66241
64115
74592
43707
57057
79886
71503
23559
70671
30906
80423
80865
12767
51751
72028
50584
9511
45766
21534
63830
63442
33150
7551
24473
37055
9547
36416
53981
45922
10601
25966
10516
15371
62394
53957
55177
35415
75325
63656
38927
3141
4452
45002
9712
81305
11989
41917
47656
68091
62894
13587
51016
51523
26861
45088
25745
41184
51582
46003
59911
76233
23183
57513
6595
7186
70902
47179
29176
36329
41766
26987
34078
11706
30927
13960
34579
61695
32924
37287
72773
34316
81589
47448
35343
8109
15653
12012
51301
79066
51210
21492
19854
24019
10820
37070
55020
59059
72326
60212
36575
14591
46895
21784
76803
62645
22614
742
69769
40693
77193
40122
25222
11561
44647
29685
73827
7356
28413
44092
2869
4381
13549
66389
31404
34610
79228
25872
24876
66746
51309
3535
1562
32269
62337
26327
59350
14685
24158
39331
43277
79818
1985
61010
77668
57625
29677
69790
53043
13416
12428
25705
69967
52678
55347
60718
82399
8072
33648
26868
12838
48459
36955
55840
24689
11320
52720
1095
1162
29741
49910
44627
44293
5935
14429
300
39293
45687
56989
4505
55160
2602
19299
67783
1556
9810
17725
2557
38937
53416
24239
37474
41827
40389
32220
68725
16984
64314
73835
82437
14859
24300
26395
34906
968
56107
75572
18599
65883
51449
77412
45102
80633
60270
81062
19973
29802
56452
75759
21214
30619
54637
53331
36382
28825
50500
54925
39095
73409
77627
6228
31808
33675
46145
27159
48487
28890
38958
28691
65807
1819
65637
51979
52288
37542
21646
17303
24750
78379
62748
16187
60553
16929
52046
34750
17677
64684
68665
6638
34980
13367
60354
61711
60104
60775
65294
8100
22209
6581
72805
62056
30065
11599
65764
38117
53650
30820
26774
51089
154
52398
64319
2825
6166
61169
23169
80420
77850
44665
37006
28774
32758
62356
66662
34844
19443
16912
51772
11237
26607
14350
49593
26148
15128
42872
17472
73942
61912
19246
489
64646
21236
44926
23631
33076
33050
18259
10973
12825
49871
18763
63309
56468
20865
61759
37211
29158
18031
12404
1395
41449
48723
51009
18585
72324
14864
14133
11191
38094
56545
14791
81101
62652
25585
9762
14038
70256
75101
50097
43452
80126
35330
29955
48064
37278
32719
51330
1216
2203
62312
40127
59968
24918
56399
5961
23118
16738
70292
936
37088
13313
49394
39996
12626
35029
51290
16799
32129
2435
4225
11233
57731
63432
61155
61985
73524
57404
40958
76888
81014
9313
12215
1908
30786
58747
16873
72400
57407
2694
30555
43348
67218
24730
49875
19137
28524
34445
37715
65270
12181
45499
66466
54986
45703
24858
79119
56631
67646
27786
17623
33746
47647
51179
9772
55765
4028
6666
44766
41290
7310
41298
63090
40467
23960
44035
38846
7044
6954
18767
31434
42216
81997
56546
82144
40672
23715
22994
30502
54248
25414
30029
60726
31046
3640
54873
47119
42825
26720
8382
36536
5741
71103
41017
28038
80546
2548
38476
20818
32144
38687
30569
23482
21456
62253
66590
6307
82635
2843
5691
1863
26006
63326
58946
54447
25778
59436
71565
40523
53859
55499
37321
4755
32250
2306
25136
67976
47325
31323
28972
36871
26852
31264
15752
11311
59312
72504
2472
44045
9337
79104
26509
82615
57447
26546
53150
79506
7557
19015
6779
18777
72709
39584
43022
7477
39509
25513
43862
29686
24010
51084
14506
58988
32973
76432
81656
35383
77063
23674
1275
40382
9976
80408
32384
40262
49227
10704
21121
59579
12535
31545
50593
49155
50689
38005
48541
19073
28172
82011
4092
31634
76528
38187
62860
68494
4551
56186
32173
57280
65650
75362
47731
9825
63436
22140
67618
71905
57454
32058
14355
29009
3642
25118
53054
45069
16185
12088
9527
41438
31789
22602
45796
46158
19716
53407
47131
5756
25353
72306
72251
3478
41904
2421
38953
49644
2760
27023
56950
60622
7608
20388
71851
68359
26888
52834
46608
1280
30940
42627
71162
65152
33694
82366
9591
47008
73508
21775
23402
36724
55775
39446
43798
55746
57955
16961
80552
41275
58208
46893
67088
32304
15120
31478
53559
76358
23628
23198
73081
21005
74058
59652
30481
61581
2929
9997
2988
18134
50768
17823
16400
35310
27184
29263
10579
32463
26386
74061
74001
17134
25859
7915
12605
21678
70894
52092
28019
25066
71115
42419
25727
38645
6702
65085
13616
9114
17253
8372
16978
773
8528
55849
44094
33030
43181
81881
3884
33446
50134
22254
36553
61464
47115
40203
62473
36012
56606
73418
45172
81612
14237
20520
60563
81127
37502
23456
11273
42983
51796
25960
74288
62524
23992
1499
52225
76459
50591
16604
70975
51057
78826
13572
55018
22699
1537
23564
22491
30239
28808
56996
49032
59428
23596
71985
9896
32386
32651
47632
2225
30737
47894
50729
26063
46412
7344
14721
47182
5214
71982
17743
50792
44708
78018
31697
78507
68825
69206
8125
26939
18073
14754
21722
234
49839
19163
54957
54178
70368
60529
51840
76374
27192
6446
36451
53136
65889
48412
13216
43263
20874
41369
44327
42609
37646
66320
47237
22868
46186
77533
13903
80968
32256
77943
43134
43699
64444
73241
59129
71622
4346
63422
56655
58066
7465
19323
17043
57604
48927
61045
34692
18667
60829
46223
77878
43237
39319
73055
7937
74631
52926
58810
71050
34394
24078
71254
52070
52903
64122
37574
23152
81602
16638
19896
67756
44984
63006
42358
71814
22519
80816
452
79726
6925
54689
40026
48790
32734
3172
77840
14292
50108
78829
41405
3313
24584
267
55512
15114
17848
65927
60302
14278
2736
46020
11123
61130
60887
51640
30982
81215
4498
80332
67194
40604
13711
4190
53111
205
52007
58357
40101
40737
73141
62882
80575
41649
17084
39802
70039
761
49463
33020
54457
60809
21026
20741
46766
77964
2947
49892
77296
78655
54716
33963
50778
53812
59452
14588
81089
57302
54056
70482
42921
66308
58205
60439
32616
34383
11352
41806
76714
76015
65630
76241
27754
13622
39751
14313
46862
47522
19932
53824
17815
9837
3995
29005
9243
56891
76873
7409
68891
34206
75067
21344
30154
37875
10791
54240
27264
20106
22814
54015
41166
34638
69211
30640
23274
70462
35247
9578
8691
28745
77219
15617
64625
19794
29632
27620
10016
27412
53389
5904
15576
6882
42892
79535
18651
21512
1583
8810
57311
26666
69016
2384
61773
11408
5073
58920
72602
5100
31186
12157
80743
25436
19006
4437
7023
52151
5799
75811
33781
28093
5522
88
56465
26982
10696
44696
62595
61349
38434
61201
77947
31820
45110
73624
46594
33292
42244
3625
23590
67877
18921
11767
51658
16269
78099
60037
24226
60991
35559
75559
43784
5723
19362
35057
61121
55257
11879
19784
29551
75531
43845
47711
33707
76565
10511
41891
11448
62092
42530
47244
14587
36822
61400
9465
8676
50713
50813
19920
54596
20957
25056
62120
18594
78998
39245
56819
36361
16264
24033
37377
15951
5289
79722
625
30814
30561
81079
5539
45452
76518
36335
55305
39639
20991
11794
68575
5149
26281
3089
74234
49478
34214
77858
35196
38155
72680
35600
47
3542
70848
59419
47739
8552
66753
71827
19127
16730
26208
73485
54764
74351
5442
14439
30554
36220
925
78725
33658
68879
44146
26380
54605
6716
24113
27827
24909
48764
22975
26335
26498
80681
46641
50357
68658
19744
66287
30853
54555
21473
5766
22885
70628
26835
77215
82247
36022
42204
49431
48521
47027
33348
39169
56228
38358
42154
32764
52624
17510
49773
16863
3656
39764
7784
52257
43464
10301
46367
70189
26520
19791
13236
63187
49651
32947
8404
74422
52765
67063
55506
15391
12161
9553
64028
29032
27624
45788
43249
52564
20883
67411
65784
25890
22116
5333
12598
43679
63689
57322
14454
68274
66303
33639
71511
69909
41786
34296
48843
65769
37320
32816
14024
20540
72875
82660
278
14143
26659
80053
38263
50322
17006
13753
82383
10675
8819
41988
29066
43892
40838
82461
31908
52711
59590
21311
34647
38889
37750
9779
35306
13810
1400
17509
36679
73143
67141
29290
26758
74381
39431
24234
45802
34485
24831
30304
28929
14608
13121
67169
33408
16675
73205
47855
18282
1539
58732
37629
55902
60044
81559
61719
3716
3216
7148
11212
4012
18635
3942
75031
48316
3232
1567
23822
31451
22448
74525
39297
49857
7753
68468
64506
73876
21501
14519
48380
50645
170
30578
30823
75832
81257
72772
34810
48288
24176
45107
81338
58887
69423
14259
67225
49730
69918
68605
46117
43315
2823
5285
58091
77066
55686
47952
42230
13097
49784
357
70280
38371
71602
11719
32625
33760
17086
78747
55482
71192
16793
45473
59915
13741
61996
16349
11203
26170
42965
71475
211
46498
56028
9201
18410
6260
23986
22322
69647
57849
39283
49267
33997
28339
34242
16413
49361
18104
13461
32507
23416
3012
21165
13171
58121
24467
47420
19502
53611
44903
53937
23248
43823
25869
38608
24444
24601
55143
22921
33488
27334
29877
30517
44305
36580
38125
37117
40001
17182
48041
76809
712
82410
6992
55252
20920
3518
34421
34131
5397
50235
51626
19352
57809
26077
23407
71713
48137
788
63569
45758
50658
10307
11739
32612
65570
27278
70752
66783
75179
48780
46246
16839
11673
7083
59089
10643
37248
47433
68821
11621
81688
42594
12852
3398
64744
60803
31759
23364
64367
51980
15412
22333
20732
49953
54039
2373
39525
13932
35178
35412
20873
3036
755
27909
28273
36291
74138
28893
81710
47840
4593
69099
54205
55443
44352
49495
6087
75762
2517
28618
42554
46313
22769
75544
37204
82539
55796
15437
10013
31731
12110
54498
39128
73579
56124
73184
66123
24563
13914
2092
33112
74495
6692
77203
22583
63792
65952
24660
10893
65513
77553
4736
15007
62710
52713
27530
49537
1047
23586
73702
12728
10418
29505
55918
40809
19230
29881
61324
43516
1757
31753
11392
4601
55265
2193
6129
62773
20796
45489
7718
36140
19018
59408
17673
19187
55540
13258
14448
37595
38239
59656
80691
16880
14157
45075
7814
12578
25661
17873
6189
36775
78217
45760
14829
50567
528
22605
26
71798
25340
7296
19742
51075
30729
70542
14795
27324
3960
2890
64019
35061
72335
43380
15526
25281
24196
81270
42621
16524
15687
2301
26179
1021
46844
1000
34939
11840
48468
45127
48813
43948
59974
64602
29654
45015
23748
32910
13791
35426
59105
10836
75837
14128
45657
5596
42894
20089
44757
45011
29203
51281
6936
42071
75093
45280
27840
75971
29811
4619
64063
66230
57375
25040
46834
41620
63240
70981
6846
863
42830
12379
16600
59494
19953
13867
40016
16275
406
34461
40175
81619
20070
45931
64766
57460
28877
77182
18457
77325
41870
74539
63692
21641
4727
8628
7515
23315
2201
28283
59237
81422
50229
30427
22792
69779
32016
67782
23151
17314
8523
43347
31898
53477
14413
48389
16614
41137
9505
16584
38951
25670
72138
58882
17111
57612
15064
16376
41523
50159
1467
18918
9856
51000
27406
66385
45354
15332
48147
14094
75976
26258
11331
18561
69781
32840
64727
33665
70125
13793
60314
25446
47782
71532
79647
5268
10163
50078
18833
55715
36691
43088
70068
12688
41959
57421
25744
50918
21939
61418
20462
20922
80457
69064
8616
41865
60293
71317
48123
46923
55564
80004
20475
58106
19348
48715
60558
10379
42684
22404
40664
46474
35377
20770
47927
22409
72155
20551
13628
60776
27554
21801
57931
19972
28294
76244
39435
56889
8718
1695
29979
18861
64438
54523
37111
14880
29775
75642
80185
72651
5777
79475
48239
56044
6556
7059
71764
19173
37126
5664
8272
26357
53931
63888
29207
55337
42019
63493
45696
105
14071
51408
70428
37385
42877
59024
50403
64162
50865
59817
82170
56786
33057
29411
47860
56855
61134
7282
1302
5184
9171
18593
29336
26030
45264
5914
26438
5018
75334
49998
34153
10832
33210
57516
69859
62874
19647
1662
64779
63750
45635
56881
47620
69359
41268
50704
44540
76708
45427
66025
46148
53188
52732
9891
71401
56454
40342
5236
26346
34184
71095
24656
13240
2665
46526
33238
76371
47388
13131
72774
33434
75757
68240
55399
42640
17425
32542
75745
79157
26317
34862
35808
77663
20335
79483
81355
23406
49522
3409
61178
17846
26293
54994
26515
72069
75720
4678
41173
3392
36712
57927
63248
32064
16390
76776
56444
58221
14000
53701
40826
16887
8545
46330
55119
66207
68913
19215
19675
11399
31778
1770
28859
21410
53788
35082
17377
78473
41659
49507
48900
45739
48785
61792
66379
62506
48791
63223
28816
44427
25309
923
34310
9632
26321
2338
36075
53030
17921
13686
43301
48696
45836
57770
25050
38238
6824
72587
2312
81373
38049
43626
43363
19273
10865
6269
9258
7442
41440
25017
18248
57901
52787
1407
40677
28029
40535
30107
24982
45212
66785
37985
67495
28449
31154
4118
31846
25560
51696
31470
52344
43829
38062
51999
6286
63619
8462
72626
70932
366
3671
42363
15548
13268
37557
67438
63885
42460
49204
44098
58780
74371
63026
48492
13476
49698
7600
24825
56972
24999
1640
11093
38739
72720
68486
34744
2221
71046
17674
20421
57797
31250
10469
42368
56343
76226
61517
38513
78920
3482
43949
45742
43063
62922
44555
51369
8440
21215
54084
24483
1904
46320
18960
6788
17297
13547
78868
48853
18348
80735
7541
66586
71356
36614
42194
14299
63949
499
71369
48458
76228
80172
57285
64114
35704
354
5228
35688
27928
14383
22732
56875
36842
28770
66369
54617
240
28223
46490
23120
19740
23496
75058
14895
16999
58396
82576
10031
25089
55297
905
60585
2575
43222
34532
13022
51249
15091
57220
76661
57482
82200
9238
36030
15111
50679
33258
37895
78934
34805
36273
26662
19966
73078
62947
48360
65047
34985
61392
21882
12421
8336
11805
2481
38099
11362
14440
28863
33131
81040
2479
32546
34433
45822
69163
45754
9421
34898
31903
62227
13410
7173
20137
53174
57034
9697
31510
2360
6281
4047
46476
74628
58101
3806
29118
4786
28516
12668
40589
55073
75430
30749
21899
76496
78636
30356
80143
62863
19493
2745
73203
17604
76267
18611
67315
5925
72526
14725
48589
59232
61545
63045
222
42289
7418
50068
40652
69034
14759
13671
31568
25285
19796
64886
38266
48098
47704
76227
51473
37960
14990
58300
77326
56504
63541
55572
50218
81279
49992
33592
20614
2214
58703
2724
29344
70582
29426
43077
52992
40335
3849
23546
25403
67148
54290
29170
58432
37459
7144
46916
7133
56728
28536
20975
1436
67027
44552
75782
56640
65792
42565
71359
79684
40112
57907
46108
42991
62626
19822
35434
44026
45953
67666
25172
37535
27656
28219
6948
10072
56822
66055
52603
13032
42980
20997
55523
46711
46130
51512
11475
47334
55159
20279
42777
2622
28115
56937
12155
1140
62718
10752
1380
74655
75015
3032
28130
3137
68513
69661
47064
64452
19561
3505
56143
38070
49158
75874
64199
41071
10364
75113
22759
65307
76858
46385
72751
8468
20435
16770
30156
55821
38749
32127
2381
53526
40311
34161
75006
15143
18441
38944
50412
41535
4793
79016
78389
30312
26308
10341
33522
32340
63903
42321
43599
19880
49439
76747
38881
29621
71914
28193
44732
17718
50978
2170
72298
76128
58942
39153
41024
67626
73872
23431
26565
46920
81130
36856
23032
9895
60570
4510
61079
66650
72050
40247
11463
44992
27435
78760
62837
24972
64492
9165
27191
46934
9353
80373
33338
31725
30479
64760
63584
82278
17680
65777
33896
9457
8091
2576
1705
50726
33917
18124
19143
65482
6273
44121
1070
45379
71312
11433
81432
55063
74598
56746
6237
68419
30522
22213
73907
25360
67068
78153
30836
7689
61604
20398
56389
7128
59733
4561
3192
10815
59296
64430
77167
68235
36506
72377
25909
35541
6110
25683
66720
15168
27252
27852
60842
35580
33308
81849
59572
57866
980
34218
35777
40135
2663
52229
59260
75458
46288
53408
77960
73784
2060
17270
15568
4655
56191
72416
16429
24770
29348
41697
51422
17173
53564
69270
62284
569
21111
67831
64671
25430
2578
11049
42131
3045
70745
10408
66595
25823
46067
57577
16048
78113
52966
62521
4098
76104
30536
69564
30417
2109
26795
57945
50874
57862
8428
14379
20273
79397
37637
32295
27398
49883
19556
27823
44435
28723
23236
80008
79983
3029
58614
6323
8293
67706
71170
55384
72164
47971
17440
59506
45592
48042
32316
37696
29101
58454
61172
44107
18900
15534
26922
48601
20656
77515
62691
9003
16288
6356
79264
36606
43231
14664
65849
8673
11073
34229
63276
77394
51394
25770
37555
79741
23290
79240
24604
76095
31624
9643
45444
41344
43374
38908
28311
43956
31177
68887
39776
56334
29406
14772
62841
23806
2143
44462
12870
78284
12588
78964
30867
55757
56985
20633
23093
58406
63985
63716
57615
67515
15866
59825
8357
8839
67488
14708
72691
427
9866
68810
54739
13798
54715
6442
42821
46756
54328
7566
60909
64077
27706
7976
31970
76147
15292
69137
42410
3776
77028
31875
57779
38169
37703
16101
31109
42122
12089
16165
6522
462
69311
39691
1319
60190
30915
12539
53168
45615
11088
48189
41157
3546
32169
25257
18046
6475
60452
78238
51145
42334
75503
7235
43507
45168
63307
70905
20899
62006
32194
58044
5759
56823
15271
62132
42652
6170
14114
22058
30904
70117
33119
5320
7472
51829
38506
52091
59503
55197
45693
59327
33316
25898
18147
59734
12083
63245
33228
9626
20604
58320
10527
33267
45503
68081
21163
9679
17035
15303
50834
9620
18083
2053
19542
64259
47592
20315
31022
7951
27149
77552
28953
54353
39161
18041
12936
30482
12132
12514
5435
58677
48625
69713
18025
11562
65400
36344
47300
22690
44886
12274
26749
15018
61181
45651
81102
72316
14781
77212
21945
11003
5508
13929
19776
50280
33047
54485
60387
41669
24189
14054
67003
37141
18602
46807
57965
48774
41534
29064
51454
31230
39811
36883
31342
14607
75142
26535
80504
57555
19637
6395
41220
6503
18055
78661
53563
59861
12381
82445
46100
50080
67183
66763
17280
50693
81575
62194
57651
5954
57080
54134
79545
81988
8540
42440
23013
43715
78375
17433
19603
2190
35169
74394
45910
17092
70967
11209
65022
62001
59374
14769
7811
69537
61225
35015
55891
39713
18649
34494
52598
34448
15580
50958
19174
24679
54426
36055
33538
61167
52934
79449
30178
59197
19255
15683
76705
8394
58663
36592
41465
32322
31688
41010
80480
15988
32533
38373
62452
62443
29084
27680
25761
49927
67601
81369
31067
70774
56658
30675
10805
33282
14045
43230
55149
60181
51026
69070
14213
52411
22161
11330
13335
63560
36796
39971
65929
15265
46425
9948
25480
28060
10420
44188
20466
79995
45326
55324
5637
33859
29217
54946
23508
64884
11077
69850
16654
63452
64522
7388
636
12100
82229
40425
81388
43975
13290
53192
27417
22085
28303
30213
64829
11014
50602
50912
67001
51280
26057
16848
70706
67911
33233
54503
35592
51093
54265
35262
64734
19354
52365
43983
22421
5365
52
15023
21886
8065
58010
62346
70126
39703
46362
45184
64754
32106
54276
77108
61365
54070
64113
79796
59611
58277
56012
78957
51724
50327
79039
69293
23412
13984
50367
70826
66898
4204
76114
11457
25073
14813
67330
60641
44618
9819
12679
47050
38075
42443
5262
113
55450
27422
9290
22823
20016
49243
22740
34223
64634
74611
66885
63861
4384
82585
48674
33752
55989
3419
37472
34555
68739
23384
51185
13321
69471
63823
15109
64750
40960
66877
32876
25641
10626
67173
1678
56685
45019
22334
75350
38713
25608
38314
24567
62042
67008
64680
56912
42075
27578
66512
24041
39057
70950
13152
19898
11086
33799
1729
2944
16893
28903
9713
59385
23667
80629
43383
63582
77218
59460
23263
62561
6098
6616
82609
50767
15508
81958
26034
34657
35484
72828
64628
2002
5707
30551
68150
72645
79128
29930
78556
28911
34032
71024
15323
6099
55364
872
29540
36498
49126
59597
39560
49252
7774
39104
28107
65543
38729
19123
53021
74139
48534
77256
71144
58259
45415
67796
49583
73943
4995
36380
73534
69985
28915
74297
81779
70549
14889
57358
8622
1665
56434
44077
4212
57514
73347
35049
43177
40254
43788
27536
32780
29664
19805
36543
59671
37598
19342
69408
65912
54486
75657
1762
57175
2218
42589
59496
49723
19388
67230
35904
3616
12165
4532
12928
49587
1488
7074
66974
37189
51484
8644
22244
74985
10848
81436
63306
19386
68155
17407
12916
70940
22542
27517
14489
68533
34764
40206
28796
67854
27469
54732
62903
137
24545
30921
73721
1990
18406
61251
25889
15330
60004
7035
23650
46128
11862
2800
6725
55513
11679
29475
68910
44453
47085
82198
54683
42676
16258
42955
12489
16900
66171
55391
17159
24540
23078
78303
64574
33067
53823
32595
81244
67564
20569
73502
80845
12074
72451
74562
56078
58467
2919
21953
59420
50211
35585
28801
82235
13019
40709
47263
78065
24723
8309
37431
77175
75363
31701
7970
26297
44740
57005
32006
28717
40078
22872
78351
12617
52235
57936
51866
81981
51679
67133
57761
52114
65689
1546
24558
29270
72792
54345
41418
23317
4206
14451
21314
6984
31030
11046
73954
55343
23779
58182
10449
77354
34281
82355
15554
3831
3638
17579
77802
34516
80194
15570
55273
58417
2342
21729
28239
24488
63462
51765
42856
1329
1868
64154
48974
52811
69285
47935
30829
77723
59164
4078
39299
60402
57396
75701
12439
30487
17831
9079
31195
4008
11884
63725
73192
35151
33261
56653
49539
57158
18312
29965
70212
29450
8689
19054
77587
1864
45336
2718
60713
52136
35117
69147
15518
20247
7455
55491
10633
41079
9304
46347
7905
33965
66421
35074
13047
5648
58520
55284
6544
35805
38384
56921
8286
47264
979
28582
13865
36129
17546
5462
4329
5998
24369
64745
8535
42015
39294
40483
2274
1017
16953
22317
37144
5323
33298
29194
24400
46450
19466
54192
35863
68111
74945
33463
37787
43269
25703
72500
34828
66032
49345
81301
49548
44943
21905
9013
46049
13582
64655
30775
13890
65747
72598
22266
24324
76157
59924
25798
16944
57294
3144
19099
30691
72817
27833
44954
60929
112
7415
59594
62671
46854
30845
35312
38694
56289
29547
2252
82520
52520
23299
8451
2172
41323
1474
71326
78207
51292
50432
81689
18462
34965
44841
44162
10246
44868
56690
10632
67066
27709
3025
22101
65617
52392
24273
60603
30680
8145
70885
69617
12028
1938
59883
60495
10552
57352
36938
25814
45283
55084
12307
35289
36
26710
44597
35115
54822
48891
36596
33825
80883
21544
52673
32392
23875
68319
33938
26879
13446
38837
37178
59623
64349
57428
19988
41648
27318
80203
67663
27503
5884
15287
62868
28729
69622
31712
68516
3404
3140
35568
1440
60973
36243
60879
25553
76643
81291
67019
65462
13840
77525
9155
28535
47038
64736
48009
25382
60140
3276
21181
28291
18488
47529
65598
41109
17326
35001
46085
32927
16477
72613
79138
4883
28118
40268
78594
54435
68661
27269
46392
55681
5294
53104
11107
64711
10318
79638
37823
33201
380
71937
7255
26311
49561
26972
33598
39889
71386
37620
2239
27169
45534
58568
50868
24519
11299
13638
23214
40998
31993
36870
13700
29380
5734
49819
25153
52122
76483
80240
70816
62490
35235
35113
36684
67930
19522
74878
29029
9956
59856
18962
16175
35297
59893
37999
30328
50491
11314
68172
69899
29860
57241
6759
73840
62978
40935
18541
76073
47425
37666
67619
21720
10859
31041
29611
34917
53552
78944
23393
20028
21514
38484
190
11946
26538
15174
37371
25630
67294
16976
16891
2844
35635
72775
16802
32377
73465
35321
17445
68143
31763
54367
69450
2021
13089
13063
22020
9538
50623
17964
36946
62575
41735
39582
53906
60174
66011
64395
42066
15994
81828
20632
76448
51514
17200
66981
66457
48857
62901
26802
3132
10602
13534
49943
24093
28419
63394
22649
30599
7222
12547
79723
64405
74011
15074
47479
27888
42816
26993
70352
49790
78421
72021
23070
48179
45744
57206
72753
48045
51629
31867
32883
20263
5358
2521
45582
22537
53444
4545
41321
67933
8655
15336
50960
61973
25987
29994
15312
62700
4524
57446
82205
27137
51932
64719
38543
18347
26709
53989
67788
61571
61845
45021
20834
47954
38211
8942
67746
46219
68249
57006
22014
19306
9081
64993
29058
12692
63898
24259
48306
26155
39466
79343
41651
55093
59208
46140
7064
10014
79836
12890
30633
29042
53887
39261
37978
15702
75276
69927
75297
18226
46211
67223
11183
32091
43233
46064
46613
37343
76388
71306
61968
42693
35147
23614
53757
26075
13899
34920
47438
39788
76615
39511
37670
41317
8326
28660
9198
11070
34366
70923
3138
62459
76996
54222
60408
57277
2764
49408
17717
32081
31933
43570
894
67548
5036
39180
68979
49014
8876
68751
2582
36791
5722
9252
11693
72672
51928
71660
56536
61674
75629
74844
51183
36716
74037
32141
76955
70239
42909
4918
69681
45250
70024
29457
81856
30055
45880
57344
75055
18014
72366
41726
27905
50781
32601
57724
23993
57490
32434
9980
58477
33768
34684
59783
17363
47487
72282
15405
28069
39770
37725
48581
15599
34482
43878
64102
40659
67360
4785
52252
30963
79827
45810
409
11200
26409
48401
65718
49798
30023
73948
59191
16062
29925
200
57170
8264
65858
47664
33957
5698
61627
17592
37553
70906
68622
53156
9872
81274
18656
534
40094
24543
52161
8303
28137
68872
37134
39012
12052
29981
40770
60872
5679
56848
82396
3624
22747
81567
52217
7740
75081
79853
8683
69081
30715
22584
65734
68292
66856
17107
64415
65579
10487
4632
66665
43870
76146
10755
28464
62288
51813
34588
3040
33141
69131
3272
42897
26591
25494
41272
16122
60168
37460
48881
40170
17776
52065
72238
66051
43071
59115
66499
55951
48310
43534
23273
5820
65
57760
51789
30032
38580
26730
24783
32842
19752
22515
76863
14221
43913
22430
245
9612
13612
75549
79920
35784
10769
49671
17102
56557
22784
65506
25270
80368
41432
58084
43544
16009
39946
53851
8776
47585
17782
67246
4445
43281
41180
29562
53348
47602
63744
60981
35941
74284
31335
24376
67830
60894
59049
68093
36173
11043
77084
59244
45870
78877
69635
29368
51599
38456
1657
81628
47641
24838
75626
31237
35073
10611
76534
12841
46996
19110
23772
69040
40783
71210
852
14283
51440
5304
69950
1896
10117
72918
80826
57027
54148
69184
57531
61874
59214
1169
6048
5830
9209
24632
56490
27815
59993
26931
35295
73264
19525
46225
52106
53258
3661
23738
20992
36310
41266
57751
30873
79653
51379
37349
19658
21053
39936
19422
5493
43365
1256
7748
21604
20460
8205
22591
62077
46361
73030
17900
70172
3573
39645
71700
17344
51274
18395
122
64732
27437
8947
54255
22657
16085
25545
81288
58588
13361
5857
68037
32159
57535
55214
70800
56132
44604
32741
25210
39276
53725
40507
39479
78709
9073
40316
76446
44266
34926
27674
15529
44058
78602
21148
32965
68742
41801
10874
28351
28546
65394
61515
20013
28608
16488
21362
16767
18891
76743
8227
32702
36097
49421
32123
17651
9395
33601
24167
35866
15172
61907
79734
64799
15187
37970
27641
63018
23616
33779
14590
63831
80385
7666
29560
24289
10934
43672
56285
14205
12296
51197
733
43115
78910
81486
56179
24146
49147
19943
17927
59708
2733
4871
56251
18887
29609
81744
33945
73570
63594
22398
25236
58408
3900
29416
52011
61731
53469
2791
82126
13878
32591
12002
37007
74665
76307
53710
70558
31101
35657
45285
53204
8209
33474
57150
39462
19081
64476
16222
63708
50757
3093
6042
29991
21452
82256
57190
43945
12309
6291
33329
66174
65834
54564
16833
18211
45683
10661
17987
80065
68778
80673
16461
31679
4820
54742
63760
16136
44357
46295
24556
43667
24670
54327
52459
65941
49322
67893
69268
57550
57314
30337
51876
32118
13425
20486
63041
7026
44469
1452
35816
53875
49442
6000
77992
311
52614
20483
55370
7103
5052
39610
47756
42089
28654
26677
19473
50140
76595
46577
58693
78126
73199
49576
55315
55494
3803
11379
37799
64303
61273
58791
53919
15497
74522
30129
50047
76207
70618
39118
70452
48142
60268
66934
6627
6413
63028
50006
48060
5481
42866
79173
23243
52778
75883
7651
56164
33600
48917
27256
28625
13136
60345
16092
12230
56967
75725
77021
66447
9815
48435
18335
17361
79992
28439
6059
48056
82327
4030
47464
46187
53600
33483
52369
4035
38638
61998
50522
51346
18581
65411
64181
70765
837
68261
53779
60041
16742
49369
30629
24922
34924
13269
30059
60009
71870
61456
44812
39867
11375
12371
53621
55114
48647
36981
19481
72463
74529
8485
23517
64969
29670
79292
26022
18632
75451
70606
19104
36517
79582
81020
3632
65973
63142
44857
11296
19911
40774
32867
9142
5486
51402
57672
29766
4976
61020
54155
41212
10478
32704
64868
8742
45752
38616
25250
17676
68619
40003
81805
23058
8419
47676
68820
19608
70870
45390
66957
23879
70223
46264
40298
60217
2776
21335
77610
59609
56410
75497
53496
66845
19048
53141
30945
51430
78681
51307
30841
66541
43139
58216
60857
53225
74774
61146
26160
36190
27468
58374
65915
53360
56954
66282
51780
4274
14174
71180
36245
26049
47903
57250
20695
35980
65574
40718
63233
20748
62292
8019
59088
36901
43201
49863
17065
29705
65533
78033
71488
434
48643
27284
8833
68895
46095
74886
70908
2316
39121
71277
4827
2974
49619
71730
36207
57331
54804
78660
40996
71033
878
44273
25502
64852
63289
55009
74811
80301
53082
69765
16754
63756
34280
69153
63857
64078
65421
24221
64038
33102
21806
49441
40579
72090
13493
35894
46518
73133
49110
68794
82175
12322
81278
12530
42575
76823
74423
67682
34457
67070
39527
46645
56150
14972
39514
71228
30436
70136
54363
15695
42319
16252
11204
23017
25377
3797
36301
7759
19667
46334
1634
18263
67684
29783
37946
32155
37905
78170
73308
54438
27719
40105
43474
10587
5436
9422
47495
68687
5118
24657
55294
63766
37492
45238
9845
43006
72900
765
39138
33769
67302
9056
65435
79869
13227
42097
65960
5445
57079
38471
44373
41945
3222
49818
29497
16574
35718
50532
22077
19759
64889
54663
48872
68406
29034
71119
3351
5967
28099
24595
12939
29829
71848
10433
29900
14648
13456
42395
31460
44210
12067
19753
43171
76654
53413
72350
5342
56266
15824
3471
77308
21708
35685
20374
71433
51056
49371
17891
59768
15445
31095
21225
61612
79808
63784
18934
76438
4053
57281
1363
54789
40394
68989
14695
31306
70016
73154
51052
66969
67287
61905
63609
44588
28997
6122
27694
23968
13681
74415
12302
5976
62234
4340
53814
51621
43555
24088
22512
80880
35258
56414
59335
33852
60538
23551
13866
55626
17767
20552
23612
25902
16478
42157
70102
43339
69502
26642
43244
81783
43193
79902
27586
57393
65344
42184
16919
71136
12387
63331
78533
27245
67378
34170
14553
63735
76786
23178
67445
74173
16494
64280
46133
48055
31497
38536
3598
44256
57171
23967
72977
77198
40608
13325
25706
18961
11536
76316
5221
46424
7234
37129
47491
35826
50347
33495
72203
42430
68426
14923
59465
33192
25936
8175
29392
70265
22895
51040
18418
58538
58769
38008
44416
18486
46253
37354
9702
82501
82480
45595
28240
65367
68212
502
13562
4625
61594
60938
10426
29772
76378
20382
71663
19871
43021
46278
17881
59398
48423
7159
27363
17943
4023
23831
16068
52207
63535
2708
46957
19736
74266
10241
25295
12048
16499
61497
55926
8501
4596
57182
62605
50081
22458
77902
71540
37485
55485
48350
66872
70517
14100
45418
18131
70869
41291
31293
49986
20196
76189
29441
78599
61307
6711
39663
38336
77791
35875
49303
28191
25999
37688
73474
75550
38554
46416
40080
11161
4943
31002
50274
47058
9730
45669
4578
82122
78717
13507
11938
23042
52438
15586
42485
35135
64271
12341
56098
80272
52705
48138
25470
70061
30819
60571
74668
61589
71002
34509
73447
79164
36434
58770
62481
18228
56070
28595
42350
17319
22276
54872
36351
6388
61355
1614
56319
14915
7381
24386
80442
56611
20679
50244
6580
69995
68973
29917
33816
82250
79085
31882
9725
53135
73405
57044
30413
9908
48657
5574
10740
57125
3754
52381
68061
21355
31826
7871
26668
78812
45126
60358
57884
44241
61509
59879
49403
52061
16205
56371
66355
70636
38979
22212
51181
18297
40907
76866
64980
41887
43808
24439
54862
38442
70785
26435
36016
20117
67121
76279
81661
6810
82224
59699
46189
18685
1457
9388
69350
62593
15652
41783
71594
68712
17222
17213
31064
50903
1075
44398
58958
78573
40746
28938
72508
43351
73879
41002
6777
15661
16145
78560
53734
45131
67799
41927
32184
77567
20164
8765
31918
17794
80733
58005
23072
37673
51989
37265
70144
50118
14422
25806
44283
63013
23690
57990
3015
44833
77605
50304
32666
8793
58017
44053
12656
82101
45128
64124
37984
52209
56695
72728
66295
4200
62876
67774
32114
24864
4536
32691
57699
17339
22573
13498
81122
20546
16709
48568
42347
60424
28962
30201
60301
33516
52923
3692
4407
51873
50107
20623
36367
17720
66117
61286
46226
36973
18727
14693
77713
70287
41573
68000
54126
56455
20350
81923
66363
25454
29472
79967
37811
50457
81534
78326
75353
38860
67607
55548
27922
76731
53973
48032
53599
11966
64482
45434
50987
15856
43725
52414
78406
71094
15083
70833
70031
74099
30674
53897
73231
10463
60365
4165
51219
47106
13110
42327
18366
2632
16509
80148
1292
57993
36891
61605
6380
73257
32298
58761
53118
70362
33841
30740
78900
14009
58575
52127
59338
35694
35384
24931
79648
39667
32158
62243
51905
46599
69428
17482
31581
35994
74003
10452
47603
43398
68855
8282
35759
46811
19906
82411
44595
33286
7924
54162
71575
2439
13106
24492
3845
51260
17
52006
22856
38658
10672
21680
34720
9957
82537
50448
10397
1975
27117
9273
34449
19549
14937
66209
32310
4152
62152
6799
69929
57985
1749
16227
37613
24433
75377
27992
64414
48659
9320
24863
33978
66475
60463
66439
35769
8493
2833
38237
10082
70406
67478
16668
19949
43057
346
48169
41170
71673
9940
17757
78534
28700
46872
23766
30705
60052
36792
33914
52975
14760
67573
27407
8346
43885
48939
37167
37084
40450
27125
73327
76326
49323
56118
20905
25773
15634
32895
38419
81055
23535
3428
72533
70716
45036
28665
51923
14375
71957
51387
18557
22569
23301
4702
34
55994
66035
57265
63514
38160
11577
27017
40440
8348
52772
10274
53296
33275
68543
15050
16699
58345
20097
8596
16540
2025
5060
79358
27876
14899
40340
44454
52307
20828
24048
49349
24059
56195
1447
54200
23884
41517
59390
78563
53595
20005
10144
51131
26272
43929
72633
4423
39881
33530
12416
21614
24782
39411
41984
77816
8906
75091
55329
43736
57757
21993
38571
44125
60514
65793
5361
25145
30309
34552
39972
59133
65240
10177
80488
35471
41839
56838
58145
77541
52497
42210
42537
6101
71936
82368
39827
56754
76468
582
45039
78122
66673
58291
58984
79700
12362
40944
44794
81364
57414
35197
71879
49836
31607
23413
29927
15469
7320
40622
52818
3789
16810
32632
70849
14377
11802
69196
5590
10524
31134
20366
16496
31925
22560
13387
75521
20288
6752
5525
19204
518
15191
19685
60960
24913
11857
16038
54917
32234
81788
36204
73894
31300
31415
67870
38108
13917
68442
60748
15826
36091
74818
80860
70500
8252
68964
8974
4185
2686
24940
11833
25128
48543
33905
24619
64599
14030
62529
51323
32960
79110
19452
10232
13566
6456
44377
941
2044
21114
70246
22392
72184
4415
19597
67652
47221
13664
69006
34469
3528
41638
54184
80290
17318
72218
6060
34756
49039
21873
70033
78342
61488
4990
52351
10652
66941
49482
76666
67637
43393
46654
27286
55870
52320
64765
72575
76980
59444
23908
34116
80317
48351
6632
73772
80327
4707
19098
16567
42262
15249
62083
22145
32513
18764
11483
43411
41262
74470
23845
48093
22892
21472
4649
75711
28951
27931
6681
45539
5683
40292
55590
23210
12887
38632
73398
6894
35713
44281
33814
16551
81809
77970
40682