27226
18989
24528
142
11698
4645
12129
14504
17155
18172
13034
3568
25989
13967
21283
2523
5566
10530
11689
7146
26166
3916
3245
9293
10803
20580
15659
26717
3938
16641
24042
5230
18617
3450
11933
8463
1788
21237
26374
2057
11049
11603
24815
24337
27341
2548
18393
27588
13297
16687
10166
16220
9874
9794
20618
22220
1221
9236
11801
21004
4019
11865
25866
2718
13894
25318
8456
948
6953
20840
24835
3553
7350
7041
14294
2079
27580
7253
15408
260
14706
2573
20235
11414
19827
14596
4271
22538
20623
15963
21689
4415
24383
16482
22589
6343
8426
17118
18922
9565
19492
23850
20247
25572
14253
19018
11166
5186
19944
13584
2197
10888
22352
3363
9044
725
16162
14584
13999
4735
25124
20954
3306
17366
2292
20395
24726
18204
13102
12667
12940
5723
12674
8882
5104
10454
14737
17658
7093
11647
10
18319
17508
26368
24796
8518
15696
9759
23383
5472
14908
25275
10923
26917
8352
23274
11028
19712
17889
17645
22771
10907
22762
13407
16215
13735
26806
18272
16206
23205
7520
12417
13315
5223
23373
24197
24888
12900
2564
16886
6550
5033
2096
16722
6257
4009
5496
7473
13344
10233
17406
17832
21432
1729
22694
20560
19999
22206
17203
8644
21709
16596
19729
24647
1400
18481
4343
12555
15366
21162
18533
13807
20025
5632
22266
20805
12269
20029
19458
9616
21588
1328
27313
2199
16081
11536
17514
26973
22084
17649
21947
5938
24034
14198
4821
4612
5877
10876
7028
10198
11786
11178
15495
18504
15977
23848
14003
27634
2264
22558
8914
3098
4219
9280
4249
23363
7114
14259
1746
16799
12506
25675
8780
9320
22194
4909
25252
6673
13758
3606
1773
9817
20881
14887
22700
9621
17770
14867
27624
24241
18131
23439
15390
24675
1814
18465
9591
14162
4433
8605
16677
877
17113
21700
448
474
27177
7890
24613
15714
21159
16811
16714
9358
5088
18740
15942
26357
20939
6515
8242
27445
1763
13681
21338
6549
4256
21961
8873
26249
22679
18905
3495
18619
22887
11351
15265
20973
12535
20028
3240
13970
24237
23755
1592
8280
27526
368
14683
20770
21971
405
20081
12683
14283
25328
19381
16376
21468
27368
8301
6876
18521
24538
8856
26475
17221
18226
22962
10345
25676
21142
6707
14456
20633
96
21023
20522
27670
7975
18931
20684
18953
19679
24575
1382
6305
5512
21751
2660
25862
14074
22493
14113
5450
7594
27504
12340
14912
19952
1169
11011
15928
1242
25588
16633
20348
16053
22067
8314
9994
23961
23120
13598
10921
23703
3639
12739
8161
12731
11257
23809
5403
901
17274
25211
5710
10346
24297
5515
14068
5589
20981
24752
23494
8739
3622
4618
26270
16275
12015
9202
6694
18728
18629
11637
1250
12337
1395
20038
21262
13974
23329
14799
25153
612
3376
20005
8037
17065
27168
23428
9786
27214
14948
4841
4520
24549
6904
277
7635
18564
25237
21609
10668
9687
24949
12750
8084
8747
6613
24595
19510
12471
26004
27031
10987
17760
20350
11924
11580
16182
3679
22148
13224
14246
2344
9781
16467
17490
7626
24608
15234
17417
22647
5188
24424
23599
1933
19658
19685
11572
1096
5980
6787
11963
8358
5129
1804
5108
27576
19478
2897
7640
24814
20077
2065
15118
123
13252
25000
24488
6413
27063
3049
796
24463
17089
11274
5881
1126
269
20891
11540
9497
16961
11125
8409
20883
26866
4671
13520
9354
375
16868
3608
632
10856
15025
18559
31
22201
11320
8105
7773
17722
17430
878
8643
4636
25704
19375
9257
8899
17821
1703
21353
21172
5992
5523
1292
6085
6316
8825
27023
14586
11525
15556
13378
10223
10139
18243
18505
18422
24145
3151
1437
24508
20755
24650
26438
21111
20658
954
12439
11627
26329
20399
17325
20456
12920
25934
2939
4666
22946
17023
4752
3549
21826
12447
25906
5318
17468
1898
9174
8743
19093
2671
27301
20961
20647
17187
26817
3874
3468
15607
1782
6604
12760
4162
23619
21991
13458
9330
12038
1433
16557
26927
18626
24896
8203
2271
12153
18076
6794
3807
11889
14958
27357
7308
16695
24600
20791
5599
6183
15907
3512
7619
17091
2325
5964
11241
15980
6633
19623
976
6332
1079
2821
5831
12980
16738
13461
9148
5354
2932
23391
22826
22200
17735
21409
1114
11707
12143
10313
23677
22002
26334
27383
419
27274
16863
25314
11302
10670
26754
21137
15434
24596
5526
4740
20300
4805
16063
13324
6096
12786
2831
5297
10564
21491
12929
5839
26713
8512
26606
10026
27006
2213
13571
11598
15597
20854
24432
12239
22511
7342
14632
22516
25915
19289
10833
3578
2832
6848
16551
4225
7122
25045
1236
5099
11898
25147
587
27468
18758
10489
8064
18804
12930
1885
26384
26101
1419
19923
17892
22545
8669
12922
25508
6246
5525
3076
9237
5198
23094
21247
9720
19873
16784
27718
14963
8972
20724
1407
17559
7177
7468
27632
26203
5535
1987
25306
17039
24448
16337
12512
1086
8062
55
14036
356
10890
19760
6594
3342
8061
20279
1023
18081
18651
16076
799
10148
8939
18099
8656
5066
16266
13112
5564
21892
21009
24667
27411
23575
2613
21046
23478
13920
19171
22713
11490
24676
13750
27310
4070
17495
14365
4503
21003
20726
5631
16155
9902
23491
16994
1628
15248
7982
20566
11417
22778
26021
7284
3778
21932
9175
6836
17337
10305
23604
1629
4101
1521
14433
6858
25100
13191
12071
11900
13918
16878
512
22702
1575
13075
18986
18791
2281
23147
19908
1138
14119
6044
17061
984
6302
18035
25069
17939
2734
7618
872
18367
12169
2235
350
1537
26310
13983
5336
22986
17233
5034
11362
12914
8658
23759
9985
15271
23939
2132
22740
1720
24578
26283
17846
864
22541
8865
12823
1674
10758
1584
8549
10464
25047
15468
12248
19509
25455
9047
10202
15043
22132
7853
19936
6861
2811
11802
10415
4900
24622
5361
14646
6721
13548
464
4121
26470
24598
21282
23527
23634
17357
27191
6945
15736
5305
6364
20026
17857
22142
16045
996
25189
17346
21785
9449
26118
14970
17643
24509
27713
22617
6213
24207
27130
15911
11521
16381
25762
6647
11434
2296
20122
11602
12861
6017
15321
10063
25786
23615
10796
21917
835
15092
6898
19851
16197
22891
13243
21306
16812
23969
25011
9249
25948
3960
23991
7298
25487
6755
6830
6324
5438
21537
7604
11388
15726
15757
251
12573
1710
22233
10543
20945
8635
18231
6013
16754
21285
22405
3756
4719
12704
6442
26610
6110
6491
14573
11768
1530
5766
3830
3838
17423
10214
25942
5480
13361
14494
25876
19420
14394
3949
27451
17757
24500
12376
865
20680
21328
3178
15625
2586
10825
9648
2156
1229
26563
27512
21836
16650
131
18333
19565
24079
14545
23298
14434
19229
2073
10086
6198
21958
297
20592
15410
4171
4887
21419
6290
2258
22848
22140
2788
24952
8178
5541
13077
16259
23264
12476
26509
10130
26599
3477
4680
27079
10285
25368
618
21315
17013
22543
7942
2314
3062
16544
7272
11220
20480
19820
12455
25351
9858
23405
7370
26632
4862
9890
11287
10344
27514
7528
20166
11947
1956
9912
27449
17234
21978
9339
23762
22725
6224
7461
24227
23582
10073
24261
6335
12966
18480
24332
6259
16604
14220
9800
27563
14327
11443
7275
286
24852
16891
14720
19779
26030
11095
18296
20741
3909
22997
23841
4214
24134
1061
22996
10573
14857
1302
9952
26896
6121
19104
10206
3861
3406
21907
6378
4817
4207
6776
26485
14835
20329
20757
1469
26796
12599
3214
16250
23247
25947
19805
16852
2364
20170
23399
5731
22320
2334
10442
965
5008
21753
7781
14537
7918
13261
17213
1267
15104
24184
24403
27686
22092
8447
7435
13030
24629
27678
16515
3415
13745
24276
19408
4510
15080
16399
18049
21924
9258
2484
17172
21524
20493
19030
8210
17110
11450
26333
4946
7908
21587
20941
14922
23592
25791
3426
16438
15351
5387
7898
7748
19269
4698
18058
16920
24110
24933
10727
4232
12807
1368
20321
21955
4935
3193
2527
13218
17015
16774
26147
2543
4132
15257
13276
7417
6896
7313
7565
14959
22275
22758
18815
23924
22314
6349
26178
323
14606
14575
25198
14289
1436
9402
24552
20425
24925
20626
1514
26706
10663
4824
26877
4877
23085
17451
7740
2115
10287
20920
2906
9252
9127
26347
9177
9442
21788
1337
10011
22309
8209
25448
27246
10978
7814
20849
11004
27081
9529
25059
6730
2791
25122
20965
22598
20430
17285
7383
25222
8382
21816
14409
4241
1067
25180
223
26117
20844
24041
22563
10057
9885
5793
24285
11160
18826
20062
5926
9976
21651
18718
8143
11916
3719
26929
16759
25650
11111
6711
19982
19429
27210
9654
7811
4849
1563
9859
5461
23768
3501
3941
16524
9424
13125
11408
16124
5275
16175
20262
10200
8013
2352
16973
13626
16390
18972
10620
9375
6697
11233
6261
24961
8722
4730
10051
1920
16765
14756
19735
4438
25985
14484
22378
25770
20414
25
13428
10927
2789
19219
6508
5849
22455
12658
6554
16996
2154
4833
5406
4292
15224
20867
21362
22792
11895
3023
20470
25596
18245
4399
22577
17634
22721
21840
1016
23587
7757
27287
26628
27422
22
7998
3289
1983
24739
24162
25207
4559
15822
3169
16462
24944
26989
26462
27393
1963
9008
14424
9200
10498
9454
14444
7335
23077
15586
9696
15879
3424
9493
7471
26138
21437
4181
25736
14657
18021
8570
23992
14376
21082
12496
16823
25130
24991
22431
9682
16625
26594
761
1896
11427
97
13946
27235
24289
3398
17485
10577
20181
18838
11138
11958
27550
25924
17261
23749
23207
19042
26060
2606
21331
26811
2194
24360
1568
16014
8724
21070
15614
14766
1377
17935
26341
945
2598
5314
6765
14781
18271
4123
26182
21058
17894
18941
15384
6400
19561
17054
15954
24343
19768
9133
16732
15829
429
2959
15227
4442
20306
14658
17504
2841
3572
18029
25561
8660
17989
23510
13056
6816
11475
21683
22484
25686
643
24173
1697
2051
10241
8503
14723
15655
13785
17046
2777
12241
11781
10155
7985
24024
26222
23624
26158
23438
987
22813
6642
13949
233
12864
15902
14875
13765
3726
20269
1426
8949
13536
7223
857
22115
10037
19209
21378
25882
15386
8419
18993
12583
10654
10835
17905
23153
10731
2047
16040
20604
19707
26519
17135
19397
27606
17743
12839
19125
11512
10462
15424
23537
25661
18665
25104
10865
11131
23233
5095
26565
26951
26779
8373
2654
12019
18057
9370
735
13298
19312
19663
13155
2846
7392
18768
8007
11529
25708
18105
21334
13554
18692
14372
23385
20113
25692
3651
26363
7824
27530
2632
25768
20785
4541
10952
9485
6778
27450
11729
22012
3181
13644
21229
2358
13476
1741
19844
569
2672
5371
25406
26353
24670
23548
854
12948
12647
12203
12160
27117
22889
13771
18104
10055
25669
13833
26938
21758
11939
15355
18412
9710
7294
4454
2493
5988
19595
4286
22444
5554
15325
25961
931
13519
23896
6371
16187
15114
5857
16856
19448
27421
24127
6425
17998
1005
16320
26064
9414
18556
16901
10015
14336
6128
21550
21056
23824
17567
13815
18515
24245
18610
17739
3310
18979
15678
15703
23297
24087
22463
27201
16777
19028
9114
1151
23715
24874
24825
21050
10031
13852
22605
23378
15990
7235
24915
20773
22175
87
12970
4690
18948
23585
17145
21570
16049
19084
24254
15888
23517
15478
912
11070
7962
5892
4973
15593
2408
8790
15338
6980
462
1904
19592
5376
27065
26640
10035
19279
14985
9549
3705
6685
745
19170
5810
16304
23194
13939
23461
10256
20242
1970
15557
27438
18369
16068
4021
16107
3772
27072
10144
15610
1343
8342
18187
5607
25600
20992
666
25788
3478
15280
25635
17189
23542
23079
3599
5169
2323
13416
11807
19855
21072
13657
25516
25507
8017
5962
13457
23830
5053
22810
16735
24036
14516
16383
8688
16658
15946
21889
11347
15542
12400
25969
4309
4198
19759
4526
21185
14014
21516
16696
20842
2894
153
2923
25609
21220
17543
11732
9287
7663
11008
8405
7602
9743
23481
4425
16584
15609
21806
109
11600
9809
6252
2517
8027
19235
3242
26999
25433
7193
18806
4754
26534
20454
20801
3860
22228
14515
14319
23171
21533
17462
3630
5680
10403
20483
26871
12968
15812
24971
22449
2306
13907
25639
58
15894
115
6250
19191
18708
15448
17969
8706
4965
22670
14281
12060
4002
1882
6801
12086
8770
2402
11133
15857
11720
27671
14102
9477
23806
19734
26564
27481
9709
12723
23861
18219
4201
27721
14370
20150
12928
4976
10471
12370
18490
1358
16671
16911
13713
2580
17315
14251
16030
2031
12409
10972
3015
18571
11058
9750
4763
18824
5394
10121
25183
9097
22151
13471
24073
10908
1027
16319
8253
7188
19117
5570
25044
21966
20045
22241
14181
4732
5943
6868
545
11471
4048
23607
20863
15197
26219
23253
3372
10749
3005
13162
16789
6014
23882
26727
15813
11983
6749
25580
6571
12279
5610
19621
4629
22915
27638
18093
14203
17314
6521
8721
12180
18801
1916
8162
3926
23655
2895
4084
24920
12028
12727
6429
6909
3952
23447
12851
8047
20252
15640
14698
15128
27696
850
19336
2995
16998
18736
12264
847
10380
7951
16519
17779
23005
22809
2748
16432
17584
18479
2577
27453
15425
9226
25273
515
26655
17388
24154
7105
23407
26009
22343
22964
10816
8880
5596
11483
10325
21453
8495
10106
19801
1736
22191
6063
8219
25002
10372
20960
5707
27489
24776
27614
5163
20677
13238
25336
2916
11155
15458
23914
25076
1319
20151
623
25814
14729
24732
26120
22752
6852
6025
27559
14992
11171
3266
7547
25138
1274
11119
23349
9360
21475
15052
17592
11312
20050
20378
3891
1207
16567
21641
26211
774
25031
1397
8544
8564
14171
14554
20705
20069
2784
4488
7008
25723
26552
22639
19371
5801
11306
10724
9216
8099
19328
21370
27642
6459
24877
7609
17918
2868
4892
22709
2856
7807
10852
6042
12689
860
4664
2331
12747
24275
24142
25564
27467
22581
11803
15878
6682
23101
23034
7845
25748
6653
3579
23508
13347
24824
3373
19557
13171
27547
5546
18682
18121
17242
16611
25649
24518
26946
27333
13697
9504
14111
27018
14039
26262
5821
2744
23202
21797
20750
20066
14772
17202
22100
17550
15397
2635
15645
12814
21768
4926
8760
11185
6929
22422
24192
11930
15991
8552
20209
10615
9265
16244
5063
27277
20821
5948
7202
26409
17463
2236
20022
11562
17159
24058
24565
18817
23139
6256
19694
25145
15316
14976
531
645
7964
14938
14399
22283
4093
5017
25220
1550
16458
3233
5118
2688
5246
2436
24642
5664
18398
41
25997
25115
14236
20404
23270
26230
19198
6233
9310
24816
19571
4804
27497
20495
17062
21190
23814
22107
2423
19150
23906
570
4624
12781
18084
6363
22554
15567
6070
21941
22001
15345
18829
1827
24718
5485
19649
17286
3897
8171
20734
12195
25320
20912
5700
19611
20287
20054
27510
26517
23995
24063
12188
26033
17748
12037
1624
14892
3348
26854
7073
11324
19487
21583
5073
8995
8191
23169
16393
25528
5215
10712
22286
18260
20879
19252
24805
16691
3265
7258
17913
17878
25425
15382
1491
27499
20940
16842
434
25172
14145
26979
15126
10306
2288
12427
17957
14452
6201
16061
22017
27350
6215
19527
11758
8953
13954
23613
10501
10534
1664
24479
70
9055
6166
12950
27296
16028
165
5172
5925
16705
14417
9435
22362
17964
2513
16153
5813
11230
8533
5131
17201
23042
17526
6301
21037
236
15207
27652
24556
27256
22879
5329
11656
24018
7409
559
17455
3042
20613
8725
20087
8364
2165
23586
10807
15239
12847
10432
24470
11148
10522
2022
3078
1306
18638
19098
1190
17668
5787
7169
25680
716
17583
21814
23791
2169
7554
25584
20778
14098
12214
3610
27260
4712
763
25332
4301
18964
23942
18544
4221
13052
27266
23
10194
24310
3790
23137
8376
21625
13135
1532
14053
14846
15537
22697
21200
12435
5775
13480
12603
24773
19917
8127
19531
2550
7009
20640
15187
11214
4985
14407
6976
2289
7724
3435
3409
27097
17571
15738
14747
3136
2934
23515
442
16721
23786
20723
21019
26293
25830
12633
12392
5603
10250
9801
9689
23294
9359
14193
11548
13534
7319
12044
3158
1858
6492
2464
23936
16948
13100
4208
20013
26616
18011
6273
2537
23678
3696
7721
24459
23211
9284
20621
18943
18748
2372
17182
15308
26434
7574
2313
21974
24101
17284
15527
17266
23865
25607
16939
26297
19604
25475
3600
23239
4158
22698
825
25317
12067
27540
19697
9432
16583
294
3531
4277
5200
8705
13337
10780
13898
20037
15041
13115
10096
23798
14191
17014
24368
25780
21391
7080
22654
23319
9827
19321
5626
5237
15217
2860
26190
12109
6141
16394
1203
21171
26408
8646
1684
17367
12339
7797
21698
20388
12189
8281
22959
19356
7326
1872
20884
14654
20668
1605
19139
16095
18803
1456
5470
10269
5373
27032
17553
23815
24269
15429
1447
1423
5024
15065
9576
18201
6665
23982
7888
6841
21742
8731
17709
18291
11399
8737
2709
8181
6162
4366
14091
3036
19154
21808
1657
3338
5784
8959
24682
4314
12592
18389
23225
7697
14383
14688
25283
15751
14665
23220
10996
247
22296
922
22372
15793
18217
2385
9185
3659
597
25366
26570
1174
3313
25390
1018
1416
23052
7154
7281
4823
14931
20550
15867
3735
13878
13270
17644
9864
143
8317
9568
12481
14245
2139
18872
13797
3562
13607
25359
7408
14142
6142
18659
14507
10613
7933
1509
22593
5481
10942
1352
386
8752
12092
27002
24540
20813
14389
27186
16240
25850
7947
13286
9106
12640
23722
21099
13463
2757
18433
7870
27401
26761
16930
16541
19748
22065
26961
3022
5047
6159
20990
1946
11559
25068
19132
13861
25231
25842
18677
20836
10044
11969
19831
21243
11716
26846
19518
13193
4551
15132
2221
5513
13228
8574
12828
18038
99
8235
2562
26673
13630
9761
1389
19037
24495
5883
22955
11840
2088
11886
4324
23960
15439
19787
17753
25471
26683
10354
13527
13623
25999
14115
26455
3054
14121
22265
24288
24055
6862
14352
10649
25718
18144
26700
22400
4677
27461
6833
15314
22061
521
12206
21669
3442
11885
22470
8340
22051
24389
2745
24326
16281
17546
1257
25977
22835
19577
17125
25106
19548
3060
23685
9969
1991
9848
1357
17005
27362
19871
20296
13496
12533
22510
25258
22588
2889
21635
13586
8291
3070
10681
9702
2175
18349
3087
1484
24886
18954
6469
16217
5959
17073
5973
3970
13336
3995
23990
8524
815
3187
13181
14138
25949
16422
10294
17837
9061
18669
11016
21542
27376
1754
25449
25758
15748
6484
23773
6104
23667
13930
2354
10595
19049
7656
21782
4348
22896
1641
1159
24978
279
4418
12578
11907
2626
581
8704
11508
4920
7649
2470
10365
12500
18602
23259
7378
23645
26953
11677
10845
22981
14525
19363
5474
21508
5083
4107
13639
3026
66
15922
7261
19633
1912
17442
16327
2539
523
16513
15643
4881
2964
4193
7680
25491
25890
1836
196
26608
19307
22613
17948
6126
2858
22749
24695
11775
508
24826
8389
2855
19740
3162
14769
13296
1599
12625
25968
24864
9628
4473
13447
17436
14614
21083
628
4064
6101
7127
4613
5456
27042
24051
9469
21462
15328
22125
11992
18311
24187
25743
10509
121
12320
24415
21081
27328
21590
25782
24570
18386
17815
13043
6354
26955
4027
6789
26055
12229
25688
26625
8906
22379
11366
7673
10897
4149
5955
24905
11176
4764
14464
3458
18263
23839
11068
15089
1215
19077
10772
1615
9521
7830
5930
2010
27428
361
1196
26582
8543
7711
24378
8881
11792
3715
11713
7840
25021
16170
23419
10497
5864
24394
18549
11369
15499
307
13546
8114
10836
19811
18170
18
720
11812
5296
7019
7063
10179
6035
5681
22921
11422
18303
2445
16083
19966
7163
6152
5284
26388
4306
4941
18698
25090
12257
26484
8151
13008
16131
14030
27598
9841
23318
13215
18528
3157
12462
21413
5552
11038
13962
5884
14921
18445
26079
11064
18868
6767
18555
1047
1107
7639
9511
1645
5642
10173
8841
24231
27216
9851
12542
23071
27052
5581
25841
14707
10427
17544
20489
5206
22161
6163
26962
23554
744
8831
25344
21981
7960
1995
21291
27320
24770
4955
15672
21445
12561
484
6409
21399
2040
3381
26141
19919
14274
15840
11277
9836
22325
13972
4375
9918
17678
12710
5180
15935
19861
15842
8998
9661
18266
23876
17624
11935
26253
19783
7228
5346
9894
11290
1104
336
15009
20615
26008
9624
13493
1146
17236
8711
2514
12032
9024
27675
21092
14639
13305
6131
6467
14421
6314
15256
11617
18487
27398
4577
10884
7513
26900
15805
27127
22040
27149
17648
6649
8331
13400
16255
25973
5659
10625
10164
2252
24143
21922
24351
9068
17823
13509
9669
14744
22171
9730
9564
2944
17413
14129
4303
27564
11221
14229
25840
8170
7397
24301
8955
20815
18198
1497
7035
25819
22794
8967
13789
6825
4470
10958
1037
8676
176
20486
3315
16446
19751
12763
11931
22025
12833
24455
14012
17808
22217
1441
13705
23931
20229
7682
4033
14492
1360
19901
5494
24437
633
7156
21297
10159
17789
13147
13326
4705
13796
17009
10004
7152
13086
14081
11468
7136
395
4282
8894
412
14367
23639
3203
4870
9926
7637
14786
15287
8130
14415
19774
17692
6437
5415
8538
17536
16663
17791
14324
1864
11878
16230
26320
11665
3976
15721
12516
18913
12359
18114
20809
9962
15585
9073
1073
9082
791
18851
3752
4382
18789
4872
17192
10813
12536
4408
18039
12519
20436
13820
5497
6917
23302
5602
415
1363
2329
18771
8702
6396
7359
19886
21928
16144
6445
380
26737
21106
17712
11861
25530
20105
8335
15849
8076
23974
1548
9347
11669
5385
22571
19468
21600
20571
24653
22249
18885
940
10458
9398
14563
5551
27083
19143
27703
15056
15144
17278
13368
20420
21619
13774
2319
2328
16534
25951
19246
25439
654
3866
19264
3725
12771
17608
15140
24936
12388
1275
23061
19003
18588
185
14048
9534
24092
16928
22300
2430
3074
17851
2591
6534
26906
26499
23012
14821
6453
13843
13925
21874
18064
20233
10893
26088
25338
2454
3545
2486
14878
25845
22498
8884
13206
18450
9479
207
8584
2184
1943
18443
6993
20531
19008
9193
700
1576
4295
6294
22214
5940
26621
25987
23255
27090
346
4607
23160
11702
20511
6893
20140
2455
20131
19956
5248
13643
6603
11590
7642
17296
25518
23451
17852
3929
18894
24689
5058
17134
12952
20777
9007
16163
9948
25554
12076
26750
15094
5996
16503
26618
3146
20589
16288
15016
265
25419
13871
14714
8187
4114
18160
27574
2725
18597
11272
2020
26789
2327
14152
11355
16764
1268
21177
9166
15489
18362
21300
4067
7865
6623
20869
10741
13747
18315
13799
22476
16097
3800
9238
9151
3765
15070
18378
17869
19628
24780
13054
7929
17305
674
17925
6330
21074
10246
12872
63
13131
5690
10174
22103
204
12099
1802
13475
26209
22902
6143
15374
6742
20111
217
21272
1311
8251
16819
1585
16413
24169
18324
8812
756
19342
7086
6427
22050
23660
18458
8631
26698
16314
20605
15151
18645
15967
20600
5776
5504
20097
4264
21674
13071
20031
12149
6878
11190
5698
16282
15168
27388
11846
8613
4055
3535
9736
13575
24750
1756
3489
17412
13561
5724
8937
11052
23952
22743
17146
23470
18135
24005
5151
16963
591
18468
13501
7927
7307
19418
22980
4113
9536
3589
24621
27589
17117
22643
26497
6263
15035
18674
19721
11042
14574
11622
26889
19153
14474
11649
3388
16745
8117
7133
9038
23357
26575
17715
676
22686
18153
4080
479
1690
25886
24938
15679
7766
9463
2649
26915
3199
16019
12996
22804
27239
5327
16039
16056
22080
26171
16620
21485
13490
22187
6689
574
11955
4354
13426
24440
5478
8457
12856
256
16128
11795
23281
25619
21532
17484
7989
22526
25055
16644
17867
12135
20220
22660
25730
21719
12609
5716
11150
27733
19297
23028
11822
19671
11496
16807
20782
16008
7879
8595
26302
10323
4776
12989
16827
26426
26239
5157
19451
11506
22562
2620
453
20444
10520
13671
13092
22998
11126
26128
8913
18937
3122
9607
19461
10764
237
13357
7368
22453
18844
26524
21597
22335
20177
25801
4191
23154
5701
25166
1402
9092
9678
1843
13393
22974
8801
6884
16979
3923
23142
6959
12815
805
16348
11748
1886
5907
5747
20201
26690
8851
2209
17732
5119
9770
2763
27728
11710
5578
19582
1934
7278
12850
19161
11332
8671
4567
11082
23263
24711
838
3482
15178
2164
752
15518
12048
12327
13663
3337
2974
19793
4652
10188
5620
17896
13512
15615
9261
25678
18380
15463
26439
24848
8441
18695
20156
24842
26445
16141
2803
6837
12529
26643
14309
14673
22867
26828
6943
24819
18779
1354
23698
1638
7535
4727
11855
25246
9355
12224
25377
23290
26492
21660
2394
6501
11738
11172
7967
5107
9861
15576
22480
2557
3644
924
24700
22412
19508
4058
25497
18253
17796
10332
27637
23181
3628
3808
21089
10759
10553
17382
19719
19218
9118
1070
10558
11991
17252
23836
3521
24585
16020
4998
553
18988
14023
18189
25163
23162
22973
22930
15180
22937
5757
15635
15784
1999
8019
18274
27544
12653
1654
6092
1283
27685
15869
26954
6735
9404
25547
23414
26738
19500
25679
13802
2981
9830
5737
25627
3224
25777
26011
1798
26664
6924
25653
15776
10790
2415
27599
5870
17618
10008
1765
8794
8623
17083
26273
503
3775
3704
12730
14999
15687
6420
8985
4704
8626
13040
1449
893
10387
12563
23456
17517
22947
5641
4807
678
13061
9557
14830
6005
17548
12465
3744
27338
19066
20213
7208
19895
5287
23265
8237
25278
14403
1822
10395
12222
6474
17396
12380
27267
4334
24659
16828
4786
2663
13721
24705
2376
24983
22416
17027
17264
47
20462
20898
21387
23017
23292
9209
16360
25902
1541
4496
15304
10918
3871
4203
26417
9540
11891
18538
23565
15707
3848
20364
25879
7210
18983
16476
10114
27138
17101
2879
15964
16500
6373
23440
15106
18518
25442
16181
12733
11375
2366
20447
20904
16406
11342
2621
26857
161
8125
13140
15596
19350
3332
13006
11298
9270
3822
3532
27106
4918
3218
26398
16890
25462
13731
25263
22816
19186
17333
1121
21734
9977
5916
13616
8092
22737
25037
19242
1542
13603
27111
11381
17020
13653
17930
5673
21119
12787
16954
20697
11883
12006
27569
19215
21576
2949
19928
13263
10964
17700
9232
14114
6807
23308
16036
2145
20520
3282
15401
10279
8192
4665
8820
1950
12685
22388
18940
18593
11863
24307
9911
2873
2462
8269
26821
17836
15936
21213
24411
13596
10017
661
13094
22016
21850
21562
7264
17803
783
7786
3982
15198
21202
3403
1852
25811
11122
16289
19225
26508
16571
13827
22874
7427
1562
12163
3787
9583
10445
12697
9203
8589
22745
10363
13242
12361
19020
3444
26292
21772
10482
14489
3988
19544
14211
9028
20339
12616
2106
16449
20826
22783
13484
19991
2679
11207
2538
19641
24429
23742
2645
9879
12219
9767
17979
16441
21860
6584
12352
4478
23189
18453
4495
4587
24180
20189
2699
18359
3845
15416
4709
12034
25622
6511
5565
329
9158
21422
13005
24856
10479
23556
20714
16549
21883
12959
7100
22213
13432
25426
10999
10939
26562
21235
9930
8263
3948
5348
9967
16947
18210
18181
23023
11980
6736
13566
4463
762
5652
607
22386
19904
17386
25293
6875
27158
1899
10700
4878
9937
26825
4534
12058
6357
18772
25793
20193
2715
4361
1055
6118
10665
18860
5145
24388
16985
18092
4319
7050
20059
15803
4597
23736
23661
26151
22847
8980
21254
22391
24148
9139
17226
12065
3108
7861
12343
8927
3654
7280
187
21022
3296
15768
5619
9184
27060
10603
20360
11264
1721
18500
21040
26070
12797
19880
10450
17029
23873
16592
33
2108
17376
5255
6211
11610
7794
2474
24632
1188
8804
3356
19181
928
18933
5147
13911
1669
12138
22636
25414
19130
11832
17879
16089
25300
21935
11293
23201
7453
20878
10041
24616
2775
11978
21323
25071
17351
20396
10519
22504
9940
2664
2461
23112
4486
6999
9423
17601
23550
23729
6052
21561
10254
10680
16114
24015
7689
10633
7059
7
6191
8889
7973
16537
22837
8686
3920
26160
18870
8476
9771
11719
12103
23103
24909
648
1134
25585
25373
4747
15486
20502
3253
14300
9239
22028
7778
14815
12890
25083
22180
20811
4995
3255
25722
14527
20011
16575
19961
26969
24120
905
768
18578
13380
18642
3092
493
3323
10320
6237
20422
26157
25682
26591
25895
4857
12490
20323
10012
19400
3883
2876
5411
24748
14218
12177
10317
20266
1977
12551
313
4794
4434
18305
10650
8693
2796
23504
2318
16296
81
11186
1477
2989
7179
6967
10263
21209
10930
16341
19875
13990
2700
706
23891
24130
10423
27202
5424
2007
5433
3697
27523
14638
8053
15098
11249
1578
26780
6280
26659
1997
11999
3106
19046
540
24722
3085
7244
25382
4338
2225
960
1
8198
8554
20800
17579
25533
1453
6003
7500
8922
26607
10785
8468
26544
2693
6057
3615
18887
15970
436
21897
9597
18473
9637
7297
26776
22905
10721
6388
7542
2638
568
18130
10217
4446
11198
18343
15835
25724
15663
1553
18281
25481
14538
1184
21149
14808
24571
23339
20178
6076
11022
5262
2127
22733
23204
4163
18044
26769
15921
22968
18063
22090
5401
27386
24788
14855
13014
26522
24320
13777
6942
27561
14841
15509
9219
21128
18879
22078
27141
19389
12283
4656
10083
13440
20619
25826
12310
26248
6486
3427
133
3850
13196
9769
11101
21557
7585
7181
18407
3900
6578
839
2125
6989
27477
23709
15158
9018
25541
7445
11996
26881
16683
4611
10831
11265
4689
24880
6561
23127
15294
1928
7716
17534
18429
14998
21990
12754
20132
10585
17168
13389
14624
16837
19974
19438
7503
13483
16001
22030
20651
7702
7491
7483
8071
9304
11088
27360
25430
22822
8636
27323
17476
26653
24327
21154
16353
11853
14603
4766
16156
19541
10301
13887
3331
14695
20368
4043
16491
9638
12466
24760
15546
2767
20127
26689
17910
12298
22437
22863
20820
1465
4532
21055
5901
21725
21064
14255
25215
12905
6530
10870
23593
15617
10339
24839
13687
12713
7400
26095
7732
2265
6423
3276
21032
13023
1502
22360
14267
23923
6112
14864
11668
10527
27680
3113
5040
12289
22075
19254
18936
25342
3962
8802
11076
18071
12607
3212
21504
21002
15759
6173
1011
15437
11875
9001
8325
14328
10691
2900
8229
24091
26448
26533
25697
19839
16367
23764
74
11687
27152
6936
12119
23862
20780
23576
22530
22858
5253
15362
14082
21345
7196
20766
10000
4142
3812
14792
9300
14342
25473
14928
3295
19108
19502
9384
966
20690
23083
6656
23859
21304
21867
26837
14845
23688
20314
19542
7216
9392
16417
22626
3669
24314
20929
14062
27014
17231
4086
20541
8451
26052
23782
2006
19202
17860
4068
7583
8396
17945
7558
26198
24217
8310
11458
25396
11680
21552
8486
21402
17641
18240
17967
4929
822
8436
18900
4389
11393
2243
22064
24924
26042
8274
8135
887
5139
19856
2533
3997
26207
12301
10195
3507
25240
8932
5272
2503
12880
10408
688
14301
27005
2080
387
3686
18880
12415
10009
11552
4385
22258
10707
19074
25857
21498
19057
6282
14901
8075
6542
8776
5444
10640
18004
17688
26748
26709
3127
170
18451
3304
691
3231
18471
26109
6240
27661
14359