4921
63847
27367
60597
77688
71769
8905
74001
72182
50607
69958
81482
40974
14287
70988
38170
10384
32776
44572
41442
81572
32950
64392
48376
39830
78149
14466
1247
7685
3373
28942
64065
27874
67019
46542
37530
78240
57013
67438
14051
52308
28705
81716
22448
55609
66271
65857
3433
38761
18848
65236
41572
12387
56558
53316
18122
35374
73690
3742
54290
69822
82972
24906
77727
56173
66005
67147
82553
46064
31405
25123
39798
59506
20696
63889
77352
48807
1197
66813
44394
13822
58802
43426
43475
33510
82912
50519
54706
31025
27664
49999
27078
45128
42499
77670
78636
22569
7645
42367
68539
83052
80826
48867
22458
32610
36475
19704
32713
15257
11000
40737
55048
80126
48788
22639
10826
36818
49496
53035
26378
41634
5584
7526
67170
62925
17515
18527
34011
16920
19300
28748
79872
33693
57714
63686
48856
79798
75057
56356
49209
59892
37146
38649
1232
50664
66882
29920
46840
61026
26898
40480
42960
78619
40991
28861
56450
61531
55469
9345
55660
43727
48399
27533
64105
17906
76933
65425
10815
39602
50167
33564
68704
57453
54266
13534
73268
73625
51338
45931
13469
9993
21273
71049
27837
65947
49993
58426
64304
33327
59910
78983
72065
71575
20164
23264
24828
56994
34096
50291
16156
26560
49238
74620
80636
4224
67759
55718
72067
40303
4900
75350
72698
19727
70382
5792
48102
32840
34072
75722
42801
55166
6450
67493
28931
10371
3278
30828
70468
41621
62128
57908
56879
3429
70955
56118
49631
34770
52745
76858
82262
35162
80670
41699
64443
51389
19277
34847
66095
76137
21088
32417
71974
74841
10536
27288
63628
29151
34808
16013
26053
50554
6469
57915
29222
74251
29557
54471
48012
21710
54659
46087
80468
37088
28367
32942
59829
4811
44773
75451
13360
53863
61141
10408
25679
66193
54681
30735
39682
54144
29037
35985
80849
14767
35402
64230
29292
70336
70248
77999
74256
10012
66263
26874
68020
7389
53376
83012
63267
59159
64224
76037
65786
47061
38594
40083
43577
17908
29656
81848
81603
27296
34865
45115
26045
74076
82740
6164
48240
5425
78780
36426
78117
28286
63705
65708
79196
80037
16265
29500
77318
42619
65107
6068
74120
64312
77386
78897
55157
37550
31987
25725
78491
73073
12243
11831
32911
4886
77936
54273
66446
9872
69513
56785
46873
47523
43452
54061
52210
12427
58123
68634
39498
55637
35298
53553
34613
33028
81182
56885
40956
49668
72955
44055
73290
46882
46211
65936
70002
43340
73179
81389
55593
37325
81902
63036
73974
39571
55781
2619
1532
14735
14308
14221
12446
34424
44250
45306
81411
5208
18891
56048
18405
61184
30898
11600
689
76652
56336
66020
9212
35977
19243
70622
58243
2424
50222
55091
41124
844
10376
51895
71213
21529
52051
81793
69602
80794
52062
67905
41478
80472
54372
24588
68878
3191
30993
25904
12186
33183
38015
27355
53907
27550
57021
25750
41627
19602
43382
8884
63879
38638
54069
72824
48972
24982
27996
81611
10851
64063
51053
2227
18055
65665
21031
74300
66875
23303
17525
29419
11056
50702
79826
76840
38209
24755
36797
71121
51788
41684
7692
72616
35631
76948
52085
43534
73994
44581
59409
31132
51986
65047
13228
18400
70883
19322
32655
13737
76429
66365
74776
72936
4518
44822
69896
463
38907
49420
80059
15927
24045
45338
17743
16399
38430
11142
50549
52936
68073
80356
34203
17234
77168
57889
75040
6696
19552
77862
80531
15160
47696
68342
25433
60398
82705
3925
28991
40513
32703
54350
34013
72933
37592
71154
43038
72242
70047
78094
20119
10570
80247
1250
21387
5262
26443
47411
41169
20772
27501
41114
9733
59521
66222
79348
54816
32229
56644
24926
18866
76757
24619
68439
5778
40928
14927
39623
68840
66498
5841
21961
36693
56534
42173
79356
50809
33488
83178
11005
33280
41807
76389
37733
28687
16763
43012
82623
41100
70524
69732
20091
11808
76541
43184
20597
46143
57517
57869
14316
22209
60
26484
47318
54795
32631
43831
44742
62383
3537
13559
53329
27991
56349
49964
21912
33227
43425
69518
64161
67392
68556
62023
27936
33177
66293
77141
8653
72172
70849
28598
39419
75830
71519
44805
58756
62224
17852
65308
16319
24648
55121
158
33385
68908
82573
19284
73189
40116
64591
32036
5363
19368
50628
42891
40
81187
78675
48532
67286
18366
63162
63871
50835
56664
14619
16
68670
48470
40523
66622
60320
176
24178
72032
1725
19688
35225
24125
82172
24231
53910
57527
55524
49174
9801
28765
73615
54962
62435
63991
82735
19871
71204
879
881
20676
45081
32005
33697
4102
29772
66831
61720
51208
25955
56931
73333
67979
36836
64460
7698
74515
9110
48610
80696
28808
77299
33420
22014
76660
40499
81542
38187
45823
65770
52299
44286
75011
77786
58994
26092
18800
27842
42199
32134
5339
23890
47564
27262
55136
61199
38331
71626
61984
18566
34437
66116
55721
55413
12502
1616
70834
17335
75219
47147
80543
79446
24849
2934
72932
52561
80729
52758
75429
39815
16712
15413
72888
24240
8715
5956
81291
43710
76965
50013
16778
42425
7599
74698
31932
21423
80876
76287
68600
23490
17654
77694
16973
58829
41880
33407
16743
11587
71249
13669
8533
74929
24904
71635
48478
64620
76761
18320
32547
57140
82847
47924
12811
38072
62085
66824
62582
25074
32424
22180
35920
20010
17882
81565
10114
22986
5325
74535
12089
22041
46267
6615
16618
52244
77429
71943
47982
76575
34599
51610
53044
29310
60198
29026
43401
15184
47247
62504
8143
10457
16864
55156
52950
28170
60022
65897
30028
54158
74288
73597
33295
39473
33377
56830
72312
28065
67107
75575
10830
11187
58929
20850
57057
49399
54167
39215
75691
44685
76296
81478
72606
75584
333
1053
2656
54818
64331
46359
76774
41683
27332
41788
40056
10406
53786
75762
38830
60706
78939
82488
58303
50497
58105
30936
2600
3503
494
38362
69687
65546
32
23851
57273
57204
28265
78343
39545
71241
61365
20021
50563
64137
75388
54947
82622
23970
55017
78274
26187
68383
32465
62241
2697
79125
19960
82587
44009
37713
30908
8978
20195
37124
10309
41963
14131
57002
52394
15733
26505
62598
74865
7658
80442
19635
79257
19967
60918
79134
23047
145
25037
35004
55155
57787
21308
1029
4781
53744
60079
57030
2711
16555
78114
46943
61568
9886
82839
75594
79248
34449
19959
56515
64493
72541
61836
6167
18503
31536
4030
37999
68605
37951
24337
44098
42057
3607
49002
66719
77154
29710
62706
46615
43278
40455
52601
63108
77563
41087
37784
35176
64292
67859
7784
30169
31008
43471
45485
12010
42719
41563
78258
73715
46490
64751
8077
9526
42208
66172
24787
78786
65614
29413
24704
226
62015
74967
54716
41734
72851
58703
58529
5334
72404
53189
39288
79330
44942
23298
38607
34706
4653
14173
80785
78353
40584
41968
22619
70113
80934
22557
25408
28717
39811
14887
81800
58358
65817
78650
45634
33548
71531
42215
20066
75100
57392
58430
81021
41254
30458
25871
57424
9973
26280
80169
23947
43810
62230
69141
7191
24252
42261
27619
63837
71075
31289
32552
17113
66209
52114
33008
24366
80447
53132
45366
67545
75718
39245
14937
73522
82178
55495
73545
37429
39642
64014
1658
66660
25220
46929
42817
47529
68984
83217
39112
19298
33228
66147
79995
8544
48000
36498
57081
53250
82886
16588
1720
54629
68740
61505
33805
70444
55710
80236
5661
81447
2297
25882
30122
67784
73983
21200
34853
78683
56244
7703
75149
56386
73221
70270
7529
26129
20471
43315
53849
52938
45186
79482
54410
52556
6150
16918
53784
12106
37804
47573
26317
13345
69085
39569
69465
42272
2255
12799
31962
8142
44897
48181
4351
82332
18024
78692
1299
70977
6645
22298
37836
11238
25932
57700
69940
30608
44612
26036
26718
69320
31415
75600
16083
65369
68140
13254
30040
8842
62259
80134
45667
37917
382
50309
25334
39705
49233
28925
9518
33175
79410
16448
3342
63817
64778
16409
2776
68409
7068
40256
46531
43961
74674
77370
41376
41602
56938
32275
13944
13259
10208
1421
72815
2135
33651
50614
39381
72739
66051
74273
81712
72523
56492
59945
36942
45434
76922
12137
40348
17101
25300
20744
28180
38696
39613
4037
52698
15973
42035
16444
64581
33417
16058
18000
44866
76156
68994
82205
67239
71513
74831
7072
44311
52153
54434
35313
23111
6850
60243
78609
35529
43685
10750
82807
66861
80084
69646
83064
56005
72964
37005
32105
13115
37203
5514
6925
77396
35908
19119
15745
51408
6666
57798
22550
23750
9557
50850
65755
37827
51364
2608
66830
27043
52179
63646
10938
44095
67372
57952
13795
53267
75351
58897
55099
19365
58470
58962
69564
82144
63747
60801
40038
38713
60882
58558
61767
7571
74846
46250
1085
19292
7370
55219
3606
27883
23041
49801
8630
82347
20699
69842
15526
72267
34086
75416
74062
56150
21695
82724
18067
73793
21834
21882
1264
68668
76466
52840
5968
71746
81681
64969
16146
78746
12115
75302
15144
70
65283
34446
8277
73788
42897
80886
25964
7431
62066
22279
55402
59141
33251
53817
46154
20826
49274
6856
48296
66716
22066
6405
1123
59985
69947
23217
24225
57639
20560
1687
73388
56965
747
56472
19182
53634
3657
36134
66266
44258
63610
70783
36636
61460
66803
4953
79956
36257
1013
76486
32920
19985
79881
69558
75378
17098
27779
6126
53805
66394
64073
38634
9422
82343
73803
39659
28535
76893
74422
54549
10105
29532
2039
29690
13682
61544
75544
10955
15484
80522
14555
16637
36738
20288
68295
71235
24036
14915
27422
7419
1859
30479
43638
57117
44738
37882
79303
36655
63971
36310
27955
24352
51251
18860
10265
10441
8701
14379
70649
70191
6312
50748
64002
69462
24221
44190
686
953
4636
46746
52037
534
43289
53439
68334
71564
49043
4064
44749
58022
26925
65263
23720
26829
78957
59932
49576
70361
49072
36484
6515
30515
27980
62998
70843
80419
9113
38304
76885
60892
79682
70790
60842
28666
33478
74550
23013
34476
29477
70216
24211
52917
38183
50173
68202
34509
77151
3849
3588
69410
82901
54030
425
67650
73006
10356
14967
64388
3556
14523
69612
68454
66789
15256
24663
345
61471
54400
17676
68913
42831
50086
45136
20093
61843
42335
49605
25890
12866
12339
56276
68052
73052
80018
41331
13217
10735
28907
43933
65803
14126
36618
50419
83137
17208
73660
10318
28848
64596
59911
76852
57102
16821
34306
49844
71359
24457
75390
20205
28772
11524
26797
46835
43766
55924
39735
53187
65168
38260
81939
79919
51875
38977
1437
47861
29377
40923
2483
37630
40312
33835
81904
72000
80124
44272
72390
20484
15830
54221
21855
68916
1574
31389
19546
45343
44535
5610
58536
17140
77949
51819
40490
75696
78259
70840
79928
61649
28199
15378
78070
66130
13605
26367
35445
23784
54970
72459
60674
78173
67732
53430
67612
9114
30930
2049
15616
45963
69879
51804
64510
77756
34819
23387
9368
80831
62902
11107
43196
70396
31310
59299
81506
81033
53696
34732
53394
39796
58285
24858
743
70057
48914
76044
33309
63156
53985
12947
8780
74013
21405
78504
62898
30051
13429
70655
81110
66886
13624
45550
366
15741
70103
69803
76054
33895
23310
75930
812
67038
24664
15903
51741
16129
61964
14248
44557
5174
54105
80028
77990
12270
68043
18666
23549
30612
65247
74212
13242
61381
25841
1587
22242
19624
77651
64351
11402
40358
46919
42795
53225
60366
60146
61343
71537
49450
44231
39917
60655
60442
51418
69011
75894
27035
40335
42998
49741
68647
65433
61114
23836
82930
55330
36514
63874
49305
45145
9382
56309
32082
10902
7992
68391
68205
47521
74748
17538
14783
50476
82317
51107
40207
80122
69750
61676
20886
27019
15776
53982
40559
73084
48254
7667
30656
36254
49459
1351
61245
16034
49589
34182
82502
16908
16412
42123
45280
13866
14712
77703
50010
31941
82836
65492
78677
44813
59826
76554
61946
56951
42209
12714
16656
55981
69412
38953
17226
75769
43553
12196
67900
83037
34606
45964
52094
26320
7351
1841
37491
21344
41309
71125
55711
14098
26914
51090
64422
77773
83124
70107
56344
25011
45282
55870
81555
2983
6816
14386
38939
77831
31833
50526
56424
36320
32456
82181
21889
7233
40724
74835
30252
4368
61806
81511
28203
73276
25025
4422
41002
38825
9660
3712
60054
5848
31826
29700
46616
72790
47811
60908
44835
78305
4741
74843
21583
44352
13577
70173
69738
26002
32031
48984
65689
80609
29819
83086
20388
15349
57723
50731
23512
74953
77263
60730
78991
69920
77741
16647
23598
53462
75560
63645
9647
38248
52295
35824
67911
51957
53687
58032
42842
47795
13556
13561
52522
65293
592
22191
1307
28103
80530
72099
38958
62819
52565
16131
22030
43600
71331
43979
17598
50919
31621
7868
64050
15003
68734
42024
80731
11123
28680
77505
77027
76715
45605
80038
436
69046
63785
72380
462
57254
56925
46565
79494
10162
52944
58825
13858
55358
53798
674
74561
54690
11040
42048
33703
44214
21862
18791
3096
62027
2965
59451
69080
59492
78154
46254
65604
40554
55187
55509
67538
2324
58974
72600
70516
73201
63975
24538
83030
35122
42809
79001
51103
57945
71622
8599
64027
11864
10578
50091
24678
39803
80379
33802
45288
74898
53775
27168
41120
75997
59899
37769
71684
20865
56248
78277
38134
5616
75030
73069
42560
49917
73437
1656
4717
64111
63792
9280
66502
77853
56028
66721
51968
64208
69980
77980
58375
21690
73844
68514
57688
58615
34047
59592
72986
81380
33321
15820
50195
6935
73529
29609
10474
48120
83216
62152
17693
13991
54519
43801
81724
62198
48239
73565
67670
2938
10504
19538
47364
28415
54440
67539
61625
66381
7054
80742
78719
21809
54849
43630
44731
30218
82892
2462
79713
62057
10819
81438
80741
66324
31850
40652
71373
74919
1154
63099
40107
77314
77032
46845
17711
79902
55905
27692
20005
1646
56036
72204
30254
10528
56293
75211
74033
445
62805
978
75862
43658
6825
40899
31873
54452
18783
29586
46589
55028
54401
52737
38199
65311
50356
51546
57710
43075
64863
40803
80935
63464
76782
45510
34217
17304
77959
27364
27742
69083
2499
5702
19844
42705
73282
41801
19115
80941
41300
70166
66475
82080
12560
55269
52983
29241
15061
51120
25206
56169
31551
42855
50627
36099
19930
21453
82817
32754
41532
17752
74641
57484
21677
16564
21115
31048
69049
15028
54832
57530
31584
22313
30838
51397
22807
1741
5173
53812
56982
14094
3929
79193
52686
34964
56932
54352
8894
40875
50012
54356
2269
60062
38560
67571
83074
32747
36006
77271
77408
3597
2630
37369
8857
66080
60571
82612
61736
22083
22629
53166
21084
73546
27617
74194
71955
9145
83108
2381
56845
38011
39205
21682
32862
42105
27521
76375
56125
74490
24058
32122
54318
24555
5929
58819
33052
23637
8210
19475
8056
6543
53076
31742
45168
58659
52478
70926
24304
80072
42970
82520
1325
75550
40849
21158
68818
63304
17117
19454
55630
68678
30412
76385
82605
40092
17273
61638
69
13159
39416
33435
69596
991
44075
58619
17621
71556
52470
17919
29560
53640
71772
42707
63630
6544
62912
66012
4022
20340
3309
76268
41206
50484
56077
393
6776
55733
76926
74109
20434
17489
73022
67554
72727
8480
21716
25392
41453
15804
16529
65439
35777
57107
17195
69670
9176
41861
79695
29202
56007
20105
68843
66570
45695
7812
6906
36223
9461
74789
79334
74499
4069
50258
77290
76916
34157
50364
81154
42433
74087
7045
37347
73570
14372
63998
28626
60348
244
44774
81525
71565
46704
73186
78910
31297
60281
9480
79606
8925
35196
50697
6331
34315
53867
32058
17672
57892
42731
42281
40031
56624
4267
8440
72374
31046
34783
49864
76027
47813
19043
49404
31668
64546
71996
79763
51526
24067
66153
68035
80115
67277
35065
64529
16496
3402
28642
36170
59960
4632
38658
71196
21810
29735
1821
47615
46074
68366
13615
80454
52978
72347
34226
38418
68179
23386
8867
25758
82820
81785
81571
50206
62855
73405
70123
44140
47137
82224
29863
67506
38302
31263
5825
5369
8250
51818
24878
73423
35169
50299
73460
57982
11118
66049
73042
76768
13099
5775
62937
82376
51751
26620
27734
46554
20408
15778
31179
18507
5324
32238
54295
64548
76471
82747
24335
14621
41592
56776
32408
75629
42411
82992
46141
8119
78086
10484
25225
70584
31890
63585
71532
67886
25858
16928
3210
61485
23566
37546
30684
58387
82146
2831
28350
72089
27571
28224
18753
56401
70631
58182
16855
37010
63257
25509
36455
30370
35800
40276
51839
78908
47908
80939
58184
80514
63458
73657
11466
39448
26893
76165
41106
66946
50087
39186
75004
13035
12065
27484
20257
21048
20076
11553
48849
17313
74679
24644
11601
13206
29746
59878
27848
61536
67129
80455
16238
38125
66950
3968
67653
50111
29367
66583
81587
82134
61921
134
41639
45219
69623
64976
58478
32327
6383
18578
52026
75868
23367
11286
16979
10136
61935
65418
6241
17339
14071
67673
10671
67233
76496
15722
78514
31254
42740
36416
2130
74544
7939
81945
15032
77597
20995
65846
9429
15176
13982
15066
24843
81233
19085
61547
21260
44590
63181
72880
25197
253
52163
17374
55497
22108
4758
55277
31495
349
48574
57406
28003
57610
34473
72437
17426
65526
76212
7157
36458
18360
40964
41144
56425
65041
69781
2296
79047
43086
26923
69720
7382
9404
6607
9349
51896
39544
75216
26124
46396
54500
77956
9436
66969
54382
71978
7952
28243
65237
32701
49058
80504
80041
35640
66594
74985
38007
22956
11879
8283
66943
50437
6389
9788
49033
66060
41396
19312
27450
39074
48990
75726
77422
59849
70555
1833
602
47245
39895
82830
76021
69816
45216
44078
55082
50877
35691
56580
42071
57082
3724
60554
24322
11143
25944
3147
23856
39167
69002
77997
71087
14184
50522
37289
40788
41416
14823
16701
19541
72714
51132
20058
83198
72128
2642
42606
80286
11502
68873
83160
25171
73923
23659
17815
49926
58165
55174
71948
26067
34512
30870
24953
50360
75980
7230
74371
55395
52365
45439
55861
12068
82232
79077
23426
17606
82394
26476
72045
62546
45770
34746
69633
48707
63015
42819
67546
48062
63362
39844
77308
58205
49896
68478
79333
79225
18817
79071
72030
40858
38453
27351
67704
64599
76990
14261
69812
83118
32489
71699
22835
69527
38588
30237
29622
18895
30299
30686
80555
69143
38606
12522
11482
31120
47541
32162
67966
43629
33290
41984
281
46896
62281
41549
75280
49600
25546
71479
74440
44003
55408
25580
48006
63798
63968
22223
3709
72908
47978
41689
58055
46853
58498
15870
62931
80963
21642
17022
15671
80065
53710
52204
41779
59006
1348
31902
41170
43869
37707
23574
47652
82011
4574
36650
33860
48540
38740
10507
82538
40199
7002
75783
71734
68922
38110
2683
5396
18982
55575
45454
50426
45356
66431
1260
61470
38464
8128
75606
11657
30726
79245
29794
75373
32028
80797
29308
2900
80972
78481
48721
78014
37167
59915
44839
78035
51198
66559
73310
57765
5152
79835
36838
77309
43136
54183
20876
43928
14583
33248
54854
66405
75242
54380
79736
54312
50539
51081
76593
72120
18621
48816
45450
40882
4501
19120
77498
8333
30014
55207
49468
54493
428
17552
77136
39588
14423
31436
29635
34972
7487
35666
68195
82413
40625
43756
37061
26698
38164
81971
48701
62001
5098
18597
44713
61149
15867
44304
65528
8504
66604
71398
6077
17206
15266
51501
80104
18093
49553
53260
66032
34296
56560
9335
27068
61875
59125
77946
48675
12734
31942
77487
80396
31997
1466
55980
15545
73033
5801
53008
13547
486
82989
46952
4837
45472
50011
18683
38491
8184
79343
7209
57859
81856
28396
4990
37315
67052
74464
6063
45209
65736
37681
20043
83188
29882
2922
47435
72252
77039
29913
75249
78887
52059
35930
71422
56861
15533
106
14062
72218
68887
77364
53279
35780
69204
9257
36590
59441
63191
58590
71254
74163
18454
50582
74486
59678
25150
74329
52413
33599
41196
21014
2017
68377
23627
72094
80213
82253
39898
52409
63589
80125
17859
55150
79267
9943
37355
75389
39948
39717
61619
55245
16293
43074
50852
15051
69387
45103
46356
73141
36508
32156
45161
21325
36121
12607
67717
65538
53508
52128
27645
51071
23516
19791
25349
82100
74602
39951
64662
7142
80651
47358
33217
27449
81580
49675
69147
76791
6724
60436
65228
65748
15020
76484
30107
53662
8176
21626
40790
58015
80189
74373
49380
70774
81127
82560
78295
54727
52619
72755
59415
64684
12058
2105
24423
35904
73168
54175
13684
30788
50751
29394
38948
18966
82887
765
4826
8130
78080
68811
30631
35365
79208
29271
37754
51858
23036
34679
21814
72919
70315
74608
1495
18881
13140
29356
54390
51775
37636
23781
59262
81253
79743
20213
64539
20748
42357
35519
79433
57370
65928
65759
67939
65827
4583
81281
7049
41970
7308
14035
55453
50072
36584
22844
45904
30060
78394
50474
39718
5620
75528
32513
73364
19335
20298
77546
50953
2210
47672
15546
4464
48111
50075
56102
74311
17258
32582
74366
76855
26433
29219
18973
18337
19897
69748
81095
60564
30576
53525
18065
40124
47772
16453
72509
65111
6153
39366
77191
5880
18348
44969
10860
47998
33415
48193
10998
61361
81832
32531
66846
79056
18468
14901
56929
51590
50041
5083
59783
29207
54535
23460
61564
48172
46994
49858
9230
66077
44429
74629
56704
62459
56177
53752
78741
75202
11206
50229
11075
24505
52962
48521
78972
43857
45760
15396
17573
60004
29028
81018
59050
40427
14024
3358
40823
1966
55210
6540
69695
11218
61973
74567
35027
69165
40764
67738
52637
36947
22933
9413
19737
25792
47950
80148
31923
13813
61374
2792
80374
10179
71084
52796
51649
74949
53106
75240
47380
34536
38296
23559
4982
18439
49067
18476
55072
16535
42378
70466
18857
68493
65085
42184
60999
19922
11759
52528
44988
81569
17905
11116
33828
3156
68089
890
80339
22198
56753
32364
48237
13446
82433
34008
31785
50297
52438
77332
40165
55812
2411
62563
64743
45429
52175
77359
75676
56109
1000
49023
13574
23464
43892
68280
9572
62484
23054
73029
32249
58811
35679
74334
61601
52749
70226
21040
22045
66312
9912
59153
45443
5011
81240
80586
33844
36013
78310
79402
19425
51545
48099
6095
9609
11014
76172
15651
21212
73064
29330
60529
34671
38427
2438
39862
59103
51334
54444
23600
958
53240
82493
80142
66958
77209
60617
46606
2450
32953
5761
14932
23885
29940
61829
26805
73122
57244
50910
19671
35735
79221
80916
23032
18918
50515
49315
72837
56570
259
83004
10218
69159
43594
61317
50847
8597
60850
30389
40999
32593
39357
72780
74246
44624
8202
78009
82607
77078
26760
70032
9089
36083
4377
62492
2073
82156
12373
23874
58618
78634
19656
63760
68725
63414
10885
36445
47843
51632
76203
47479
8763
11619
4217
2157
41506
9502
27841
31097
58488
78248
15081
1072
28251
20162
28276
3549
22308
82543
53176
49507
46755
79126
68837
5869
32588
31034
26162
48027
4767
68428
75272
24210
68126
6548
41012
53953
61440
24711
46007
79628
21517
13569
35811
54456
76461
72684
30746
69762
3003
43255
75988
65428
33845
77019
78414
58446
79675
21378
52655
73635
23045
65281
24792
38151
41298
9328
16907
76841
46724
8137
49937
68559
46889
77192
40867
50375
82040
52050
40855
69653
65336
62439
50453
68669
4158
76631
61586
49352
30614
67177
47868
53779
24199
11674
6635
58080
47838
1998
73203
32019
17734
43296
35364
68309
27304
49237
4337
25476
62698
73825
49096
52704
30524
78483
29899
7234
52829
80578
17561
37439
33133
383
22787
49979
1
4721
73606
15606
64613
40403
72291
63492
13964
58132
12535
9842
25421
35179
22284
21193
81383
59561
56971
69484
65874
15427
81924
34235
73270
44496
66745
44262
30784
21471
58368
2693
19562
38596
65468
6305
34451
11839
47429
49693
16141
6814
49310
31114
19608
59480
76187
8483
67237
70795
5469
31299
68116
75471
82220
36941
51323
13188
4780
68949
77073
57353
77534
8622
986
77693
60833
9222
76984
17539
15195
53119
45459
66162
38668
69857
47232
49263
14816
28452
50391
39168
68193
43157
74260
18242
79615
31865
13287
7104
60105
21071
25719
38891
968
70652
7877
30694
8361
46004
6835
34500
78844
81041
24207
41502
10147
41233
67592
2740
25626
81988
23805
40055
6794
60405
73675
56842
78169
81869
2403
15642
74797
9625
69256
77105
39531
71504
65649
60256
55448
4877
10099
21463
77660
21541
28696
72419
4704
27227
9069
24410
5143
33739
39532
7835
49199
10962
58857
50672
68172
20129
47915
64936
69216
40914
14637
9744
77765
68006
44001
50513
45864
46658
48724
78476
52435
43882
56376
30464
7059
11093
36524
4942
69378
10448
53605
28426
78601
34975
62949
52816
48832
58926
10258
66182
33712
49414
66587
36203
82366
76567
19030
14775
29891
27100
80335
25047
78309
37611
82664
79215
33445
13178
80191
6986
78111
37240
41497
2993
59668
29604
12149
77164
32252
27255
14329
29836
33891
47333
65052
80615
79525
32729
38890
49535
43249
75651
50248
21174
76342
49821
71603
51977
6328
17302
82767
78708
12653
80146
42613
58904
61298
62714
11715
75377
48668
61666
24377
65204
71337
15407
67091
38651
56406
25326
75592
38636
37873
34802
65350
46028
39283
23878
34906
31215
14147
8033
53004
78962
71474
2569
10785
6010
10347
50061
25249
77346
79150
12274
49130
67994
7300
59626
31246
34882
6949
80685
3509
8937
32384
24473
63452
52551
66276
3683
19504
17174
63575
3297
62156
20366
23984
81197
51448
5335
14921
42979
44369
63776
51553
61132
882
80316
71272
71558
74506
11471
30273
72458
62319
26340
12804
13981
38059
3571
52224
39508
15232
5686
7134
7537
29600
48165
43864
5636
78527
45679
17860
47395
68812
14674
63120
67458
37213
10699
59786
46805
12205
51265
57843
48551
48623
36124
48895
71371
53545
22218
26647
47853
11776
76975
72912
50079
23611
67602
33672
76406
63564
45478
45236
7029
77166
55422
66369
57041
7728
13576
27052
76432
67196
50693
36267
14003
58344
52875
48091
23213
32338
34506
50431
43609
31056
42471
906
40189
10650
45154
21351
42510
70295
24478
3385
44385
886
5866
59032
33518
53616
25236
30283
60308
10876
29820
11855
74455
72940
69099
81953
34660
42713
71222
60057
6973
67603
65840
70577
36212
65943
73445
8429
58676
71307
11147
54200
65751
13877
10491
37153
70878
63022
9822
37374
69543
50857
27173
19357
1991
63071
27794
52328
34539
79313
17930
49617
63044
73740
76132
10547
71761
34568
5128
74130
4823
28110
48743
16482
27086
59434
22662
40814
1706
53351
44157
41921
60351
48444
31427
47734
29588
4657
37794
28775
22259
58147
63757
76927
59274
12564
32685
5439
18064
60199
64666
29894
7173
10032
64568
63407
82362
12348
38857
76014
31350
47690
63442
1575
29001
47666
12301
68072
12396
2720
22352
77916
75022
52853
6263
16886
76954
12225
65809
66427
55159
34283
74119
74587
25221
60507
10355
35728
37661
50000
23337
59751
66637
61687
75002
51959
70511
2948
34993
26749
49268
52460
59884
7479
10698
78736
14799
42623
40492
41709
1744
65580
46405
6103
33100
34062
41653
78081
42073
37826
74632
36556
20300
32022
46164
48522
49219
69870
63144
77177
46980
76942
9853
80957
52695
48176
82294
13587
1370
21440
19591
21567
81260
11031
32505
62772
17388
74528
49570
53015
52591
20545
58833
78543
61699
66998
82026
53622
15999
586
3519
57468
72639
14306
57058
21101
56739
62760
20098
6270
16804
77789
44418
54014
78363
17268
34358
43613
76264
29990
36802
83014
76843
74368
24972
77875
6858
25317
65128
8112
74673
13997
11434
21291
11997
17763
70241
45991
63896
30677
41656
44876
35073
25441
43282
12544
69346
1854
41515
17533
38822
32309
61859
17142
80684
24174
23765
27562
73539
37430
55753
21650
77442
62256
44522
76962
52628
76457
32761
48561
11335
64906
69371
13894
15311
571
64297
15250
6291
33868
67747
1531
49261
7982
32706
14164
1117
33658
17943
82472
56589
33603
64931
79936
22901
71672
71788
1647
67885
21774
47609
46351
10514
75495
72625
48492
63519
76603
40534
7015
16725
28140
70506
13047
83077
44512
66226
66779
24696
21026
10280
42063
8110
14140
8889
17424
3899
25709
33728
68510
60973
19310
5401
47211
50073
80524
66115
8513
63080
56440
59460
47402
1637
4389
8305
4388
59672
76802
51629
21004
8821
64031
21722
38645
28316
18870
37744
79582
81466
57741
31458
29915
24640
49559
35532
31220
60025
66704
26444
58877
24021
76588
75286
82851
54593
50900
50491
7720
79097
49001
13102
35322
36277
48924
13538
43518
72799
79288
14830
61431
13872
68411
65089
44437
41379
44022
50660
78380
40282
58947
72319
72154
7354
28724
77380
2542
33142
64842
44256
66761
22196
67212
24361
59003
73868
72578
15697
32561
36153
12375
59482
29745
24881
17331
52892
68790
28946
41872
43193
40842
81036
79719
24958
4339
40741
77608
10127
49657
39561
29083
51290
34514
73419
72321
32483
67864
24805
1088
81222
61841
17793
39638
77416
45637
45197
34730
56233
63052
14615
77510
41055
8896
58223
76621
8809
78948
12438
42665
58513
75807
49645
46101
14380
63516
7393
51606
73379
21822
67487
69432
36046
15795
67863
44289
20818
30564
52023
17240
63063
74038
26203
31021
34969
57743
69774
64288
21127
20344
32222
18028
44008
66730
14421
3268
47995
59093
13762
46987
57956
81596
13948
26111
51129
72036
30079
14841
44384
65519
34820
63824
21662
79694
16989
43904
33392
42012
604
40502
11252
21731
45912
75537
65272
35710
29849
74723
28732
49483
76449
4731
64102
38357
57450
53593
578
18873
53762
41092
45703
1827
73552
77009
5158
16017
74137
51025
38534
52498
11511
13244
11675
16410
15450
3501
47242
56957
19337
79914
76706
77252
42487
67775
69310
17379
37642
61033
50525
48209
14454
82793
66997
68815
50282
54299
6757
1514
30829
79742
67044
63683
3049
26314
11901
36465
49473
21615
5033
59353
9578
66301
66164
22229
78129
28824
61992
69168
18645
32814
13018
29103
33439
18408
35659
8304
11869
74342
25307
23356
28133
61644
20779
11770
35900
7741
9036
34984
56046
7880
54709
10567
45782
28
12455
68860
51171
18540
29973
16658
32078
68853
6205
11272
68448
19449
56723
44294
78057
23069
46631
48931
11750
28882
11584
14772
3436
74845
78552
44662
35860
74412
49282
77034
55596
1155
30914
13974
57523
14705
33159
39515
15233
48904
29282
82271
15940
50788
33722
60385
55435
3431
39920
40074
29650
30035
41705
58914
16343
28196
33815
80840
51736
23249
31777
6868
16056
7017
23087
9831
57990
62984
41744
75266
31693
26308
66424
62353
10401
1972
79548
30812
6499
26377
77526
10604
16579
55791
22176
60044
62055
73131
3545
74759
48133
16681
75123
63473
4885
44318
4929
26149
2372
28570
23827
59970
6421
63480
37052
10898
3366
67328
79787
40231
8201
79437
73119
70325
11042
79025
73885
34249
66385
8453
26746
80813
73864
47234
74398
1485
58404
55928
10236
18413
30485
26766
70854
10085
58331
52675
10269
72338
35842
6439
75513
38289
1635
24185
42677
30228
835
10500
2583
74603
33114
77074
81496
26565
45586
72491
67194
78285
26881
62888
37218
35518
3473
31169
22152
53124
68500
21588
51460
23954
2447
41835
57429
51019
50104
37758
12697
36011
26273
62061
59723
48976
46477
2800
62799
80280
41971
47511
82953
10946
27481
36421
5188
73164
2086
168
3793
2730
31659
21185
34278
4923
3530
70629
62219
21279
66682
46629
17169
22157
15335
18720
55558
69273
74708
27487
36174
73901
78334
65777
40134
66936
71029
74749
16613
3949
31444
6896
9000
79366
27946
52049
67873
26896
15536
81453
38191
12501
79856
56654
53950
3220
12874
68431
54797
8133
61951
76463
73454
66894
27143
78180
50860
7141
11943
43048
5079
71005
22791
2717
11278
82321
33735
62109
25267
63540
77874
10931
63614
55688
8959
69126
13528
24078
40662
47823
75504
47114
14438
40489
69233
54669
16475
31267
8374
2177
47317
32835
74216
8930
36580
19408
52536
64471
56097
59367
43704
18587
13818
63196
56227
30320
56891
70535
76078
18807
4620
14113
40707
71116
62180
4438
8787
66254
3176
69259
73351
19462
1906
49361
20246
17636
71963
35043
53194
45946
32088
1177
61819
23095
67449
48761
4257
54021
71411
13525
11785
62850
1811
9536
66437
58985
20734
70455
36238
1760
61301
25764
58049
14599
28407
47018
3859
44889
82800
23757
57092
44404
12667
81117
63703
72564
352
41993
11659
16495
64889
29343
78290
25600
8964
13064
3247
26846
1174
60376
71400
5924
45527
48930
34504
6053
11888
39668
46240
22525
925
51708
30905
27235
18838
21239
23535
41291
32074
61201
30131
702
68210
59707
49927
76391
12178
51664
47206
25299
54230
48354
46185
53116
55668
60236
15198
6688
44978
27595
62082
43505
37465
10915
66655
397
40569
630
76694
4853
41249
23675
67823
35547
48927
46133
52422
38178
66771
75260
1083
24331
16414
35988
11151
65099
34829
9445
75232
74570
31935
53421
14457
19192
53573
43443
43917
35336
52102
29927
80552
42349
12573
30535
68897
55962
54016
81479
28365
25652
67384
28482
69150
50745
2218
1094
69585
15689
45635
3393
60056
62710
31815
37576
59231
24604
56673
60599
29064
29655
58456
66181
60165
19196
60209
62137
71285
26736
56206
49755
22984
77872
34603
10685
2495
76087
7624
17354
42398
58613
3011
10197
39767
74092
4911
73755
62431
71803
47629
78415
45615
12855
73540
7449
74252
10592
73644
70156
42491
28386
11110
52269
75961
67618
62589
23684
77581
3856
75547
69478
80565
46711
12168
4890
69239
47991
81009
41810
71690
29534
23189
37641
9775
9758
21739
69215
31749
43145
62665
14080
68355
67358
71840
48702
18560
17079
38750
40905
28475
27316
66974
69973
18897
72650
5041
8310
61939
15628
53693
7273
73664
18214
29568
31012
69760
33473
67921
25843
19230
20278
28948
7559
81808
5984
21152
3575
27183
35575
70219
65257
72685
48138
33305
32360
6339
80772
622
57322
68867
63924
27152
38184
4848
39436
319
17026
7657
2400
69405
68118
40193
62542
50754
71015
15302
37235
70222
82319
81987
24387
59290
2868
57675
77680
63866
13707
67815
12882
6839
56016
82804
14741
4850
36887
45139
33540
42441
44227
67766
64444
15013
2110
1063
6771
79814
30246
48771
47848
39965
21973
49989
65300
54644
20658
18678
69593
47633
38473
71549
58193
64674
51976
56269
7462
80683
20039
16962
10922
9641
45512
25129
82647
3799
54764
75277
41274
29813
22141
81923
18813
28551
68970
78641
53772
57178
71751
36346
13927
8924
1888
80809
68524
4786
67625
38792
4939
11369
29101
10063
81310
33965
64867
41268
70452
74060
45726
28691
10415
15947
4540
12604
31063
24677
57145
24073
35867
14575
71445
75908
70149
61778
27075
403
26979
23003
15840
20741
36440
34286
25203
47264
57805
31734
18019
63138
68989
3348
60951
20987
2505
76936
75109
35810
71813
44191
25198
4556
62394
738
35597
50179
40675
17340
67761
7460
82963
36879
25413
45193
31448
42835
60434
23682
74897
49180
43632
17951
72482
58530
64043
8419
23911
6160
17217
33085
53968
35146
5120
15183
11860
75316
20183
26466
9155
4449
51379
24459
38967
7919
73074
42290
79706
77622
79769
15825
65452
72668
6532
8785
15552
69727
23732
14808
26348
41301
78806
4857
30133
60965
36173
61926
48057
63534
65385
61655
29109
60936
20451
31538
28419
8525
2385
5587
7180
5678
71031
81735
59780
75565
17186
11910
64239
28576
18701
46968
27757
8644
62958
1166
38288
80593
13376
41885
59327
11651
38401
52389
4156
26811
67462
46140
70376
24412
8514
5301
70591
72480
2674
80811
25556
69184
14868
9242
57554
80817
25811
69359
83169
80364
64189
28233
54052
50978
22567
6376
650
11929
23540
81050
8543
706
22409
81637
48392
44715
15848
38766
51486
48155
36010
54900
12816
59746
8856
2750
41617
46617
33849
47425
276
29873
32670
10622
14987
74594
7973
65964
49935
54955
31075
4405
52663
14102
5017
29250
74768
14707
57626
51940
24939
35695
72704
74942
8693
65575
39136
37256
81328
47780
61176
37051
4142
20
26094
80561
35751
543
64828
53451
42051
43586
32565
63009
39658
76141
56665
26026
16849
14350
13305
69914
42945
16190
73467
51784
25104
52524
14628
81838
20664
2881
16915
67821
69996
82453
39790
77220
42843
17228
69135
20883
39455
12645
4118
41272
50647
15660
38816
61194
57693
62863
17822
7360
10718
35037
56176
73175
68028
66733
76727
73500
23468
46060
28206
81817
15090
16603
70076
49703
66404
58224
71436
58753
53449
12512
52168
51062
82974
71864
60779
22948
28637
73223
11895
21426
63427
20795
44242
68085
10095
8234
9591
18823
20704
77320
20946
70956
8519
72414
82661
47958
65884
62291
74229
55063
2232
22895
9681
75114
1696
23333
17707
55952
77458
10411
34390
23888
58481
67623
3382
40703
15788
28583
40417
47766
71490
60714
23229
78103
41916
42034
26944
20068
71455
29289
16023
5517
68460
20871
82470
77891
49385
61900
45921
26460
6494
41724
18636
56831
73018
59761
27866
30539
60116
71980
69358
32869
1298
40941
37583
28052
31424
33495
22106
47292
46112
69058
25866
8398
24262
59814
58437
31524
65409
47451
28186
4083
5555
58114
62269
16689
20922
36113
29527
18760
56808
3255
18036
5449
75752
55991
54892
67258
19531
13313
70413
49327
62795
71316
20582
53935
35556
9523
80528
47281
19954
60760
29889
20494
10497
73511
51923
9250
12420
3051
57378
57281
39421
235
9158
37825
36967
59536
73587
29024
62450
37277
27414
30635
58871
80311
60659
39873
82689
37725
76334
76622
8877
23527
75883
32901
50366
13884
44922
56823
77494
78406
11602
45752
64690
80081
36721
63215
74239
63811
4249
32374
36602
79472
63345
4170
22541
17971
72735
40407
27860
3560
47181
36756
6745
55487
27744
54536
6945
76221
10741
25162
6588
44932
40680
57433
70305
68212
60203
54695
59358
9818
8661
40755
45305
34590
26836
25287
70484
63885
31650
45849
22327
3660
31802
33879
71314
42577
22708
59661
43082
7121
51867
68001
70258
49115
38219
66145
44633
48967
75817
70221
46257
11243
7214
24443
49321
65399
55722
59805
27443
2739
36383
13426
5352
34618
61673
31874
20580
44495
36916
28800
80656
82379
73626
1595
36476
3483
14526
66321
27195
33225
8803
53713
58353
71781
30669
75143
25140
38097
21605
62510
57407
44480
44621
20019
9780
56900
26424
34787
313
54258
12907
20591
42486
13054
18403
47034
15470
4834
25965
54823
12493
52949
10264
32242
36406
16870
80601
57585
42513
35616
31594
38410
8859
22551
32216
32453
12889
21263
47598
66951
14290
10892
44534
20837
68785
47228
9482
45030
30848
31684
28266
13921
64338
32839
72472
51130
12280
68814
72829
35187
37791
29514
34581
43154
6591
69407
26195
8830
20682
71892
3069
2207
29481
3628
29646
14324
71585
2818
30089
38729
1003
70889
55282
71523
34124
50779
65892
66967
25880
20853
9199
22389
24421
76845
31507
9828
67893
12994
33288
28487
41873
6684
73126
54749
18832
15068
28510
75522
31181
2919
12644
41398
8171
70934
14333
20263
31809
46439
49024
65177
21773
68829
35093
80722
29869
14494
29511
14973
25335
35723
72598
59166
74937
76819
16310
60026
74304
9942
75903
20812
13631
72900
53652
16179
58764
55694
15463
64468
19796
54739
76100
6533
60787
23439
66485
39522
70980
33668
11769
26453
46912
597
7255
49216
79448
26758
73952
44452
80890
5048
37267
81620
24008
41936
38851
64821
13056
8222
11394
41448
64355
67201
78421
66927
70613
57545
400
41902
6895
35274
56854
77909
7407
11849
7778
9545
71677
27323
10791
48426
23419
30768
59446
75090
63087
60227
67082
82821
6012
14791
47557
27879
22361
30508
55619
62533
55328
59617
48785
61680
50737
46696
12496
20523
62499
76523
4643
63378
54094
29758
25822
4480
80906
69576
35152
33402
46829
48411
46525
11359
12828
66537
19273
64877
33657
81654
35846
30470
5501
60823
39053
9986
52644
2
3892
76358
59583
44723
47370
41061
64084
11548
39756
70909
22882
61826
56252
27827
52971
27342
61823
66548
24686
56208
35623
16395
67922
12459
71812
72012
54672
22814
72297
40251
21045
32616
5274
63279
11973
2532
60000
50755
67682
40070
55224
58074
23964
13070
67324
69109
63313
45632
82535
31760
20146
155
14878
60390
60993
70877
15931
14763
75303
41394
72329
49773
71054
14476
68166
55140
73505
61751
19443
51791
72399
74121
58239
81759
61246
22062
669
45444
41570
45394
39855
35388
56416
9406
34381
76157
60250
77588
26871
42154
27922
65193
50148
20828
29854
32097
63277
47895
24529
2314
43865
48501
17992
36216
50862
33793
21981
69992
14729
45878
13401
26937
62250
80604
22906
55550
52996
53921
41240
81428
59293
20829
56140
12450
71830
48274
67478
50266
17912
24685
6474
45675
35966
37396
54036
15119
74809
82718
33240
68315
5840
43461
26597
56850
10968
56916
42833
326
46764
13371
45410
26641
40863
45756
46399
76586
78267
53718
49519
53243
53600
71496
26426
7307
29843
67589
56998
71395
47731
26401
33676
74498
23025
62412
76869
16719
10111
48393
79518
51661
30183
19263
50384
26954
8631
35981
45981
62574
35234
71607
46184
54232
29281
4358
79137
52352
71919
68450
3713
59189
20713
3718
61656
25113
63833
27815
75917
19174
12400
44112
68509
17675
71143
33401
6022
22961
60740
67640
7949
8985
64597
58051
80013
72605
18081
11501
10905
25228
2871
2806
77317
28360
6789
44779
32843
30952
59747
9936
70701
71367
73513
62332
26419
30775
61746
51848
13854
2265
779
40046
21538
1638
12216
55894
72516
74367
26057
5292
45953
72711
58850
60544
9186
26250
44748
63018
44693
51563
65497
64408
10200
35483
3318
66281
37839
74873
72105
47047
47669
16250
62800
533
65672
33701
61927
71825
32875
12077
1710
2813
38065
11644
60802
21164
29235
75050
24735
2632
28090
42711
3732
26252
78572
72261
35935
17084
45205
54786
70689
34127
72455
75520
49514
8649
28589
3088
81890
58153
30229
81691
7753
41551
31335
47624
64551
58945
28866
63606
54008
1002
22727
47878
3595
9202
81366
3423
32570
71115
38344
41067
15277
48801
51881
9585
16876
55999
82650
69120
3270
65910
81352
57152
4680
54602
71476
27927
6355
55972
40095
74889
35142
83098
23702
14311
81767
11574
36185
45596
46730
47713
82074
70921
22774
82358
14475
76320
13419
32206
29076
46037
35542
5198
76646
24477
58704
7490
37898
41638
74907
47088
2616
5567
21397
62573
71876
73893
70192
48452
74481
34271
64192
62170
40590
20423
3617
2579
73263
42319
81449
26016
52234
22719
27430
4093
71464
17012
44668
41800
45047
14861
64630
58434
13641
69677
72432
20189
28014
76328
37765
59109
43818
67184
66351
78521
23842
5975
33334
23116
64926
3261
16630
25453
59232
57759
75914
43900
44857
57045
634
64685
18730
22852
14553
36529
35284
66482
35266
17196
43792
46149
6913
25551
70568
50459
68133
34803
67070
55202
4613
26973
21549
28503
59213
4413
20425
53504
78387
564
54114
71862
58806
19598
54614
1492
59058
52504
25468
79535
77748
79906
26969
43622
15120
43369
69236
51046
54887
62333
10656
69294
24270
7583
21963
19153
80855
44118
11211
11196
37484
68929
22057
80695
66706
46624
32023
79562
67902
80486
15736
30125
78321
42064
29467
53986
9803
39035
80080
13146
44356
6154
9466
39266
66188
63738
60588
44814
62569
70828
22563
64256
79483
58414
78882
59240
8008
70432
45683
59598
41646
16107
18353
60171
69619
38299
39399
31665
32282
61086
76256
51295
57040
69730
28461
55787
27963
32302
27801
15787
78234
67314
945
67663
65504
30648
4648
31000
62607
80639
2124
12478
61326
17285
54582
42883
69061
30401
27856
62899
61511
34908
71516
50688
71299
74199
36236
33919
8659
53428
67553
75001
56777
68751
29549
13727
27635
44675
38375
78585
4832
59376
51029
58789
78127
38838
76616
71135
67359
49914
19698
11741
6446
42346
10035
14363
12865
68425
15301
56513
6705
55684
41000
69711
17969
36353
9521
81866
667
35346
50841
7710
61883
52804
56684
67227
66728
47805
54577
47817
56993
21116
60956
79251
38086
6258
43949
64271
19254
47408
69075
29963
37190
69493
22489
62114
35216
29009
9553
75137
12025
47355
838
65789
28163
5771
81733
70024
13274
2801
57294
12776
3097
16994
22380
1435
76245
28127
49988
1405
11385
48769
75258
63949
18517
8164
48042
20698
71278
71381
82583
22319
18787
18316
47196
51163
75866
44410
54882
57448
14238
34838
43811
82258
68146
39196
51281
7718
60272
17586
80427
34146
45088
28277
70478
39198
53301
15612
34370
45643
12722
712
48712
66414
73342
34923
21879
53056
37520
24553
7422
60963
76293
67949
61550
39697
52867
21370
71351
9602
40802
82938
34420
70550
81661
14217
43223
81443
12900
60899
70134
41179
18447
7612
59819
52832
15499
79
17124
20855
62640
11155
21668
31898
43216
65377
40243
78226
13403
47493
72164
19146
27245
57640
32667
78326
49753
44493
34317
37473
71495
23809
66678
77083
38484
72937
74449
35044
12320
82515
8745
31137
11065
33591
71230
35056
55425
7853
36645
78637
36192
6482
8771
60358
69962
78311
16339
18270
71268
32352
7655
26410
57900
29639
51180
24825
28792
2392
38753
13788
2898
5615
74345
16256
59525
18569
25850
11287
37982
38995
59743
28688
42339
1537
17642
3923
48214
18797
59497
11993
38519
18500
58587
34464
3795
80325
17051
38546
6118
45387
48264
40683
24372
74081
30771
44651
8102
62916
41360
42532
36985
72451
52323
34346
43821
14157
48010
59552
69424
73862
18219
22354
26853
60641
38482
62233
63727
10049
31288
5919
20460
3493
12035
1477
4047
37953
28756
44848
62811
30974
15272
2348
74758
76239
21558
801
16552
16300
64637
38234
76664
18702
8261
30710
18239
39610
67811
51223
38846
65696
39957
6215
31513
52669
7412
6838
9449
76445
75892
47186
6527
47885
67932
81137
23204
7114
77531
80260
71170
31699
74188
44498
49946
4409
40770
60815
82602
57094
51030
11380
21602
36850
78038
28150
39992
44468
36905
64669
21910
2192
22890
66839
22765
39857
43430
36417
73680
7565
65514
13283
51690
52374
46411
24488
74955
32790
46256
62969
47254
40645
60424
6557
398
26558
71799
29632
60661
66990
60222
36922
5436
34873
9765
18481
50933
41718
52778
38736
2014
29838
29230
73701
46221
35459
23756
11846
6559
46463
58578
72642
41586
12666
53517
44650
30718
30497
7188
62177
8181
11086
25560
40099
43914
37859
47163
28828
65540
13309
36291
46016
358
52147
46679
26815
38118
61966
56159
47744
73043
53920
34365
54559
31322
79692
79395
7319
65018
35583
17566
66699
39583
24916
61097
72084
28329
63733
43022
19102
72248
41316
9670
54808
93
70969
77492
54422
54044
73496
52725
35765
31981
25209
17465
64167
12941
27516
46586
34108
8690
52546
49545
49641
18244
79824
45124
62020
43649
57884
20475
19130
58639
62153
57167
19714
60862
70199
53420
16515
38998
42867
34118
70360
65631
23892
22433
29325
36051
51768
9754
62990
19947
42190
21275
66231
41802
46019
58169
30561
3977
72144
75311
70343
37937
4219
55371
63674
46455
30858
8742
23858
28431
21491
10153
34551
30867
16672
12162
30818
10188
26625
7095
69436
7916
9899
3032
34792
27403
48377
10246
43167
4386
3299
32329
38168
44149
81629
82514
59752
68562
19473
39491
48514
77984
68076
22704
6675
11708
56289
26100
57194
2704
30268
59129
36827
32532
45107
18144
82754
51746
34862
59494
73091
12599
22416
47554
41854
9919
24539
41030
78254
79063
46049
67696
11627
14042
25549
25763
79110
57339
13674
32830
28318
15280
30
64857
20233
54348
72910
17068
80544
28562
23729
23288
34088
61330
71364
64644
80242
68062
33293
12231
819
60345
46001
78498
17974
76318
29996
1131
34117
45911
31780
20767
65658
29593
48581
79380
60491
10977
49125
29494
22000
40379
50711
11569
81878
55058
27749
20101
80646
79182
33779
64007
80055
34818
56775
1452
6456
39347
35432
6620
34607
82906
3876
52432
62882
44159
27404
36679
28939
30767
32998
58354
57536
15088
28836
68262
45024
4654
43079
34177
65130
9894
30663
18092
19712
31656
62780
42266
63718
58342
72992
18657
24313
55856
45665
71741
31183
37890
12683
77695
81532
72106
2591
25923
76993
21271
82979
82981
2847
67387
66024
58273
46144
65953
34083
72748
26209
47944
56927
11976
37120
75217
69286
6276
3143
57971
19577
44607
11609
51273
75299
78709
62658
56828
51369
28081
82151
49710
67578
1667
4678
32683
20035
41467
32788
31972
70662
18676
53151
28590
54936
64756
8000
8443
20361
64039
45049
75925
73996
16020
51991
35508
18774
42750
4108
13803
82710
17802
10911
2580
5085
23270
61499
13659
64693
66040
48347
22610
21388
65137
36890
27210
62345
40981
17914
34893
76910
75159
45247
22444
43316
4399
37411
60486
69017
77632
6005
51000
10836
14776
61278
65508
27602
48544
14903
51327
64506
64094
12291
2825
17470
39430
23164
79235
45176
4893
556
68696
5357
78953
26084
11410
16325
51532
56480
17769
50599
38722
59722
4644
56760
77520
23384
31155
47349
73385
38123
16788
1145
55160
23399
18223
79509
29317
57933
43364
11608
35410
6574
43396
13952
45304
9864
40369
198
53167
40600
11082
31146
67746
28022
53731
33360
29165
48652
7336
48579
78468
81083
51699
54330
10843
30432
38536
19856
43962
43544
50796
41577
23382
37790
12311
37780
45542
80960
14647
24757
43958
33205
8047
79665
43303
40273
18465
19385
20302
32270
27271
16560
61005
29903
56058
2143
28272
25908
54899
30360
32955
66061
38252
27091
4596
1081
42851
80347
68086
16772
67061
40536
20082
19104
33892
64560
37819
81920
62391
862
22965
32987
74106
69208
42238
19976
37774
21729
77208
28880
59782
31230
22371
27219
58739
31578
37298
29091
5669
68946
28321
6885
47027
42116
64514
68623
11828
40469
26708
45469
32692
28478
11091
60260
71098
46709
78848
71293
60879
36301
43210
82342
5531
25916
3955
13385
30160
67369
25799
41894
54364
31914
12223
11064
72076
58968
823
23619
80859
28597
37866
57850
29360
23022
75734
41428
14277
36247
32266
17483
38326
76666
35856
57176
42728
41525
28958
48434
10117
32196
81752
69698
80984
38493
37629
12633
16048
11905
71848
51580
21379
67416
44328
74169
62266
59275
18221
19664
66982
60911
35487
36478
52121
69506
25573
9357
205
10897
68487
61350
27620
9493
34990
15387
80498
41075
81173
64925
65552
337
60067
14940
29716
30331
10307
66731
47974
23162
19625
50717
65324
36869
24647
21076
66466
18907
3934
41210
57262
50321
33024
69337
28804
7291
74149
48645
77883
79389
38284
25297
74881
9243
8579
40471
5179
44180
42505
67245
18662
25369
72660
64086
12073
35569
16145
45346
70404
1097
24653
70998
54103
29214
27820
38871
37676
23035
26012
5597
43127
34723
5642
69702
16761
737
8244
32797
80704
40615
63804
22888
27120
27169
67208
10433
77912
4903
28306
46277
74238
44336
80714
76286
26548
25584
35021
37957
2305
54576
31201
51970
52898
22129
39674
4151
5390
75193
7010
66057
32521
33035
53073
1699
3584
38340
19824
43846
41374
43840
14756
31924
16474
50066
79170
67357
24797
60468
72421
63640
7186
16823
55481
50304
43537
19062
11088
41132
9130
66361
80768
39273
72949
76071
72364
48223
71616
32345
46443
38154
42709
22683
30442
44507
67594
47116
59651
11327
38899
33999
44208
40579
63908
27130
20290
20937
49185
24889
12933
19782
80822
67347
83127
3540
54027
36695
7352
30394
16009
74669
60858
19878
82783
23902
33428
57572
73101
75827
9713
36540
2417
12550
3224
24667
3998
25154
28730
55230
40063
66139
24431
25665
4320
10693
64175
73536
73810
45832
13215
60809
44641
10420
49687
20663
58347
44916
46918
65338
34016
63907
42304
57331
2187
54988
76237
12193
23077
32821
5361
26289
78139
37340
61159
46568
3266
12071
70174
17778
45402
62402
58397
78577
72775
28546
45040
70334
19651
26322
17040
16062
66602
59344
699
67535
60396
67865
25943
4317
61282
16668
56716
12050
9689
4526
74652
43992
71670
75886
23338
11298
66705
82465
64653
75891
68261
15567
29934
34329
76837
24278
68230
1609
36561
66904
22816
45780
60761
65198
8148
22594
40890
79649
36997
71936
82353
72587
79377
32269
63284
21625
19813
80686
41135
3842
28038
37232
76609
64604
60724
21585
32147
74096
62662
44065
25988
52781
1414
57593
50983
12503
7236
65966
44956
74694
33536
23506
74827
45977
81881
22602
8393
16060
81774
79372
52003
16012
22989
18210
54650
61897
60768
73776
59733
14413
17849
57959
65645
52947
48126
67694
35203
16846
51811
82034
80980
29123
80093
42025
22428
62244
66196
26240
50447
71737
66683
53530
10143
977
2167
81229
68198
10479
35652
38382
68398
32388
33210
64058
27988
72850
45544
75021
1585
1379
48335
27436
51470
60008
62478
37400
67956
45051
52288
23649
80173
21222
48646
34210
76309
29767
47230
23793
72303
35571
51929
40398
77449
57232
52220
36711
16459
15876
7858
11318
71091
27384
16382
28353
54161
61047
1496
64540
21645
26300
58830
79407
38772
51184
75876
23597
45071
57047
33640
65026
13025
60711
13596
29298
1733
77572
44516
65287
32928
9062
71323
35135
58306
1035
49992
16285
57938
8415
12495
61757
20674
9239
67375
2787
23196
16982
40437
61929
17809
23014
44167
27328
64364
44751
51192
59631
70456
1958
6802
35565
53889
21952
16462
2917
43107
20798
37958
81936
78190
53290
37479
25797
78433
23361
11865
77721
27056
7803
78721
8232
39822
36076
74011
56917
15367
11007
79985
15503
69114
61069
25975
23994
28514
66689
2549
30173
45059
41408
65479
71407
75833
2627
81271
24346
9843
58794
53930
35647
64464
53386
70140
64661
13697
76928
71191
50969
13243
16754
62044
8194
11934
15178
29946
35892
15418
15845
64450
61906
38395
78600
67110
36229
29067
524
83171
43182
48660
66512
79632
47678
23300
75545
68186
23680
62940
77261
14085
33195
32429
40639
48537
14119
19938
66963
22813
39190
22317
28982
67297
62204
18128
38754
82132
66809
38847
1283
35384
35996
35718
18605
39458
70279
38687
82564
8287
61020
9232
81560
48075
67430
13033
9031
59810
45740
11453
77280
78464
43705
78296
3826
79504
80107
14985
55882
12125
20442
33123
29955
38566
16421
17866
67399
44890
77069
37740
30980
50188
56799
10985
15537
40150
56523
30640
63062
70368
58405
50680
33777
75809
57121
27512
57924
32292
51665
25100
57459
43398
29311
38276
26049
75366
36843
12484
45300
57475
18487
48430
81394
26257
14340
29803
50307
66579
62697
41692
65866
33684
42615
22916
8019
81172
80417
14452
47070
9007
49584
77642
19567
26405
10248
11350
28720
71669
56263
35815
75391
67274
62617
67806
32744
22443
36354
67985
11538
16950
66490
47497
73255
82586
62738
28603
74270
28774
44439
66099
77967
5471
22736
48282
74026
28973
16200
20960
62897
32601
79428
28578
42191
41815
57954
51083
43526
59040
70384
57778
21927
62831
29829
77235
49474
77822
4859
15093
36325
13902
13337
40137
45920
18249
74804
6234
37174
11368
57072
66912
82408
38510
18189
35960
66671
64614
60624
42698
49194
42779
35438
9021
53614
24405
6345
73749
80897
15453
3716
54373
16643
15371
73060
11102
40172
59641
72806
7681
55501
478
73376
62123
41954
49779
61268
42869
75853
73775
7634
29049
11953
70301
27352
4457
61684
73211
38503
64677
37386
26602
54770
2810
64379
38100
17703
34637
31360
12454
3202
1524
13108
9124
52455
42348
76186
18201
43737
25977
65070
416
76230
56279
38438
38263
35883
20729
76499
49171
36224
15531
14429
62144
72214
75775
56142
42873
61858
12713
66246
43777
71033
10379
80272
4750
50677
61631
1560
42988
51303
79642
39690
82155
79563
36066
43326
36765
67119
15420
70671
47953
28886
75456
50763
63325
3267
21511
30422
40623
73486
58275
74044
28928
4912
38146
56314
34936
61388
64277
13237
39882
6024
62680
75196
73578
48751
31191
7736
17808
8735
6115
5481
833
1981
2939
41666
49295
9543
13934
50316
34379
9103
55104
56604
24136
55959
49342
32732
56632
13893
20126
18735
22132
26672
21994
12979
7843
46515
50593
63660
28044
30742
1105
34886
29401
24324
68046
67800
5416
38968
15625
36989
2027
53177
25031
39085
4379
19982
54541
55341
53000
77579
35492
28955
26573
59865
14432
34185
30258
37154
3229
69003
52205
13413
10995
39953
51153
44736
24195
65347
67007
6923
44561
82876
769
33343
9487
65787
75971
3913
56128
78794
73705
34741
48067
32581
45142
54461
23166
40080
12287
57809
16576
1778
76254
22930
14091
22168
54134
53396
63851
9638
52446
58042
28645
53482
20470
46684
18945
32392
19149
18305
26542
70682
42450
40364
37602
6136
78046
25815
73360
5563
45486
20134
54481
9999
39886
21863
35408
38625
53202
15701
1149
48568
30708
27278
73791
57835
15498
20972
61474
23846
11370
82049
73008
12938
12680
26649
44827
53293
82575
36140
28377
37457
46506
3640
81634
45293
74739
25785
5058
79041
41348
14713
3960
60270
81540
22508
68686
15917
3809
36975
47316
10277
43033
68248
74046
6085
5890
53409
68630
28875
78699
47323
78193
45533
26582
18277
42838
74323
55789
990
26886
74817
77901
75365
33141
61356
77566
59967
23689
45922
34716
17826
9953
15474
22778
5850
75273
34105
48096
17768
36528
64145
29106
34167
74053
27969
28915
77234
39839
43970
45266
76422
23182
7550
69713
55564
7167
39982
14976
78450
15208
60093
17613
11263
8352
15241
23104
66746
21201
53310
46665
42760
73327
30569
10070
31561
17298
41741
15402
17133
42481
34302
67854
56695
21224
41760
32573
21067
45896
114
73700
26236
57726
45227
35412
70727
64801
11304
65685
49172
24081
26800
42100
37923
50139
63940
7542
35045
54308
30074
12215
46199
61398
39496
43954
13651
69906
15713
17666
58420
67534
1119
5228
59562
73558
16733
59880
65010
31810
54491
48245
14782
35131
34433
21492
35894
70735
57564
55869
48083
46782
38996
69847
3634
47496
79091
64486
82322
81646
24595
78079
77645
12366
12469
8292
59964
14162
8219
44987
55462
39250
30868
12129
59386
59872
69609
79570
63132
8089
39656
68572
32768
12150
77400
57124
25831
13174
55822
11799
25770
82809
22074
79655
13830
25060
68654
64323
22999
58378
79284
6412
54428
50286
21149
4232
76333
11863
72945
66863
66865
66917
67751
10557
42550
60676
1341
6411
18938
31003
6661
48817
6651
78178
41069
22038
30143
42661
8795
11163
15679
70387
47001
40672
82126
20554
44427
61404
13897
78466
61479
34735
14434
64986
55767
20131
33073
40019
18086
7143
5629
35651
59530
74381
37071
62045
16895
20627
25659
1357
39176
16024
16824
16570
26669
3666
58840
14480
43205
56445
22695
61492
48339
60036
47053
5104
33441
67959
26608
62927
51865
33855
46303
19342
34552
15566
58041
14962
18330
73722
75655
43479
2453
42248
42392
6932
32267
64545
27240
57005
45603
1234
45655
55528
53468
20533
19581
27029
38386
10631
21367
6042
79944
14014
64153
75103
37668
47967
24245
30624
11201
82001
2958
40892
9284
55743
27630
66554
30397
65188
46956
24581
64786
27220
17724
36874
29008
4694
72506
38461
75184
27718
57415
21316
6907
15170
23771
16834
56910
8574
13699
59516
43457
80938
36982
66303
68079
47688
37748
66955
62328
3961
81200
18863
51578
62426
80388
6350
41339
6599
42717
45368
64993
51597
16696
26653
55617
3125
53994
70745
15738
29542
52247
56865
26628
78265
44125
11424
121
14774
76181
35844
39922
57733
20860
80230
5654
28675
58865
20297
22467
23519
63023
28466
4787
47539
32460
6687
614
34702
13350
33075
15444
26198
50884
10298
26720
79242
5506
42298
7997
20603
81301
42003
69223
15734
54343
34945
50293
67473
41869
17416
54914
32672
70739
82682
68638
61650
39482
39906
82165
17663
68742
40307
6429
55357
35949
61151
45095
15666
48020
43140
26489
82715
55766
45138
896
64573
21330
79804
10054
57609
14284
3013
80097
38024
77092
23058
4977
8919
18635
63620
40290
15360
17657
31595
51146
80136
79722
42668
48620
20050
30053
35720
16991
49824
59199
38802
57241
62841
81071
29855
62009
77217
60924
40607
50276
68613
36553
21035
49149
59977
78616
22759
63294
35430
17043
42087
25511
48864
20754
62736
26823
14911
36972
27114
54218
24729
20326
34079
39921
54949
46772
27166
25531
63701
8531
39307
39590
55943
59715
42572
23937
22114
64611
14748
36788
34142
32983
26635
50466
13289
81790
73668
64899
78805
40143
76864
13255
16100
19355
65036
53042
82441
35593
44705
45717
17784
4917
5260
37525
57879
78218
11835
8573
8640
11024
48297
61838
73086
44233
18418
62370
6770
34517
6505
61788
45373
14199
4276
43336
11046
27670
65716
37247
50051
48878
24947
77366
43067
7898
26905
5063
54122
17230
20678
2940
8722
40700
22861
58087
34835
51282
73564
9098
38445
5912
42108
26821
77122
70870
4634
887
53736
7223
47098
54150
44768
2321
38042
25069
56196
38404
656
68652
22747
68163
18395
61290
50403
54843
17292
43773
60606
26990
77063
32194
28132
67095
53674
82195
57963
35606
33352
37845
3629
29262
47153
42522
45461
25101
53904
1874
34279
78191
65150
19464
47415
4122
11658
6100
45939
55561
50991
10683
25505
45798
21303
66835
40861
42957
2811
19004
53020
12158
34484
77841
9320
74532
68018
56216
4564
14891
81700
29182
21362
59551
41825
7326
35393
70681
41422
68544
69005
59677
23962
20216
4591
19077
54231
43264
14867
61887
36744
24066
66230
50131
8288
5820
53103
9138
81962
68297
22087
70492
37528
37164
80160
47376
25451
54726
6290
19476
82529
63494
64954
40832
77794
44965
12790
8668
60379
37334
8914
65153
48384
63657
46799
82731
18764
38228
56434
52488
2031
21234
456
3189
14695
52489
8511
61867
43785
37620
55803
4190
77305
17875
26163
19506
34140
68719
22673
48997
55685
10008
33526
29696
70822
8945
58006
60741
12379
42765
36912
47272
14190
51631
75624
72381
15556
61058
19262
45256
72234
34960
20784
4954
18095
56462
46925
25116
32618
75241
68698
6108
17961
56635
45291
62687
3446
2176
44366
50340
41219
14964
21829
27771
54873
4531
9188
79576
40586
49392
45477
17418
82928
20415
20834
19770
33612
59608
19013
42936
7175
32050
63933
43951
6369
82451
3175
2081
14545
76559
83107
40006
10391
22874
31327
46309
38760
29228
15102
13390
60701
35875
76635
10774
49663
24898
42080
80488
5023
53475
4637
68327
53859
49834
18256
27110
7436
7826
25784
46
73619
22944
53039
3558
60796
22866
66697
7471
70313
75201
80307
5526
64143
44033
15667
12838
32816
22150
55041
20086
69780
21176
63206
9305
44490
63914
11515
16349
75731
5730
36621
20419
21783
14297
57578
33009
73684
60155
9132
70640
47403
65674
60249
51439
45743
5537
64078
12971
77247
13005
15243
48736
78005
55703
1292
44653
64479
27541
42594
60106
39228
14167
64595
10866
30304
74072
12730
60459
57603
17578
19677
2092
57977
1997
18231
49527
54616
55438
57679
33361
16247
5904
4623
8270
38757
24717
69898
20845
62975
52851
27004
11179
63549
31305
61797
36570
46789
3905
51673
5788
47946
5376
69149
14945
24286
3400
58202
63454
19528
68714
68891
63524
31631
82057
42915
18112
58318
59026
39402
41777
19329
56500
32180
7519
77372
63349
15042
1915
22190
14431
12549
6523
1218
61708
7875
27680
66337
47172
39764
19533
40907
37097
81491
64202
26630
33048
56593
49013
7131
12015
69266
65813
74291
49365
44282
58471
55935
18179
3110
37941
37854
67693
12143
8970
61558
68599
34541
47080
12529
9001
17421
48457
19064
32494
21934
67923
48090
52031
13000
67302
5873
29781
17364
38616
79867
42793
73782
30317
16547
46470
37287
57904
60660
61059
67878
22798
43040
80410
63493
56628
65220
19434
20372
70093
55035
58696
19572
9017
18998
5284
22686
30448
69888
2790
39911
26226
18713
60923
22643
13610
58449
10075
12983
19997
20981
38782
54332
10704
3757
28327
53943
50947
4770
74285
44666
53324
4075
52823
10914
13468
82268
54929
55680
75340
26075
62425
76478
34069
53028
723
33147
59122
40629
76680
2454
3409
30018
79770
71544
48326
72330
64839
35917
65446
17568
34638
73418
79167
23184
14755
4964
1782
2677
3295
43581
37031
51950
4453
62440
17460
57396
59086
17480
22974
27250
80458
46097
31283
65053
25215
43175
28738
43993
59539
15858
53684
5009
80373
22547
62743
15905
21481
46964
30341
7625
28719
71072
68099
60132
63135
31481
54909
62099
82304
16189
68801
61090
21721
82637
61057
54804
1461
55109
52760
17682
71972
13410
48875
18957
1237
67769
58708
70070
36374
34003
45456
16939
55644
25788
45007
43083
44882
28617
13518
79597
40246
9741
7903
44906
61423
57753
58967
52197
81910
71058
68586
14447
18491
10541
76672
40022
48146
30549
82983
24571
3024
36664
12580
15148
13844
69276
5566
73285
25732
60213
60307
59847
7140
24026
20157
55669
60681
39578
50624
11340
35795
77046
55741
37651
182
57361
28564
1226
67406
3920
49443
35255
31960
38659
9048
3078
5644
42138
27382
10503
44196
24029
66742
65182
38314
17800
16513
67708
27870
49853
39864
4576
79050
49051
927
53406
16639
72980
54526
62311
45710
77415
67281
47014
45887
33933
64729
24637
46892
12562
42384
5097
35098
59465
12624
13484
45419
61117
44559
50973
45776
55003
78594
26392
39363
18315
75289
56079
38356
65145
72055
47862
75087
15226
56296
68598
19379
35822
40552
51569
25429
27715
40530
51210
32444
12471
42233
55132
15437
21203
71025
71594
14508
47121
21261
34630
54075
58137
13399
73315
472
73212
16556
23376
28297
64091
41770
53832
4718
23928
16488
23145
45035
40713
55162
65922
63092
1167
17764
13770
80203
14565
16705
82776
73859
63035
73652
67080
51523
35773
2889
66977
37965
6843
47722
41574
13304
26135
14155
26899
57308
29479
5883
74878
10728
6183
45167
10429
58648
69987
67634
79022
59248
80264
74661
42464
55851
17398
78561
23692
3691
555
5974
16702
60299
14529
29016
4361
5696
38669
53277
23152
48600
70288
58499
61813
33988
37907
13279
20158
50568
80539
35049
61452
36061
23711
36957
38057
46578
44933
78579
53289
68902
6877
35834
21701
25940
14581
19399
18551
66238
25283
27064
14981
49104
61772
69570
9287
58911
47444
4207
7943
40727
42695
38820
15874
57625
63710
33743
9166
34576
15760
21793
26617
54135
28216
44217
33926
71361
77097
48642
4839
11681
46294
4372
45504
5341
66124
74541
7400
57828
66665
54609
40184
9139
45214
77813
25229
58714
65763
26933
32254
5908
37023
68475
57316
51419
41149
25742
26865
80749
2242
45315
40491
36768
32799
23326
32296
34544
19681
940
54997
79921
37360
48419
79420
6713
49594
24968
19885
4295
49682
67919
9509
39744
17151
77554
54880
69456
29429
24668
48095
23587
8150
42134
66143
77118
2099
49088
18553
11919
17037
44346
44135
31471
9888
14946
74205
31462
55253
33818
33189
15990
66928
8020
16385
31206
67447
20893
58781
2666
20535
77612
28118
40794
16069
77931
76641
56813
58885
31725
70244
47178
28161
48820
3744
42310
27559
38033
44350
79415
39158
29348
66295
16660
23482
67925
22497
9043
34695
14271
43697
42394
68979
72540
24409
79777
7484
48842
65127
47271
70350
66722
59267
24496
17450
53336
59015
4567
80799
68358
63000
37990
36334
58769
45482
49343
50097
49322
52731
51511
76277
36707
18660
79205
76412
643
18151
21519
41403
62036
14546
8808
49967
29300
9275
53896
41282
68747
52496
75642
55776
73477
29945
31036
32781
36491
39775
17590
76500
51913
30249
14994
62858
74469
14648
69864
67758
20760
28289
23279
79698
74178
56275
72583
40320
27314
46599
55194
4167
53233
8155
71714
45838
53626
59282
55319
20317
26753
23402
6506
9420
14525
77110
56733
78627
62875
35510
79557
37853
47103
44759
57480
22419
40389
9982
57795
59147
37125
65743
38028
21339
56765
37997
53737
78429
72108
64263
21768
80196
81040
59859
5456
51238
70040
65173
62826
55532
26365
4428
26212
8990
27897
10756
71985
46043
7
69768
5218
29461
7524
68170
4059
20028
20507
39938
70422
48290
11313
8324
41054
71706
80997
33400
43639
79249
30923
78825
8080
68090
49336
803
75174
16507
16095
59115
7773
51473
21788
44047
21452
59549
17508
25996
43355
43095
46558
62303
82238
29119
42145
42562
9473
1556
3118
31930
44520
63692
16276
27135
58120
82062
68798
73498
80046
52442
19827
57275
23537
50394
19647
29760
46971
32475
38676
33404
27789
70698
21449
51829
16063
39099
43470
67633
19761
53541
35355
21655
80697
18626
47275
43346
55675
20926
10022
49204
75665
52279
22290
38094
30759
26732
31711
44997
82117
64317
47218
41493
20622
55651
78212
31340
45564
60814
18297
62959
42273
13502
82854
27465
52652
24088
23238
48563
29671
52927
35745
78821
12819
6764
82673
79149
56261
21094
52402
29146
37132
21135
67973
4239
4947
64003
17788
59233
82504
37810
41912
35535
79192
21128
49863
5321
5248
59205
41191
45808
12410
14253
1982
22533
51014
58521
40922
35501
68416
74404
21249
65524
34148
36775
7602
42666
18432
3885
30875
39006
17644
25491
12509
73842
52850
62161
11649
1625
80319
53142
30065
12985
3287
73191
30594
16369
51623
40194
20515
70206
63226
52213
10321
79539
56504
50038
5265
71041
76827
21845
14983
63281
53368
46369
29679
33619
81246
71998
62258
756
54251
29433
52806
59184
65976
33314
2927
21942
43392
23647
10665
51759
41600
75574
37510
18164
24930
12916
11133
14539
14592
40748
49021
82481
47687
54932
39507
9548
34050
13077
66388
981
77468
37569
65793
25180
13455
19349
32131
53789
1944
48685
14785
61309
18100
83147
9797
26737
52356
43515
50231
38866
43886
49049
49608
40601
18530
18109
54731
30171
19803
81403
10175
67074
31677
25044
30511
18262
72156
40547
24724
41641
70706
20504
37644
15270
81778
2380
47277
25876
34738
27997
26082
29489
15422
57668
83206
25402
11228
71928
44786
69706
69364
43273
75426
58901
57659
76923
1678
13233
65074
19282
54606
69970
8368
25095
2571
19148
82113
20095
64707
39975
78233
67155
56328
11868
2721
82364
58264
80397
29436
67009
58509
69343
80924
58595
30313
29158
79857
7670
49228
6740
17070
34645
25622
72695
19161
39015
7262
53161
27013
35283
47768
46056
73162
18827
17628
30437
82791
41614
68865
35316
652
45332
14046
53702
31704
4446
41039
75075
49811
29453
48293
719
10589
4343
73306
51682
73733
64805
20502
21575
24672
22244
58712
9191
51918
41754
52615
32646
16151
25594
12777
78816
28441
13725
79489
44990
43746
2770
58599
46727
25330
27557
25527
63681
43032
73412
81061
59957
61262
2292
64248
49581
4547
48201
52789
31840
33975
31487
36611
21698
41668
9909
32332
38927
13579
28918
74019
40241
12443
76877
8409
67251
5547
13438
54131
80439
70086
12753
73044
36815
30967
54511
9869
44544
1362
12358
25497
13862
75133
3324
60329
5591
64579
77733
70094
935
38960
32640
25637
32067
49651
75077
265
76704
39647
52188
46547
42993
2671
35113
9656
22348
45011
82757
46478
42738
78405
51117
28897
30498
63482
79034
67482
12148
2837
50825
57130
67518
12950
20168
67029
45974
74713
46417
36801
78463
79103
79975
24944
78756
73766
40693
81541
20929
75788
83116
18193
61956
52140
38553
46995
48234
10614
5854
13296
76861
80775
16093
21800
52887
50381
47306
47934
25239
31106
11360
49437
60751
76546
15780
69446
25782
21595
7245
21513
10121
46863
27759
36386
9085
43065
46374
48949
59916
13960
4669
37264
46391
18136
5491
58744
40950
66569
28442
21289
63424
77200
81024
62419
30457
46344
32627
58569
8732
80223
9841
60649
42541
80473
58516
77322
13130
63073
43853
46674
83044
73933
65915
48152
8550
49977
60883
13515
52991
42300
78063
30325
15316
10330
5605
5089
19237
83020
13263
50411
1246
38827
29470
69791
53539
68842
8470
47920
26685
26046
62865
67838
7929
530
66330
29983
48118
29406
24109
29925
31728
38975
60138
9714
11805
16904
48888
68083
28835
36381
38986
76905
83092
26775
55808
57815
3723
29733
1273
12712
83042
36395
2691
51813
65279
75701
49159
7725
28555
24216
22010
35088
33938
1427
1498
14871
75672
70181
46252
68239
32040
18548
38914
30578
24725
8813
59705
39519
72186
4127
22166
55392
1138
15707
14486
54839
19904
35754
45484
1332
1179
24120
6033
80402
26156
79891
38937
59935
36364
35188
11812
47588
22330
34914
56678
5178
7467
12080
19853
82091
51992
14687
56948
57731
70962
23824
25017
53804
53569
9397
7034
18056
71480
3748
23133
42898
16434
82243
18654
38096
21255
21352
75843
78666
68464
37032
36730
65784
42455
291
28858
38076
75333
5446
76796
63113
79897
64214
58159
46110
24050
75953
29349
56868
36685
32800
60449
19639
80152
73395
71867
15114
18611
62556
27973
28965
69640
9697
30965
9373
67622
8678
28158
56471
58300
1022
47577
36043
32231
80579
19007
54780
52785
664
70540
13494
47520
35217
33152
11793
19373
20566
38997
62433
43415
81822
51933
33905
56393
4604
6904
61206
1476
57228
20705
72477
55751
11461
33582
2962
30944
45684
16171
3182
29132
7348
28743
54281
56320
42892
38924
23225
72003
21901
6364
57617
33436
43309
16510
51684
1807
55085
46113
21542
3675
75635
20719
40524
8838
45560
45242
33783
43250
78562
32094
16665
34459
72464
30489
76417
6604
26430
59860
17681
49625
76517
57866
71650
64755
34221
41735
42989
32734
40340
81317
67041
60301
8255
10598
22740
38984
24624
44477
44914
52013
59563
66893
17276
75738
46248
6195
17029
14609
77676
75480
16217
82544
70437
26293
55518
69475
57557
3869
80180
34670
37447
65595
73475
56218
58095
63293
63865
57870
46232
61340
16466
57993
3783
73816
44461
59131
14291
55925
72228
18828
30097
60616
36080
48794
65458
12847
3836
61380
51214
50893
33991
43856
11526
67564
35011
26680
43189
28337
52342
74420
7446
80947
15981
38707
10227
77221
22921
19874
77679
22094
50725
65562
59175
78788
47973
74856
32039
29724
63984
61105
63295
39067
25697
53083
14721
57996
10332
4871
79320
11702
22505
34131
27810
48582
35080
44449
5752
48486
24634
30192
63668
2367
36862
43432
76175
14854
59429
78024
44991
59726
55209
81521
5137
75066
2649
80867
29385
67246
77140
77379
34899
6782
15557
1109
57650
5938
16798
8748
21873
51227
72978
50358
58454
9054
26385
13090
53471
43740
15663
62649
31313
51520
74474
49789
69248
10430
80634
28818
294
58100
52161
18173
39036
25803
58294
39464
40464
20735
36895
39095
18950
44795
47341
56620
67830
211
51089
1048
365
41380
50575
26498
72287
60223
70917
80572
35211
13044
10283
41780
218
16161
25304
3061
70517
91
31067
13906
24884
65630
22399
59416
15513
3040
14846
14668
31302
21780
40808
23008
24167
21987
1765
16119
56160
25210
14409
39845
1284
32462
21062
52903
50503
11858
13365
34056
66215
72371
26108
32659
70945
26173
33406
70528
74640
57500
49427
41477
29789
68776
31082
3398
32989
21654
41976
14034
52712
82595
2202
62214
8099
82405
8560
26221
13716
55541
2075
12959
54068
51889
40553
79753
82996
40445
27474
59253
33974
23586
55800
23247
75433
871
14501
39223
21146
63548
17183
39714
74362
56019
73962
26298
17896
25700
67072
58233
2431
29684
8070
52910
19167
14953
38144
65075
12657
30116
53049
79951
61226
46714
22049
53558
13475
81058
34414
24467
51320
82280
48191
51435
28095
51999
60497
26945
44695
63124
48633
5056
23174
15426
24001
58316
49886
65477
60338
79104
27726
37079
33791
21748
8681
8954
58859
35105
72354
63020
52721
72022
28115
46883
29195
54827
54177
76807
26107
59424
29555
24564
14294
43784
39256
20905
21443
55314
72866
54132
60136
70805
39848
70765
9587
56682
28451
72194
35853
8009
4057
66563
1395
27409
9637
26028
4259
53966
53143
58310
22666
75798
78055
13745
70261
57185
55848
6142
25632
14833
7271
41159
54431
69217
309
26788
34339
9076
6248
13779
45789
4488
65321
46193
68400
17060
19773
73341
23498
9266
25275
17039
7406
38272
37657
83163
50646
32847
49097
20139
37113
7150
26521
75489
46451
35703
59995
51314
49298
3020
81803
1791
8851
54641
1158
17608
4237
66756
56637
78440
65523
52255
71821
67221
25258
42862
60074
19863
7763
32900
36670
12041
39631
55627
61691
1601
26785
78928
15077
51307
64119
74964
76689
11261
40778
29830
70546
1897
44088
82107
4664
82984
10340
19331
31276
19519
36929
50183
17408
16377
49166
21257
47548
37041
71431
33753
4793
27334
77336
81370
8682
26332
54692
42771
57455
57387
13230
30380
49968
49880
39121
73721
41323
71642
30205
64944
60188
28059
26268
56747
18274
74388
27816
78973
6643
75105
54225
34995
78385
49725
76509
22034
29044
68371
50588
10493
15882
55384
53649
16423
42571
34326
2054
41377
65117
2786
919
28883
32190
71171
80009
53095
45846
77373
25378
13640
39586
45588
60975
64501
21813
28294
36678
18240
43288
58621
5381
6530
81914
26695
40721
48586
77801
10765
58554
38541
46268
5878
38499
3764
14907
43582
60181
78712
6221
34254
47536
62105
80999
60667
63323
62786
49287
66311
39135
39328
35439
31066
55494
37026
47757
29054
65218
63400
38239
6967
24990
26962
13509
50312
14652
73756
41674
21857
49720
83061
40329
6750
34345
56187
7456
15729
48453
1923
19212
76366
39311
11980
899
76770
51247
11989
50028
14906
8383
66114
30403
70898
39140
61216
61533
81074
36811
79085
32652
73007
8580
36855
14956
45671
51726
66546
13811
25567
15578
53847
12005
59309
75287
81465
12112
33885
49957
82141
32934
52329
51345
53808
17715
2276
37420
63180
46384
44379
80305
8991
16946
26535
45275
38457
40705
32106
65862
18053
1277
9704
2112
21618
59336
33063
62650
7614
30984
65664
31233
77479
16078
43375
20397
46168
53837
43645
37906
5926
44037
77330
21122
39440
15523
76533
23412
47841
69551
7507
44164
40506
29750
8392
55886
6174
2151
53822
24834
46484
55545
79032
446
12253
12618
76307
71347
74769
43568
61610
17434
53210
65208
60950
31367
12003
52048
74282
83197
41539
66612
2285
15963
41459
34521
23137
35185
23581
36966
37687
9673
739
39426
46645
41671
75881
50598
6922
32975
64675
37226
48178
72249
5254
39164
71378
82119
14489
27475
35454
7342
79154
79728
76303
43496
24901
39298
8076
39104
30698
11732
81164
14025
39318
27162
161
27576
11636
43893
48312
20962
47305
26588
30041
2669
24023
10107
50034
65393
5069
27326
15971
16837
33269
47922
70599
60416
74916
26050
49247
67579
30195
25337
16039
7907
17456
82920
1187
64959
16114
607
31153
42685
1315
42932
34406
61595
77606
35289
46387
40598
9039
60986
41174
11687
79458
66066
32555
39148
63748
63395
22479
6229
74204
35405
14179
66903
81395
72122
63220
5963
42407
11256
46238
185
35192
58143
18423
79270
75815
29578
77231
194
79797
5946
51478
15124
11963
34874
59072
30660
78533
48691
34560
77921
28254
75326
17923
53346
17892
83058
3334
30213
79845
43717
79015
65832
50814
46353
27906
24130
1112
74888
40577
64040
523
25012
78686
58936
47782
60917
3281
55149
56652
75512
66345
62124
65845
43353
3460
17690
12295
20912
41223
6399
7821
17710
3166
72771
63054
60310
2486
26716
33633
7082
6628
41045
35474
56062
47050
15141
6464
75190
14692
13267
55331
33876
49940
15112
69026
17161
54245
65856
39645
8460
57824
23062
56134
21840
64719
1171
732
64010
2526
50215
431
54824
34367
14514
33468
17591
14745
68663
74086
41655
78689
10935
56488
52109
40265
22120
32665
43117
81066
60290
26985
40884
67069
48364
48226
32112
19474
36180
45120
65702
52513
77569
31856
25315
80915
7889
45731
33688
74578
16635
45089
51720
10251
25507
74158
55025
13037
59157
58683
34336
41365
45814
27654
7021
35297
36306
21437
8380
15585
52384
36959
25688
24116
54569
21891
67525
65758
83156
32399
71389
14344
17036
59019
37772
5311
33318
54236
37308
7846
9724
6920
23227
30328
28674
6780
82684
37506
19249
36126
63354
77543
68961
39733
71024
37138
34193
28105
23591
30602
44229
15549
65209
65565
55590
24470
43942
40139
22545
15811
13693
29662
15046
64179
33274
74526
40158
13769
27889
10716
31069
24586
63418
39427
66002
68066
28346
82128
26145
24395
54980
69580
33757
79589
20114
78160
55306
25184
23740
32042
39286
34629
33979
34927
20896
50632
26728
82669
75660
78935
23257
20928
65608
47783
75748
55479
59081
32630
20253
27698
63487
29138
48302
23478
44284
63677
78376
70012
1211
24145
45314
47303
73296
10645
5078
61975
12663
52583
39337
7727
41934
21355
51220
6567
50255
15080
23306
51713
56988
56532
46125
39005
3353
33650
18926
71324
21413
35958
2247
66649
21869
9296
4709
33095
17836
60943
18742
10293
41368
5464
37858
73753
63501
38810
53461
1774
69036
52772
18698
56802
41844
31208
59453
33699
62188
2230
48171
72865
153
27688
69831
55300
40179
48940
43987
2139
31239
504
1931
68045
61578
2859
18912
15326
46065
39765
79086
80296
3228
48217
71332
77132
26859
19627
8152
33169
44220
27914
56366
56759
55666
10026
131
82632
49919
11001
81070
54213
27204
52072
10369
11418
15609
39548
70627
59770
22232
26128
47504
848
65587
45645
20130
50656
57158
19418
52198
56133
55862
58563
48241
4330
34354
41926
68154
25483
69178
7636
66673
30154
30750
15263
24737
53768
74354
22269
9499
54339
19166
12784
61528
22982
78460
33557
53739
30211
80677
58775
9366
54085
61302
60538
37463
41820
22938
51232
2559
78920
82015
24103
48506
33058
12305
76012
65833
61435
53414
33801
78766
73572
42584
44179
47390
59801
3700
73993
15764
81160
69838
8706
48366
30525
75890
56898
47514
80816
43102
40990
65489
34661
78795
16207
31624
49874
11825
41714
59864
4743
2358
15156
46497
6047
22837
68102
70746
61519
20401
19872
7593
21574
31757
69301
27375
8702
63241
24945
21435
40023
68349
6003
24760
77913
77414
18044
60576
53576
82157
71038
56301
52575
81472
30783
51096
82286
73875
30290
52858
1442
31959
46933
37410
21730
3770
77173
3375
1845
17806
72875
4533
13839
16676
6320
44252
12636
8589
29614
42603
32632
48780
43922
32927
67139
19831
64909
6487
67832
55236
31592
37339
10359
14402
1952
64642
44530
3667
71062
60013
8017
59900
27275
2518
23390
78203
8286
73158
51429
21790
81322
67993
2508
20803
73284
12895
65151
56360
53940
56452
53632
57929
20353
11533
36700
64345
66856
75601
82338
73227
64615
60983
53861
44728
25614
26343
69503
65000
68760
37021
19992
58213
46637
37184
33909
34780
15171
42326
28602
30046
62900
6556
21823
47068
29115
69190
46822
5899
10587
31144
68932
72719
44358
63330
75948
6811
18563
49108
70066
3195
21985
81943
2067
31547
58146
25774
6384
71989
19499
16751
57634
66529
62380
7373
61166
36433
52257
44435
68222
11632
49898
67421
1954
34055
42045
30351
36548
65766
73237
21794
69801
68227
25851
78026
25935
20952
68997
21144
10681
11479
39810
48731
79963
22515
77410
71786
45685
69843
46947
58957
24780
27494
17933
14658
13232
2005
51906
5744
13285
6982
46651
8275
70005
575
65359
22714
74995
63613
66477
30150
53192
36638
54721
47459
59907
17123
33467
21421
29962
73110
2116
36147
24011
5408
71926
12335
70732
76196
59080
62242
42658
70715
773
69520
13220
44602
74651
34242
4650
75991
39539
64372
65063
81671
75394
62279
67511
42018
25791
67089
12765
65441
74783
57779
32743
68287
20335
29172
32557
55904
40264
63368
16767
47903
14384
23318
30514
73851
75447
32720
9501
62670
73850
52959
30956
25563
51458
22251
15511
13086
15751
36593
63337
5241
5970
67727
63810
7794
15955
54573
46537
35265
43036
10706
65640
5721
12673
56595
64430
26940
23818
82674
12743
59924
12635
19492
81145
64285
6718
57655
8583
3991
7254
30006
22760
65819
64833
6144
41850
60582
2788
50818
70904
59310
81742
3817
1293
53877
46686
59468
46357
23868
67079
70624
16930
28783
55347
45068
29336
69171
19397
54193
28963
17092
10776
21408
17086
12434
64588
43411
34755
74272
1783
53066
45869
57507
57438
13916
23007
75166
64401
36405
12843
26358
21018
55763
1974
62337
56337
21943
43438
2753
78661
63956
2761
32645
50863
2019
69179
32451
3135
31104
69090
47583
44012
4471
11112
81998
58656
28397
48596
66552
72961
47733
65490
71724
1681
48852
53087
62814
10867
79152
35469
42703
62076
48828
24222
26840
35682
19718
68534
73724
31702
16266
28540
56552
80481
51028
20687
4305
42245
43240
62363
26883
11254
39025
68257
81348
4511
63435
76113
31799
47284
58065
72551
34653
6301
58298
16332
37697
31791
69124
43489
66200
17251
82188
63770
23125
54872
24466
17081
58565
48322
76697
11173
1795
63905
16352
26729
61899
74487
15030
18013
52131
47662
13122
64739
28106
35673
73432
64763
10234
47419
21348
12719
2496
31828
69535
60078
2147
40216
80987
21052
19038
72277
60096
31800
79219
45234
82487
76907
44571
56712
46286
1008
27612
53441
32884
64796
73265
20240
30505
32011
1503
37931
11047
9392
8498
1566
41999
36199
63959
76120
81459
77239
67468
55839
1110
28887
41601
77456
57118
38523
17247
61849
79850
50959
60634
42923
81375
59087
75409
2129
7511
5576
62762
14563
26995
64643
47706
22579
73593
20792
45364
54835
31603
3548
30381
31882
21922
39410
81419
69649
55175
82889
67104
20637
41386
46431
64884
70282
57735
63247
70104
77508
8402
50999
82216
80344
33451
70718
61042
46445
77713
70608
73646
71175
51355
72861
47751
6134
99
38700
55292
41769
28604
80039
24524
27400
41175
11692
18854
37540
55128
24149
53636
77897
65907
4534
24770
80759
15767
78864
62173
46328
82464
8719
54862
25185
67257
23451
38572
11403
16109
18920
57211
68588
31943
42821
15231
7199
75614
19912
82059
69420
60733
75463
16486
67039
63291
61913
47642
75686
32265
72253
41793
47729
71887
58545
27390
15577
18875
19596
5811
51038
57073
39417
45817
12706
18077
34309
66519
25088
59170
30994
19206
49098
41140
9808
19512
49765
46206
60922
11289
39147
140
56711
82652
68774
1867
2481
68304
43057
2877
23812
39372
37053
9730
37741
52317
46737
3410
21444
13458
66447
23093
76899
76107
10642
63567
11722
81550
28113
24692
78140
63598
25119
56542
35245
75355
57221
25642
59063
12188
42256
7024
39045
46422
17347
54420
72134
8063
56877
68769
77441
54208
65694
41557
68549
61138
3860
27462
41949
31766
3940
266
5175
52564
82385
32540
21041
13489
16782
62631
42164
3624
26533
58918
678
50964
22756
42225
27344
14417
3647
36163
69353
58329
54160
28525
2907
14405
19834
20203
9963
18784
52580
17984
68942
60089
73943
18382
82946
32144
36784
78402
6137
38052
60776
2391
63855
42091
69808
81086
41082
66086
7581
19823
15394
19103
74552
72954
78651
3470
63236
66299
24547
40728
61078
18741
64844
67927
37717
80255
77877
27305
71144
36564
78776
4180
9877
33018
23602
54328
49750
81663
56611
20380
59838
25000
42535
49565
79357
49055
75939
11560
78856
55
66287
72857
77056
11039
77138
28543
34625
52047
27689
35944
47834
54728
39555
25276
13922
47329
27073
64018
75425
5164
54080
657
24041
37501
6726
49140
47299
50940
49256
10585
8259
60928
33948
17104
18161
52476
38675
63555
54501
40541
45377
17336
25359
49059
17543
63026
38578
70006
6190
59691
45855
41186
35426
82890
46302
24613
69397
257
58630
70861
58611
33457
45359
42650
71181
19392
29245
20225
19143
53960
300
42436
54632
78369
52780
63774
29491
61123
59474
71854
46813
57877
62595
7774
16522
44952
11493
33106
19110
45494
8301
43211
50341
25894
15913
67728
70133
76589
36038
47108
28519
45623
64814
16545
51961
54920
48404
24527
18008
35449
12235
63296
68094
49795
47458
8488
74611
52338
62722
39127
72762
50887
10640
35763
70565
83060
74409
46165
33039
18991
58254
72334
69930
62236
7678
79339
25540
77974
59694
25607
53726
36931
22104
58821
13245
74689
42178
54704
68272
26992
47004
4801
76349
1060
58320
51653
70647
73165
45716
325
52155
11259
24450
10810
42951
35888
69977
31379
23441
45573
13155
67378
34530
52802
51785
46175
1546
23432
2924
8754
49770
76398
51538
52261
37199
67928
72891
24158
54001
80662
31719
9635
24332
32855
17440
53566
75404
29296
34952
33956
38773
41481
8447
35702
63647
27886
36352
67497
1222
5835
33767
52606
12758
14354
7282
58608
16957
16971
14002
76096
8540
25383
62727
56606
51154
63153
33371
17003
21024
72973
2956
36021
72556
11664
32728
19339
42882
21758
13755
5236
20178
74818
82463
32503
42345
76063
9458
61582
39998
36749
50161
31115
45347
46888
21933
67291
63069
41606
71999
34031
57494
49004
42643
14109
75045
9975
22158
32260
80051
514
41590
71660
29504
27707
62526
72114
61253
41941
49491
19984
69624
37380
24774
4313
50873
32677
59567
70999
49506
27693
77847
82089
8563
64713
35238
76006
56690
71882
15493
76359
24815
64701
12815
30623
24732
57344
16232
72529
63007
65327
66685
68824
58692
24292
855
73317
72441
60849
50151
66379
61730
74432
41578
21632
75072
32805
42786
79623
56088
47073
31504
72402
63506
24991
33529
81338
61012
6976
27127
11484
44024
18708
26288
4034
39782
31566
31641
13497
73000
76859
41324
71162
55876
49952
16432
24082
31951
12329
41112
1510
38353
50836
25105
31522
23713
62295
60871
56067
2063
14285
7404
70815
49731
38528
69733
72526
58366
29253
52679
19395
73249
1798
80527
69584
71911
19052
37020
70084
9567
25226
22826
46690
64770
80352
72630
19020
9617
54743
43941
46338
63596
70935
19749
29976
603
66932
66072
72425
5485
4817
14873
54944
81203
26660
18750
82848
53494
73907
55185
33235
14371
74320
14231
9051
66632
10170
42417
41484
22341
19751
24454
48047
550
12756
31374
20271
69563
68110
73370
74223
15353
12099
35995
10521
19894
47825
66654
35331
6708
8441
55911
65725
15190
61236
29922
42906
81213
44599
44025
60831
9440
20648
65275
13614
79999
59966
22586
79294
4686
65712
9450
69415
58462
8037
23046
57768
40013
42098
82403
39062
36637
9737
68967
11176
34024
64128
13575
23666
46903
24745
6733
15341
17758
76306
63172
82513
25365
76441
47250
45476
7865
47041
61605
24514
13029
62469
57812
49534
62135
14056
39594
73150
46122
7554
3239
81473
1751
24868
63385
42079
56793
13328
60413
35154
41432
49722
41980
42896
66790
41665
49373
43681
72129
36106
58730
43665
40145
4160
8342
82211
78835
76917
54437
32961
79468
68473
72537
14902
72928
10805
6754
62519
64415
43691
7523
49759
55831
65957
8606
66796
58887
25458
51405
59987
23795
46318
12590
45324
18690
39224
17839
54626
62609
48735
43628
73969
25953
67689
63675
11386
19222
22021
51847
68317
65726
43898
50238
55729
50260
49912
31090
7296
55918
5221
25194
18339
60685
34054
44172
73998
24098
77038
18954
50975
15800
21479
53668
57007
48355
23487
9070
6582
54587
15892
39930
23921
3453
6995
69185
16226
79274
28013
29273
82872
31532
34686
9105
7148
9738
79117
81959
44374
11902
30891
31771
58827
15815
45576
55368
82311
77906
58177
7043
42634
77731
3985
76127
18376
51140
1882
20638
70650
46846
2472
31816
61529
64391
76150
24535
79163
68130
53974
50351
75768
41263
61464
81266
21501
37555
27252
17816
373
65994
22311
57067
9928
59793
56977
36030
12965
25673
20572
36512
73402
60511
18287
52605
46222
25002
27586
67312
28074
9179
59950
30546
4004
72499
16433
7959
4012
26259
12262
76752
67848
36626
12800
49903
7311
82893
28611
76548
55565
60432
53381
38323
57729
16808
22475
5711
2333
47826
6957
23913
10039
47912
14207
20485
12200
49080
13321
27508
54754
5000
82068
28635
49075
73894
32966
28493
66820
8694
1206
50928
4143
52765
60693
7552
76736
26783
48958
1693
11822
44611
13926
8433
40936
51615
16503
56470
59221
44136
78879
55374
50020
78870
14859
36098
30585
79408
5564
48262
4967
36598
46080
5404
62753
76745
68959
59766
78010
48031
33261
64916
67162
43969
33644
57920
21892
51259
63182
19940
9719
36342
31126
80631
5740
55585
18385
6844
66644
40746
80770
53490
13891
78731
58872
20308
11220
57270
4150
2342
82814
30424
23975
55012
38194
21111
46693
1519
910
75441
43675
61874
26119
17481
59576
19617
15602
24433
82863
69664
48484
12796
7298
51897
73229
19741
30797
25967
28843
52988
25042
46204
3107
34494
69195
3526
69663
49669
65982
75708
2857
43878
64420
47610
28533
71339
81371
38880
69952
39076
4163
28656
57301
81703
39246
77629
32437
81257
3418
22199
71902
16593
80022
53585
4773
81609
67265
34400
4081
21293
55598
62554
55116
57291
8692
55605
55262
15972
51009
79971
65624
7085
12109
71789
34988
20148
38677
69769
76574
15188
44059
78399
41890
7663
43003
70231
67792
10727
72845
58666
28258
788
60476
44104
5624
65159
45092
56839
15135
36168
56725
50771
15633
28550
79896
19094
14437
42391
8039
27459
59278
10250
63160
22918
61712
59461
59318
8315
2916
30556
81206
71107
36539
3981
9315
19483
39329
69066
33351
41021
26523
81567
81981
36091
72570
10464
14678
51639
18464
43807
38775
46486
81360
78903
1627
82435
57692
72530
46576
11510
23476
41962
6337
32111
43749
28147
15103
40642
75395
32171
29369
6283
48338
74147
57702
38735
22799
47149
80282
54732
73916
43604
80622
26168
12718
74730
70016
59683
66107
76817
31613
50534
50802
45339
72288
35789
25517
12202
42124
792
5431
51175
61414
28708
1040
58249
42047
75059
70030
1340
75228
12691
32893
73834
32319
29185
35416
41312
33573
70755
34466
28176
59739
52354
39751
61283
11721
7969
34039
69911
54954
59701
81105
9258
20417
77002
4199
12771
38369
76365
66679
35969
45014
29524
52075
71258
31162
34353
1385
31729
11291
33623
62621
37172
77805
14011
9862
31395
37759
64523
16120
31010
47484
26060
27761
79173
25053
79785
5114
79146
40221
5732
15134
76578
18106
82423
16106
12189
59215
77780
25130
409
65680
14395
64440
50642
25981
46545
66988
21457
26180
38817
53887
60519
31574
12609
2903
76487
7755
39723
15608
50121
27894
9598
12061
48589
68521
82697
40296
24302
43232
80833
60443
56354
68012
59400
41956
13873
13835
81
28032
19073
44547
27185
16626
82021
1938
8024
38237
79521
25345
27736
34261
44198
6377
66069
70498
46264
58334
74975
28653
1673
67337
15594
72597
5344
24511
58722
53048
36284
62801
58978
48957
16362
76440
6417
7388
22653
73602
3564
42627
13165
25083
1469
15894
20613
69328
47600
51638
22026
23119
47786
37556
43559
46988
41310
83203
67790
30884
13012
37560
51493
74410
68581
11444
22201
71138
34764
60489
22080
41390
66493
2590
39391
47469
41804
4244
2974
57146
20081
12707
81926
77471
22368
33501
80433
71412
16813
56234
19135
40310
45520
3773
4137
41713
61444
65525
72123
22334
32709
12925
43713
62089
37092
3384
35306
37252
12772
77438
14792
17323
8616
22231
5993
57599
4286
46230
81337
7747
62613
64853
60126
15290
80584
74959
7500
19218
11590
66457
988
17499
68007
79006
47217
29167
50204
26511
18934
23347
76724
27525
4493
26056
22988
37103
5860
42376
72678
73243
39237
60034
48467
48986
74756
11968
47128
20701
53219
4869
15218
30806
21124
74525
37975
13196
9735
52884
70620
15298
29443
10167
74614
30941
31907
65985
59396
53359
51843
6818
81897
50331
48036
10798
80262
82916
77184
75885
41358
66038
61178
43254
51796
4968
59585
33810
50685