6708
19339
9523
40043
48127
29872
47307
39194
12606
24490
23687
442
18005
52626
16236
28885
5732
9427
49910
13374
54019
20126
46757
13907
26184
4776
11343
49160
49342
16126
40884
40781
17078
28747
9247
48611
20537
13254
16214
4341
52278
50744
2023
14081
27667
29382
9386
44922
18034
34103
3202
53735
34700
21895
46388
37044
2818
22125
33989
34208
21135
28569
40879
31745
23989
41999
10916
20395
25994
12578
35063
27769
17931
18711
49965
5720
32784
40216
19533
18881
19872
28640
44298
33664
23350
10877
29080
20160
23991
44930
6147
14697
14518
37523
30756
19826
14309
52792
48523
3639
10052
16822
36876
23591
21913
48537
10027
26082
35416
36582
126
12212
46318
45629
17795
28394
54727
24119
54515
29429
195
34012
27507
23022
13573
14736
3406
46966
53039
29560
6321
9785
41347
47593
23574
21570
35742
39394
52879
51089
27845
9280
40851
46595
53139
47300
10529
48490
33890
4891
52027
9546
48819
13613
28348
52062
38996
50681
25826
38705
53799
16052
30684
37309
40443
40656
39113
22970
31127
38416
31378
29184
44599
24802
44496
21187
217
49083
19
12888
30839
44513
29172
11913
7139
9621
3469
52675
13348
50583
4548
35328
22138
11569
17967
45754
16928
26496
46573
53764
38522
25428
32551
23024
11666
28295
49318
47540
35710
23875
26914
26762
5573
25022
8930
51034
16785
24255
5238
53302
31057
24651
19197
38494
14825
7739
52786
53999
14286
8906
16910
50314
3103
31573
43598
39135
42756
31752
25053
51176
42615
6272
52579
52850
415
42096
3290
54863
45072
52692
47667
9843
25633
33939
42765
41566
40850
3244
30895
47267
37997
1395
46159
22796
866
42588
13263
29713
47605
48649
48330
23321
11379
17601
3881
39088
6923
978
42860
38832
5836
32913
13402
39624
3233
16265
15989
44121
15113
48087
44814
4121
28238
6119
18552
29322
6631
51325
29424
42624
1967
34471
664
48691
42136
22712
23271
38441
15784
54820
36480
1599
33773
9419
16017
41405
9008
32230
8089
22058
42591
11912
52018
36538
30402
36393
12262
43669
41295
31691
42896
40105
12031
39031
36012
51884
37976
11920
53462
29520
38406
7475
44963
11277
26969
15449
37524
21697
15680
31062
12454
29694
18386
23846
15196
39073
51523
688
50725
34221
46628
39107
29786
40670
41453
41048
32254
6019
27475
49203
23679
32206
39381
23900
51672
28821
20081
45674
21294
43132
35425
12339
42180
39132
14045
9568
38743
54202
12720
17027
7535
16307
2415
35302
8608
15587
36602
50348
40643
16185
7399
53348
29097
27866
43349
4657
49227
5177
8722
32540
21922
46095
14432
44342
34087
41432
13547
18044
25704
25561
8033
17638
25532
44336
20121
463
21023
6490
45645
5910
38846
24494
25504
32617
49094
48433
35027
21464
32338
8936
20499
46437
4621
21474
13015
24159
15302
40367
53926
19162
27611
14873
15265
29456
40634
3950
46111
14215
39579
53390
23725
48736
12211
40633
18416
41977
28606
50514
52764
48603
52731
10310
14709
24809
45540
22976
15663
29004
2864
8484
47406
15180
17183
17320
29228
6323
49875
28332
29285
3034
47149
12411
52285
24865
2534
44944
39840
54492
16007
16380
26645
51332
38253
18752
52618
17093
41989
12238
16465
7952
25208
42617
28331
51028
27437
11760
35759
18027
44659
41421
10911
10651
7218
1260
32701
26463
51473
21121
2474
44477
18834
42697
48053
19356
10842
20546
5001
41360
43496
43931
40193
41546
10855
16863
5483
44066
31036
51643
38587
53962
30486
39732
39652
44346
50652
45234
10617
27794
9896
42974
11052
8269
47716
53491
23904
39715
34428
46058
40585
402
24324
44748
26677
11818
6129
8967
53084
54378
42777
16663
50215
3552
8062
18104
27399
36661
16798
29505
46869
39310
38362
51505
41784
17960
36067
16032
9500
52341
43831
529
26156
48546
8311
22484
18426
40880
25243
37023
24689
32625
1474
21940
37587
5562
50446
17946
33373
18762
38665
16429
42413
54881
9754
24037
17272
32414
30029
14509
29397
26125
22554
22645
50594
37090
2982
13827
49585
21242
50553
5260
44536
21770
2489
38534
52476
5922
54361
25719
24899
28696
16986
8802
34144
28207
52400
18052
5585
30650
50336
37641
34079
40226
16907
10184
43053
24945
9940
39679
53098
14050
1063
32816
13594
27270
24186
28559
34416
25424
45938
16253
51986
50981
12675
47738
19576
22357
37704
21363
1447
52925
40345
11752
45646
6218
7676
11284
52859
40378
2083
11950
13581
10271
9265
17439
11809
50643
30906
25797
23561
49031
1177
6059
40484
38512
19977
1619
51795
36323
12141
33418
44919
49296
33382
33867
32864
22266
15589
45918
45413
19283
31809
13360
41543
54445
24534
44725
7890
35692
25675
31660
43816
49706
8648
34676
15031
34161
4431
46580
42598
26140
29213
32087
7882
34548
50525
961
50818
24604
3911
25948
21751
34617
22150
7093
20942
11583
51607
53529
4516
15991
53881
50155
31548
27026
28257
42922
37040
6863
41154
42141
42907
26091
50109
27537
46483
32739
21203
18520
4435
41342
13087
29468
36558
34953
25074
112
35351
7787
45345
312
15795
48889
53720
46315
1657
49639
46285
770
49788
42745
6068
13990
10619
41760
44732
50027
22098
51902
34065
38291
37858
34532
49328
51003
36267
33693
12585
15917
22985
10454
34945
38262
29770
42451
37081
13471
44775
25540
49944
33230
33454
51194
4158
41788
38850
43427
42775
25365
11932
49687
7186
38618
41211
15804
29300
47058
50476
22162
53276
5138
54808
47727
7947
18572
23233
21192
21644
28214
29129
19729
48374
45625
40589
23041
27453
31538
10034
7116
9126
50561
10297
50369
33449
23581
3152
26391
827
37197
48182
12632
47169
50466
6753
18850
52163
3027
27368
43570
29899
24646
38668
45997
10333
11061
30369
38841
42650
1923
32993
32549
3959
23828
31273
7628
3305
27487
44050
4848
33799
18525
33392
9773
46515
53481
6372
25398
2408
51235
19979
44369
53214
45702
48795
34981
16291
11631
33135
53964
2687
35256
30356
54525
26787
43834
20448
4967
14690
5949
19740
31831
48506
44961
42377
42366
21182
11482
22326
35763
16759
31405
32821
6587
11551
15437
19851
8497
3432
40773
54406
29647
29798
20462
30072
4245
27578
20269
22066
23358
40206
42439
17788
24201
47105
14124
40464
46850
45139
5714
24639
851
43123
31494
3354
33496
51566
32579
30717
30524
18668
48162
36735
49264
6656
30550
17747
33357
41674
48915
50552
4219
47040
45877
43770
47558
45117
21165
54557
19594
53844
6890
2512
42522
30206
38796
13202
23732
393
36130
7634
14446
27011
39083
37814
16576
29114
32335
45892
40859
22703
22785
6327
14798
34494
7857
15521
8477
10236
54588
9396
16242
41229
42804
51843
46689
3462
50089
41070
29011
47911
13005
12409
10334
23514
28828
30709
47682
38276
49990
53777
17083
19204
31303
36905
11675
16947
9321
45484
52654
14095
41297
39445
26673
32070
51811
49901
51207
6305
23198
29615
10782
13370
6486
28408
50786
7207
28387
52909
2391
39440
52807
6667
39451
5508
3094
28712
44019
15866
50925
32306
43036
11470
21277
42572
51201
8204
27408
29291
34842
33243
30737
53710
18878
38561
39931
54420
32929
6757
34245
23566
9378
48399
5892
19512
22752
507
20281
40584
11902
43904
49404
7204
27088
7453
42107
50040
9444
45576
26309
7684
6873
3330
53935
40275
1201
45241
38794
5336
32507
1318
27642
36452
19601
19697
32166
4760
32248
40212
16747
37944
41594
42292
46845
22188
21511
26278
17609
5245
36472
36183
50603
44153
47965
39383
46942
5821
14552
37917
16629
52170
54706
54252
48072
1516
8121
24662
9412
36628
14169
24465
22561
15679
39775
21041
16458
2587
35131
35735
51405
34491
25739
47806
53428
4531
46742
33437
9141
47038
47206
41287
37607
19746
47972
10704
12643
32876
21398
27338
12711
23475
3779
12132
31994
51186
28218
35798
15171
40900
31487
40371
29495
15545
22399
20828
24325
23729
21075
28771
29606
45004
2199
26166
45295
31722
36861
2338
40449
50481
1385
52813
3374
10318
53538
32284
882
50662
24543
39259
33254
43992
52121
15338
41312
35627
40919
20726
48397
42428
15737
17353
20525
40186
16175
9636
49974
50702
37822
6665
24525
2283
46015
46956
43709
6600
50751
51559
51309
51135
9338
43718
36279
38908
44625
4438
10035
3732
15924
5918
6644
3296
49913
31854
31102
1718
47250
30047
22636
54646
47440
30199
17233
44218
6516
53074
13446
21306
19818
27242
17907
12160
9072
54034
10211
20111
43498
23550
20516
30770
28486
38047
35147
37383
27692
37006
38644
53819
54028
26556
28743
5752
30426
12028
32223
10359
50071
10633
42867
27640
43399
17140
30035
34329
20010
39892
19241
46136
44099
11095
15060
53219
12701
5511
47200
33648
30730
51904
41235
40204
18465
37893
21809
15002
3845
51215
49255
21091
12729
28075
26614
32391
35071
42509
21669
42251
28228
36222
15320
17008
48392
34848
10492
39350
31726
33565
8504
29252
20261
1284
7764
12833
44652
27558
44091
47098
8462
51287
24695
2992
47220
10555
45463
50079
21106
42578
44252
23891
9739
24901
42703
46553
8531
2536
3643
31608
28033
28376
37513
2074
28672
53770
54248
2245
35111
8809
21138
1294
50358
46720
34206
17252
34454
15833
33411
41038
18827
54015
3047
22779
33611
12051
16110
30492
21487
2881
838
12547
48943
32021
25172
16072
7740
27624
16137
32423
45263
44467
3751
1538
6301
5349
49187
28796
44521
46450
19308
11650
4744
315
5590
41128
26081
21311
31365
14745
8846
37097
19377
32258
29376
17322
8937
12819
25344
50026
52352
37579
5982
37992
15135
26381
28386
12054
54251
2360
18255
20820
46601
29494
2889
4724
4544
422
38492
5115
958
46509
39415
2594
4505
52610
4524
42361
14135
49153
50101
53363
37645
43085
31643
12873
3337
19854
30318
27157
38294
2855
13396
15264
44754
19922
17719
40532
42286
45622
14191
53121
37221
47297
1637
47521
14480
41928
25576
15638
3621
31420
24007
11043
14861
7840
40994
26725
40696
1569
25849
12033
3716
51008
40430
12370
29230
33283
36611
30655
19459
3812
27888
21627
5789
50210
30295
15960
13253
43153
10694
13705
24936
8220
33012
51255
19401
48469
49306
6276
1736
28105
42276
22001
48637
50388
25681
53329
32894
17091
32982
39101
42387
12012
8164
11019
32754
41884
405
38715
7276
32107
3319
10011
38751
44606
51145
53850
4443
16145
9525
7302
3762
880
18059
50470
40662
35098
34162
22428
37459
52133
20062
48747
27191
32464
51969
2965
1995
6401
44411
28676
16705
7718
12367
12935
17901
5318
54566
39052
37290
53341
52505
14398
34022
8030
30614
40491
42562
47448
9147
11339
46624
24431
30042
48085
555
47179
15070
436
2891
17304
21420
29960
5339
35537
44301
26944
34956
10287
15848
4855
35817
1887
37717
38868
19906
37831
25124
37885
2234
45381
17551
1917
54110
37979
50964
22815
34658
30161
981
899
30095
16369
30080
37850
32783
35085
14503
10362
52837
43620
28485
31906
23074
10515
18423
45850
20571
39427
7108
48365
49769
25987
52090
27878
34385
24492
14811
33282
32148
1705
24721
47549
1428
205
721
30131
1946
50919
32200
52526
34439
41088
51298
18913
20551
49176
31329
20222
54612
34610
11269
39874
36748
8199
35438
30374
52374
24587
34991
7308
22850
39955
44140
32491
42642
48296
4798
52898
14681
49933
49210
37416
17440
48687
29670
43094
16118
32471
9143
6914
38186
8327
47853
25683
25030
50360
29828
11530
4756
28511
11307
12039
2211
21731
13101
12446
15677
7743
16799
38284
20658
11124
5623
38574
35480
13943
26539
14675
43684
48959
9176
50671
29270
24011
1138
44405
6634
4160
20352
14058
46419
33606
15570
16024
12285
31246
30344
27553
37911
43974
41120
42076
33196
8983
45975
12599
19914
53695
1398
2263
9095
47516
52145
48001
35645
13875
43540
34857
1750
52595
24129
15200
2239
39006
41560
20894
46212
17927
8022
33801
45991
45216
48202
40968
40638
15374
34500
53521
25467
49463
11703
2041
45974
1875
42004
44829
32398
33141
23104
4039
48240
1224
36929
39647
11986
5123
40530
44691
1568
37350
12272
44940
16200
7083
35185
30240
44193
16248
43873
15428
54688
4714
28807
21733
47375
14778
31397
53888
14751
48380
10599
24021
48339
34352
2049
7147
14042
5164
6760
40197
33544
8387
51236
33203
49220
30963
39306
5098
7913
26437
10096
35014
41147
48787
48843
2737
19268
12826
10836
40873
40836
9399
20833
40910
40277
860
27106
29088
11627
20802
46598
13479
37140
43043
33973
47482
42585
23742
6332
29411
2554
30307
12252
41673
44214
47266
17999
28064
47032
33077
51147
34254
7907
24712
19090
10958
16971
2504
54282
23365
37867
12791
14299
50994
43140
42384
11661
27332
52467
10223
39699
39813
22510
19343
25373
31339
3288
30470
20105
26636
46264
1234
31532
10444
49417
27701
26901
37120
36898
43227
25395
17036
34277
46192
25379
22980
6354
34627
38201
20563
54446
16671
20956
43914
49050
49232
1536
37846
27316
21824
36784
17879
41698
20589
47106
7242
19945
52531
44936
15693
18635
16283
14656
39671
44898
33763
39756
28102
27992
25931
556
54769
35325
20604
45000
21249
6440
19125
2020
46011
26843
41521
54304
41231
40268
22002
37804
25083
8898
14011
40123
23269
22547
5783
13855
36369
27076
27599
39197
23843
18478
38099
2990
41871
11033
41010
25798
2635
19200
1129
54321
13948
6691
23509
34734
49563
502
36567
43489
54636
33175
2233
33509
39416
24810
26042
27659
25156
48497
29586
4739
16485
51605
40741
50776
3410
49590
48245
14834
48225
33108
1437
10214
21103
23771
48452
2613
29149
16581
5006
46365
37
54538
35923
10700
11080
54148
53354
20706
21696
30910
20319
13505
51467
23593
12067
9316
40465
10996
21703
8574
24591
32127
54352
45409
46817
49607
33750
13778
11550
10821
9634
3077
47015
12848
10254
21520
34285
52083
39297
15272
87
28865
13890
25649
10545
51119
36193
53747
49831
7781
50437
16643
18969
30103
44177
40140
33421
52560
4461
30861
22730
27822
23403
27055
17623
48746
28306
23428
44850
36463
26396
22291
8620
39335
38200
2828
21171
18022
25812
42995
47198
40332
14554
40096
35307
2173
42527
9073
15290
7430
29595
40339
5873
36807
52961
1763
45314
27033
47488
23806
9365
34224
19108
54553
23278
24313
9180
45209
487
37141
5685
19184
44911
16774
30546
21682
24672
149
48289
48703
11695
31876
45966
54666
11179
3358
21905
42888
34928
10201
30235
10435
25858
5941
31819
46357
34302
54164
27715
8535
2712
49503
20922
28140
30609
10562
36256
3922
29370
46650
7765
26536
47434
30982
6541
21555
50017
19530
3243
5899
20252
28182
12960
45093
19031
48235
3861
35195
52131
39910
39859
28615
22274
37665
51347
22056
40458
31504
52000
37543
40452
35546
48954
21882
15311
25295
34670
20796
15058
50539
51196
4850
30805
39119
30330
51912
5507
31631
26398
27835
41626
5669
49819
16474
850
33412
17546
10860
40035
4381
54042
42822
10928
28599
39528
50246
51939
7538
14471
9302
10592
31014
43604
46323
40516
16091
41826
33112
20390
2900
53615
23953
2089
38869
48028
11800
45699
22549
12652
49119
28515
15035
3166
12443
17210
51062
28339
14589
14527
40078
31925
6426
19962
23465
32813
31674
1249
28300
54473
38209
7824
35751
33762
44261
687
29986
38906
6970
7035
10303
10114
46149
22630
12811
32714
13178
25308
35106
34113
47047
28021
9867
23731
45587
18807
31333
2702
49754
22729
2693
2928
41065
13426
35292
677
32663
49862
18929
9065
25183
46840
16340
31507
9693
39029
35490
16043
16935
29389
42512
30822
9926
14851
29640
13079
41612
28170
42918
32590
49525
13668
17531
20744
29359
32720
39725
54351
31438
25753
16212
11070
27514
10398
51345
17849
19615
32916
10291
947
27779
7525
35958
11389
38782
29902
43109
4170
22528
23301
16790
26422
11027
45258
9970
21066
34449
49242
8253
43073
48088
34694
13968
46303
32216
10567
48108
48356
4347
52711
42486
45778
20180
23434
1985
23980
46253
15897
45649
15656
14380
32610
49950
54836
38717
45656
37613
20899
16048
43731
27311
7757
47051
43982
29690
41664
1120
36739
6179
42472
54234
44059
48793
5130
47606
39496
27602
52035
10800
5252
17862
43803
42164
37189
51155
9781
10648
46726
53636
25829
37070
11851
21991
34472
44388
26429
12641
54884
27131
36308
19175
40414
50768
39341
38949
38269
14787
39460
33712
7050
37010
7790
47211
3926
54347
14279
23704
40230
20690
26059
159
17177
26697
52371
54375
23945
48180
27041
32660
30528
24139
42014
18826
19542
27751
16998
32502
3788
54734
5495
14237
53872
15378
48887
3055
37000
45615
11772
46599
28986
34132
2073
26436
31983
5413
1507
41427
20982
8111
13239
7710
38115
9729
41725
34541
54331
21037
38635
40025
11007
49247
36021
19756
17786
28971
15123
1054
43755
42302
1004
2383
15365
51865
30880
2764
42854
4324
43849
11105
21342
53355
47386
20995
7103
52077
48619
10423
22655
53076
5002
14968
7016
37374
7578
47429
52940
11919
4468
7164
49961
15282
30676
39236
15486
32644
39992
23150
37485
37423
15020
37233
38736
41060
18716
27231
22244
41971
43560
27377
37904
32116
19766
31753
18989
13109
19330
32407
23173
47587
51338
892
39664
35801
40081
25843
4754
48809
41572
40148
3668
10102
14760
22285
26840
49378
26083
47367
54430
3422
17542
8082
40980
1382
4917
4240
23414
22467
36783
47351
21445
54176
478
37482
5327
24939
28381
35454
52112
46897
34141
24332
8024
47765
37253
22094
23125
25735
10319
34341
46142
10000
31615
5521
40011
41483
32080
32797
44392
5231
32597
19581
20075
23188
24102
48123
26069
40956
29351
41809
15550
17310
37347
30825
47835
14617
12950
21479
43347
5996
1956
38931
53179
34386
51742
42504
12622
49016
51821
573
52592
9809
25702
34463
37407
528
3784
20800
15771
17366
32326
5934
17848
37424
31650
1574
31891
1816
26486
36866
28580
36026
8517
1068
22664
4979
2196
44450
53567
40831
3774
47102
49531
50848
53052
11955
19130
52718
22037
7226
51808
15544
8576
7433
42501
2962
6954
10711
38638
43013
23019
8562
33128
29780
19738
23820
11143
42786
5647
14621
37789
1629
45448
16481
21651
49215
14878
19679
12739
45065
3091
52317
25786
24676
9770
23291
35737
3589
22210
22932
4101
13435
41753
40647
816
28666
10753
50672
50230
5061
53392
44892
25510
6201
43806
35266
50449
41681
4984
7135
37727
45721
38501
36814
50209
17268
26134
12531
43610
18747
44317
34188
36376
3852
23033
54503
46232
43519
52772
2099
9128
46517
538
21941
11953
34867
39606
54576
40215
49612
9939
29715
43858
38682
6849
10148
17005
44566
18368
47357
39097
41720
13334
49332
51273
39588
24819
5374
15936
51719
34724
41314
8455
39988
21839
46765
2317
28122
43651
10210
44867
40681
6505
22880
12897
48159
12587
48514
53185
52160
47290
44575
9010
39822
27260
38880
29400
23911
31449
6602
24742
48716
28948
1141
7359
41643
36888
38083
15648
10260
16617
8977
35005
12015
11646
21074
31162
11231
16407
20672
35944
36799
5728
43357
12387
3345
12903
40937
13392
15945
657
3694
28475
20792
21196
13519
12201
53065
49007
12392
5660
51091
13807
17737
48098
46415
8377
3939
12355
35464
37683
36899
45270
30166
38802
1581
16814
25821
8363
32942
9028
42034
27674
31022
241
23787
43647
2564
32602
53244
3021
4568
46464
21717
16800
21811
1909
34308
52462
44537
14805
11876
20313
25810
45045
24264
18759
20194
44077
13291
44872
47345
29299
1932
51996
5546
50194
52308
27942
4816
2376
37736
21049
25390
26253
43367
5723
18371
8490
23998
31484
45529
52823
6071
10389
15235
4521
49665
5445
18215
51056
17561
45393
36962
31234
43675
28691
47473
43780
23670
3549
6192
48791
49383
36662
27119
4898
47181
27872
13094
8358
34099
41706
29327
21505
20377
49426
50129
41476
37754
29177
25090
43318
459
8612
27137
54592
10378
20780
20951
48364
18938
19706
36200
12560
28198
26116
4874
24843
35565
24455
12497
35396
19936
42840
38437
18503
44767
43223
21269
1341
234
10325
30111
23517
2092
49816
28099
8268
12670
53501
5343
7667
9252
6477
29680
33095
1673
19652
40239
49822
16030
33005
26763
15126
39370
3032
6086
43555
47936
53272
52362
30031
10640
21149
26986
26311
9765
24601
37211
1343
38051
14921
14576
40137
35721
26708
49537
6471
32060
39291
33886
49515
21375
27168
32498
44741
14416
31782
17668
41000
38421
36405
24142
41940
2123
46985
11443
16288
23010
44137
8196
28389
48320
32967
41651
50453
1937
5849
54243
41485
37597
29313
21981
29250
20925
5216
26368
45204
7008
8607
19057
29482
10462
17098
5597
41252
25436
31604
52672
20758
38569
40677
14705
40557
24705
33312
44737
51545
9457
46497
4399
13858
54080
22063
7833
5933
26660
6492
25800
839
12147
51278
25278
54465
15888
6368
12767
47807
43375
31627
11715
9218
24614
4054
51084
46046
20495
48756
13731
49183
37856
15251
32975
16243
14424
3067
3892
1602
48193
26634
27813
41386
54790
5473
10536
28938
27363
3741
46187
41807
23917
19301
9458
48667
16397
53787
15556
35177
46378
49433
32909
16597
3808
3760
31212
8074
26190
673
16262
20949
36648
49461
3602
12928
20483
54292
44204
7225
51750
20935
38636
42885
37949
31469
16021
7459
17410
16645
33104
6176
37101
21178
417
8186
32280
16717
8684
49928
42318
15745
28564
36317
53572
53023
53112
40221
41416
32025
30690
16802
45226
15408
4200
51193
24990
48652
22445
37606
9509
4064
34055
47652
45364
47415
22440
44548
5305
4048
27693
37020
50568
21390
22348
7058
44242
43027
49619
50145
11239
16160
37910
34418
9475
31068
15227
18340
18437
14883
7467
15961
47943
46885
49398
1389
37984
50407
49774
4927
20559
45956
36548
27353
52969
23577
28697
27160
27743
24394
44945
25927
30392
41337
33150
13973
53685
45537
48511
44457
2472
6495
48271
24348
34969
20044
3193
40580
18313
5100
52329
27654
32255
32619
28152
33124
13955
49597
19557
48262
16573
9385
33529
40945
8303
41036
48379
25566
40405
54468
11770
51755
47162
52795
48035
35347
52214
11214
21286
13249
31184
20857
42606
11252
48058
20664
39525
1263
39577
715
4957
36639
45982
9289
39387
43744
42463
49286
7533
41396
28641
20020
52845
39488
27832
37262
18136
29139
4695
30262
17102
22350
28544
49279
35525
48117
17283
6182
49456
37464
23156
38386
31585
35569
11419
43721
14397
10074
48782
52044
32442
52107
38032
53016
27477
38009
7487
16932
46024
4807
18304
53741
31903
299
14842
2104
4948
19833
67
844
19154
47744
38303
52266
16094
49469
10677
24210
24055
2810
32055
43796
13553
262
52486
17810
7811
13301
7367
12487
35936
989
49924
5627
35598
54084
8369
38391
40421
4404
28687
38652
48898
37268
5300
17122
41241
25035
54540
30382
8788
45774
29921
26146
36804
33572
30888
47678
35392
17982
34789
71
52197
13307
46050
47087
600
4540
16003
13231
53916
45328
39386
25432
13996
26293
49495
4135
14305
30198
25967
4281
7773
38005
1925
18443
24871
41620
43343
27227
46295
16686
17673
45324
24440
6957
37873
3500
47006
43041
24401
2570
3579
54218
18321
19498
9668
31128
3672
35655
46562
9793
43045
7411
18166
9646
29974
34692
50052
4938
31263
21602
7000
1724
4077
35892
11739
4372
20506
11870
11595
42892
9691
10415
43090
10343
11730
38237
23815
37323
11958
50050
39691
30462
15151
3600
54278
7284
24338
43580
29654
51105
41522
28052
32270
49547
36484
50654
31669
32874
13035
24620
30137
51465
40929
10932
49844
10082
39287
8706
22055
15418
4639
5719
49369
45439
7442
2219
11620
44627
45202
43906
19819
19484
27676
41735
10479
49186
14105
17394
11891
27208
50457
30052
28660
52889
10029
26405
7082
15141
40703
45052
53655
44557
38905
24300
35154
50260
25132
27252
53785
14141
5488
40002
44643
3996
29540
690
27438
26955
21252
40981
5293
43286
17048
17489
17056
14668
46125
41328
46933
9897
3013
50125
32172
7746
45788
28440
51621
26691
28425
29336
51041
20090
36867
50713
1110
13764
1936
9908
50222
6800
13463
17073
17955
48986
18723
39615
22865
14188
11857
5152
4009
37861
25190
23380
37285
30142
24560
21152
37451
20764
22256
13166
37403
32117
35539
29738
24627
40684
4485
19231
28164
5395
2447
23251
26604
53254
34284
21945
29493
40311
41261
38317
19798
19953
13224
18919
42216
16464
428
20909
44253
8447
27946
32790
23569
11927
36061
24757
38866
33240
1445
48659
49082
9815
24277
48961
24680
17479
9240
1745
51957
48075
24197
39551
24418
7847
30420
15096
19391
22910
4332
48828
7488
19136
4115
19795
20607
51924
32296
50991
48810
21324
19428
39091
11423
9000
53062
36272
23558
45129
7499
46035
17199
12825
750
45143
47875
9937
48836
23715
31578
21148
18206
930
44087
51290
2014
10127
47621
7397
6820
19721
12344
34571
32457
33422
30765
608
17843
15029
31442
16740
6407
2525
34814
50943
34970
53378
652
38862
7509
15808
53547
50062
25817
33836
37617
9980
19102
35383
32780
42453
11656
23283
3710
40541
37094
12433
33635
33714
26371
36952
11003
1554
787
2207
37161
43228
61
36734
38741
31191
5043
34646
53401
29533
47507
34861
8763
32367
29029
54345
25961
25867
39186
717
35447
38100
47919
41169
23208
46218
9451
21287
31421
22381
5858
23
3326
10575
7861
49365
33618
11141
29747
48215
12316
14461
51096
39839
53927
24449
49582
1173
44398
7449
39939
23324
25107
11171
46967
38507
41116
22321
15479
4072
23711
44586
11451
9156
47654
48606
17112
6937
43362
18961
24643
48855
7570
4091
43549
1804
42939
16090
9037
616
53086
49021
22744
2758
28850
8660
43639
40826
50828
36940
8442
16835
18330
27849
21368
28144
22026
6316
13229
33854
17892
36120
21533
48945
2309
31762
19917
24799
9917
38980
36655
35718
38653
50045
40770
29793
26338
42263
25197
31721
37837
1014
1823
17018
15774
48189
48879
31084
5370
12442
45602
29964
37159
25661
22960
38020
43662
54158
38456
53469
38927
34123
6727
54639
41136
33365
50707
9181
48831
40761
6315
17041
46033
3367
16281
50856
51302
32526
5308
43150
48347
14127
40439
14749
28080
44827
32845
33781
5811
4395
15618
14258
9871
17672
8650
25431
18108
363
39674
51383
3175
32100
5282
26565
38890
21260
13685
43022
44655
8289
33900
22889
31120
28213
27524
34149
30089
21995
51622
27083
18607
24897
38491
10756
44316
27417
6766
12759
38716
20868
5357
43472
3946
41602
18150
4307
39420
35051
31307
2035
38898
42192
32796
26684
45584
6053
25255
22153
54216
11805
3556
36044
54655
6989
50177
30366
1426
22720
2115
51431
48565
15562
51024
16875
13344
2212
35676
9675
21524
11154
33758
15998
46751
44506
15055
50808
7621
14148
14350
12063
33734
29050
24806
51784
14138
10430
19584
20036
16571
27723
15245
8483
15719
40401
17855
28070
15555
27937
48665
12437
43616
41
17636
7355
927
30416
29750
11468
11302
39965
36402
418
1022
12884
28042
35846
50187
36605
11051
43624
39515
17247
49565
20755
23130
35361
38433
28703
53296
29
51130
24387
36158
32489
28091
52324
11465
13651
211
52014
54534
1006
40882
31706
19648
73
36450
519
33592
38695
18225
40967
25622
51157
32569
5186
51587
45502
21300
40202
27392
22503
27102
50929
17652
10775
17470
30280
43830
35783
9463
15124
28256
33609
2122
38987
40840
45180
2468
27826
51862
35578
14548
41034
54867
25445
35530
40682
20459
24256
33539
47418
44792
158
26648
1708
38333
42721
7817
33746
18714
37171
29096
3701
24816
51920
47121
23163
26136
14673
51481
11691
50634
19368
46067
42173
43076
50433
3107
34342
24519
50346
47580
8435
21801
23628
46495
47615
33428
9723
51586
44878
52128
25847
9483
53338
21414
26875
18625
3300
4904
38215
49633
18986
37103
25866
34564
39473
31825
35749
17884
43221
27280
2467
21618
46609
49813
40692
40754
39309
8852
44836
28157
46531
17436
7804
18853
29238
6783
43599
24582
22832
21315
37564
25359
30276
4785
47648
52295
21219
36893
41797
46238
51619
42435
17762
19008
10684
29261
26076
29943
43939
51455
23964
7261
48304
29996
25992
27833
20442
2875
20398
31205
11184
13232
32101
286
27764
10331
12402
1624
12772
450
41277
23760
22131
31009
5737
26176
18591
54605
42746
48171
44272
22834
13621
29515
13066
22426
18376
52835
162
7642
38066
22681
48875
43896
33906
32432
34005
5924
10058
43239
21156
51040
28941
10279
14628
1299
37200
8449
49265
11242
8391
34165
26513
22172
34195
44039
5971
29613
40341
8927
53474
2146
28777
38542
35211
21620
25952
9797
49235
176
39377
17068
25084
21563
51514
18909
20910
22010
52353
33164
29342
30249
25630
35336
20139
28565
12057
1789
16862
39884
1468
34330
8094
2442
31768
920
19933
28653
51168
16071
29838
45384
27404
540
39061
28717
22415
898
31823
36152
26953
36794
18615
33779
29582
17422
37823
16358
13799
8871
52855
46420
26896
28248
13977
25140
13209
21233
20351
29744
8634
19792
12077
14585
54823
51893
34483
23778
12966
11294
16884
48874
47508
47971
44683
44488
15190
34858
41205
31973
5394
5815
43262
13157
10440
42340
53434
12948
45279
17777
5760
40323
19932
7382
4619
48142
39340
34516
34031
32003
46847
36005
38192
35272
49894
28611
20142
51738
3168
19511
50901
46879
15769
10169
1725
43516
20435
51462
39042
1682
19639
30997
17482
39552
13865
33936
9698
49458
1038
12967
34975
13282
7988
31629
2750
39562
26363
1152
26702
41139
54614
45709
1758
39122
32347
40237
45455
38139
36460
24407
26961
13376
40920
35908
39245
25012
11340
29702
9100
29612
17594
35144
46119
24749
323
31881
16695
30292
27109
51728
30444
1892
40930
44116
46276
26692
7124
37938
7404
23441
19224
41955
15579
35036
6968
13722
30406
31894
30488
52517
51618
14726
2579
5571
46398
15533
10940
2452
50573
43594
1874
3874
31482
35167
8112
20152
23450
11430
53047
28054
48780
16898
37658
799
23135
46907
29392
7753
22601
51763
14724
43571
51979
9303
48022
12276
41177
33485
18860
19934
10075
54549
3528
38986
26052
46008
7181
53970
28835
24066
2230
50328
514
17293
24554
45680
9297
31394
4631
18364
1866
41880
1491
8829
30053
25586
49444
5085
13408
326
52053
3249
49586
27495
54050
50380
3003
27166
19191
27581
44268
29220
12170
8732
27903
33107
8038
23630
31863
16332
7479
23866
54227
212
12448
49781
25606
50721
48676
12777
5549
50791
33921
19970
36093
18787
1964
50934
38486
2065
23802
6362
39785
4226
52275
3256
21785
23640
12992
24938
53146
21580
29862
24514
26831
38149
46057
40774
25150
22869
24000
697
37480
19468
25060
8952
6174
9426
47802
45911
45764
360
22923
21908
18488
21209
11573
10850
28817
50495
10623
43945
33321
6034
46544
24657
52454
33030
28591
34915
46868
45441
3521
38971
47147
36388
23049
35234
52779
26471
53236
39215
2222
45106
25949
52092
44143
938
38030
38110
34753
4508
29818
4882
28922
7810
6432
26108
11521
9200
29190
46399
1753
25402
36426
41864
47681
18194
14064
9967
52981
34333
46268
3728
53169
25228
28924
6794
7318
19414
21884
9436
8838
41610
7066
35019
29490
1840
41586
34629
35840
48355
11503
54031
29572
16930
2458
46788
11333
32567
13845
12756
44802
8411
1689
29892
40296
13870
49685
46615
19334
7895
52190
33624
25756
30515
18585
4018
49040
15964
7324
25326
25218
14771
26956
5628
16444
5615
6626
26476
49509
6110
49959
48694
31797
46199
3518
1900
54394
27983
25895
32041
30226
51804
45766
1048
28810
5833
46181
42659
48179
54742
12577
51665
15529
30185
28503
27444
15444
4265
1643
2650
24500
4601
44757
6935
16806
32831
13567
25667
20209
14125
27686
50877
11152
2563
25266
2665
7342
31934
46678
52930
13953
1976
12222
42603
31638
3456
39320
5741
13000
17728
21461
45872
44855
6204
47497
27457
8165
42916
915
33045
34851
35094
50403
45910
14180
15042
44743
31182
24880
3862
34311
38917
6005
52639
2784
7191
11327
37338
30540
26524
41535
15687
33853
17259
8010
14231
1021
30723
17689
14923
20173
15163
4496
44901
29879
16437
1384
25389
1863
32679
26089
13520
16226
20327
30064
40062
17920
5421
40493
53985
43609
24782
352
46926
33170
46641
28590
15107
51713
20477
22373
51981
26023
44654
23619
2555
2176
35250
10607
5362
47736
3801
3988
26839
36512
32496
48581
50884
41137
50931
35429
54514
13205
3543
2548
13135
28882
34709
18415
28495
9556
9744
49659
48385
24482
3312
39655
42271
4585
6045
6928
12492
9953
52422
46638
23196
7299
47154
8054
35224
34924
24323
11404
41930
15397
25599
54781
29249
10976
43641
34508
16495
52914
35917
48016
11439
32405
8002
16559
22136
45167
13453
53852
10991
19144
13819
20341
13749
2081
44194
43432
17525
51399
19690
20427
43784
44781
45079
27067
42956
37147
48011
22085
28446
18601
6089
30028
25291
37291
46488
22464
54112
17775
38969
17225
79
40262
370
43179
18794
42499
49851
10072
9822
28756
6703
47321
24718
18750
54725
45195
14954
10371
33963
22300
5406
20965
11316
51663
20289
27533
19597
1834
38612
50202
24078
40391
49836
42969
2973
50321
46037
12385
18184
20841
27312
48092
49650
43280
34808
19578
34237
48655
28341
54336
37003
1459
20866
27433
20331
24772
37444
28735
15266
11348
43135
52273
40797
44128
24356
6995
54843
7961
18393
3965
50550
29237
5267
35727
44786
11969
15634
16513
54033
23958
18868
106
51613
40619
42517
2319
36384
37776
14865
34199
29305
39134
1784
54772
23968
39973
39044
43395
224
49696
53976
17645
46732
4210
18494
39608
40502
6775
2007
11515
6663
54672
21848
18803
53758
14364
17385
38951
13743
2662
12264
25853
38222
14033
35978
49166
24637
33875
46644
28321
34081
45797
50375
20310
19259
50735
7660
12034
18456
10883
45545
36303
40120
11163
46823
53558
581
46069
17973
44169
35244
19797
16919
52376
8882
52631
5465
44311
18401
1733
53898
5206
36415
14542
34705
33324
34829
47143
18771
36776
42059
49128
35722
31239
25743
6030
34715
43880
17823
14247
11204
8336
9963
45007
29993
22541
51697
33246
10110
21109
42443
38227
15140
1603
48926
13284
17391
8700
141
52567
36367
30748
14291
20360
43192
26297
31089
2285
30951
9574
5027
15706
37172
36576
15898
46947
36358
31478
20019
1194
51016
13822
23106
50535
7959
49061
45905
8806
38078
2679
17699
29450
19865
33649
32752
8552
5605
26260
760
5842
34391
36838
43115
12672
13174
8862
35451
38129
16816
20716
46473
19890
41053
27981
39142
54800
28126
48729
37224
30606
32513
6284
53412
43823
12920
44992
54887
26571
53931
42991
36329
38579
47599
5802
51182
15865
50777
28907
44708
20811
42422
23793
52633
19078
37275
10985
10077
50280
50439
18430
24890
23078
11895
19544
6379
14006
20005
22027
28263
17570
28812
18339
30896
20454
19396
30162
25905
33823
18265
11201
13022
7358
36643
32163
42553
39539
42027
1790
52587
39503
47926
43901
47481
41452
32050
14464
14494
43713
2493
45431
22733
44440
49532
31135
46980
46063
1880
35346
44418
30375
53869
22505
39896
26738
20376
18263
12757
36851
54696
43611
36207
16675
1621
39735
8573
45051
18740
53607
34176
49485
47273
23525
16441
1026
20633
48859
24979
33153
31985
15751
591
5125
53552
44789
28751
26650
39235
34173
10422
21265
53848
40963
15723
31644
5657
29040
42870
17667
46163
27894
5578
3706
47903
15301
19421
21955
49001
30732
1244
42155
37083
2957
9445
34585
46469
37493
18146
44290
36660
43063
41021
32587
21047
32941
41883
14903
33220
16394
37075
19003
38451
48991
37062
11053
30538
20445
14930
43739
19303
5707
19661
24681
8297
44454
26464
38061
2757
27657
6652
24035
6726
25261
16942
48309
13788
36178
54455
47309
39205
48933
18232
35159
26811
49750
34068
2540
3718
43842
5912
54669
6804
42095
3930
33656
51374
54323
9274
10151
7157
37095
28787
47679
44900
43265
45304
16359
37264
2742
1482
51839
32140
12523
46775
36448
33211
53878
22760
24728
45718
30587
48036
40325
43652
10593
6008
18897
21943
13926
31079
28468
28224
39903
12085
2042
54261
32523
12970
40087
53669
147
14647
6615
39220
10667
15044
33051
37928
31564
3647
52231
27224
3689
38597
34397
29616
26005
28597
51357
53942
15371
45878
10635
52451
31791
47854
8101
36843
44069
54224
48284
29621
20915
12103
24476
3122
7076
52498
53662
15523
25936
5697
50855
1314
6040
40622
8712
9485
18083
826
29358
13417
4675
48442
25002
951
53191
2299
23516
18095
41657
36263
22893
18698
50488
31309
13897
3384
12838
4289
23318
52758
23094
50982
25282
45512
30436
45663
30299
45153
48553
44531
8675
37955
712
3386
22035
54006
25695
2791
23541
17838
11977
52922
38210
35495
5196
49747
50307
46529
38877
47751
18296
17238
47394
33350
40953
26583
50949
20258
30354
27329
46910
36724
1077
4775
19158
16129
30338
51426
39645
15101
50924
24425
28132
38082
6502
53831
16477
45084
24046
29121
27080
1313
36523
35139
47889
16626
17230
45122
44191
34796
50987
10178
31052
5052
17063
17194
42684
3183
24450
12304
13834
32957
15603
27930
35135
44483
45486
28899
41595
47959
31368
23387
38452
16873
6227
27825
38360
41890
3768
20129
20554
1236
11972
34039
42844
9227
23847
50734
40790
21699
39538
49867
18299
16293
25000
49903
31323
16948
19333
20120
31142
4179
29933
10132
33375
23177
4113
10654
51542
41125
12362
53114
29712
50423
50265
53825
41515
22237
53399
30634
53727
42634
31801
7152
11705
6343
26773
35404
2475
7173
30592
27967
8245
9651
41910
22054
20146
49800
1142
46371
31255
48547
30467
43302
42537
50099
42074
35661
18791
21323
52175
27324
14224
21624
8178
19167
45875
2164
53420
16097
43336
12594
17332
13869
25639
4592
23405
25117
261
28726
21518
33629
14928
30009
35970
31778
27216
9045
12940
47216
47863
21131
35639
44879
2726
48266
36616
22380
20112
41029
9190
37554
25137
9719
31229
33956
3837
2265
16229
52769
28003
23187
20362
27431
22519
9740
43333
5414
33972
25096
21797
21737
29546
41634
6988
10974
51485
6946
30498
11100
31682
17556
22393
30336
25526
51687
48907
11475
36884
46688
13515
8600
20263
20627
14530
16545
47097
40247
11776
8771
29760
6579
28550
3280
26588
16503
36271
36593
4610
41710
683
25613
46208
49984
43296
48032
32186
13958
28098
45886
39887
8183
35582
33840
17990
52441
36541
27200
1103
6550
8878
4513
33189
50257
45311
16019
45666
2290
22706
25460
13495
648
38436
12647
24150
54302
8096
46977
34545
23497
27684
47949
22624
8545
33915
40053
8348
2133
15503
45729
2800
10743
23000
49052
6075
52097
18708
46387
33520
5310
2492
48147
47820
14278
19455
49199
14442
34998
41717
1764
51935
22769
37673
14116
6925
8017
20517
37687
44756
28914
5157
11234
34228
33064
21321
13838
20872
27908
20443
26357
35948
21611
19400
45248
8136
18577
18978
45846
53756
19859
31917
7292
19214
20429
32285
47694
52827
5111
47638
18987
29095
11501
43383
13982
44974
54403
16197
50695
32667
45178
40733
91
10150
50891
4772
36822
34747
42887
36401
2268
38418
49386
25915
17827
46440
46783
31114
39686
24735
13608
43808
17505
34075
15197
25527
35974
43183
14074
51638
38828
31924
4483
29525
7938
4478
43163
33619
23477
26782
43167
38789
4393
14874
38683
48677
48198
19840
51414
20035
806
3971
23768
21710
11544
30221
50586
13075
52669
4420
42354
54593
45946
20773
35389
38069
44046
46409
47692
30788
33332
19698
2307
53211
16708
8578
23657
48802
38536
4190
35744
43829
32360
22417
27951
24303
50545
37151
8525
47331
35901
27645
38675
50689
6745
53006
37761
5766
29461
49102
13645
40507
7795
31098
4456
10805
26549
8284
38938
13276
45802
17147
8443
2704
42179
36273
26908
13098
13320
14227
9471
5384
49811
47079
34435
4971
51790
2880
25164
25803
46503
9214
25300
21355
127
41138
25944
49897
16745
42372
25728
51947
21683
1
27347
40806
21542
46710
23337
47685
44973
29437
44669
22222
44860
7555
7075
16107
41385
37593
3607
23328
9496
15006
51321
11364
27803
28975
16067
47995
21333
43451
3270
34150
50759
50613
44451
38477
24248
22632
43886
17433
27446
6156
2672
4493
48695
4189
22949
11638
26828
31944
563
8510
22216
30642
49093
43745
33996
52658
28822
38343
26199
6195
20381
34579
40286
22310
26080
37775
47782
9706
47119
29508
24091
46254
41902
1850
736
34313
30599
51572
45596
14620
23061
48424
12124
41821
51788
6839
34095
19141
17745
19159
10731
25550
2418
23416
34923
53154
13294
27563
11693
52802
35414
54731
28519
48395
35075
801
2055
706
34649
32098
14340
7291
21004
33264
7545
30902
33597
38660
17976
22235
51217
18089
739
7898
50272
18669
40784
11929
18451
33308
34184
18014
30434
35765
51659
45739
5964
13115
30285
42468
3796
16631
24178
6738
38860
48587
40383
51
27585
54853
13693
35811
26212
32313
40788
27975
42396
37405
45017
18542
31515
15799
45855
51269
1181
53742
20986
47883
35165
23937
3989
32429
47214
32182
5553
33722
9902
44817
33501
28361
28664
23329
22690
18245
14205
9286
19845
34782
4649
26643
15475
2253
12502
28431
43415
54831
33797
8262
24217
31005
7760
39212
29566
26865
47462
4421
23804
5145
31483
16992
46498
12179
49744
7042
51849
22317
52434
27759
2653
7269
20553
14715
41437
44471
54440
47832
44593
8778
6091
51501
1501
15794
9947
37974
25711
8617
9418
37212
18653
24111
18190
18946
46612
50837
21550
15975
46804
9529
42117
40130
42845
7311
33754
22355
32479
36845
22892
37945
5774
33397
44729
34852
29574
10100
15024
17348
52765
35386
15497
3967
35287
1080
19776
51311
22860
6948
970
8236
38738
2348
24065
4558
5776
14572
5715
46131
33517
20843
25284
36564
15452
1662
19320
35633
1404
674
14154
37130
48560
742
38008
22046
27921
6238
23369
46959
25411
28401
28872
40712
28480
26596
19687
19733
26971
37300
28281
39666
15225
19476
29478
8690
325
44228
21893
54387
16891
42761
10019
15078
36140
13596
29185
26459
4800
7611
51779
281
31045
29576
38515
5966
5908
6822
43435
42411
10513
51011
47256
42293
1800
20417
36970
32013
42041
30835
31222
28933
36979
13382
52211
47254
30699
54271
30151
37357
49786
26214
16386
11829
12195
42115
30118
44745
44571
40158
45032
26445
39826
34267
9331
725
12567
9310
45901
1996
10977
36051
46166
39800
20842
23357
24509
117
6618
49134
34682
30175
9974
26331
49787
15698
54091
22699
52006
49726
51075
27411
9856
33347
12117
29521
9455
32907
19790
32652
18815
18781
18842
11723
11526
7602
36925
31456
19806
37292
18907
39743
31457
35260
6025
2078
23618
11924
29001
39371
32687
49575
34196
18347
12656
15216
29051
28258
6910
6607
8211
25205
7950
15250
45287
1411
11599
11
12514
3631
28192
50501
3658
36249
32852
49308
25043
49861
36985
27003
2637
4128
53679
26794
19995
15386
32240
54716
29269
1664
15732
54193
38380
17522
11012
44350
8349
43176
54638
49613
14108
47399
15626
37237
10964
22389
6569
10898
42311
11223
22939
20353
32812
42094
40719
36677
43202
45026
12291
34300
10902
16563
18822
53641
53700
44250
49446
27787
28133
31523
9800
1971
53157
37512
3083
33682
10085
19092
48021
15535
27545
186
2996
7431
15491
41950
9609
42148
45598
17613
38744
497
15884
8642
25315
53991
46248
20202
41194
26347
3053
41920
6243
44269
16562
11846
39722
1286
9652
23932
2187
8629
45811
30333
47722
37031
9760
33224
50411
12895
40659
43492
35314
21872
1366
29104
5090
45190
54698
18123
387
12156
40841
44664
31092
51629
5542
51965
5954
20597
2485
18204
14411
19535
22920
43461
16553
6734
45379
14390
44002
27610
24272
23835
33479
49414
43786
27198
17680
14937
9682
35555
25766
1650
22901
53598
41730
51582
53308
24306
14897
43922
42049
5529
24222
21424
51875
11563
40820
29105
3248
44694
31261
25565
14023
26680
35149
21546
10757
47869
9005
24361
24215
41434
52412
36339
15838
31434
33490
16587
39872
16518
30624
36629
3142
20650
14853
29635
17281
29952
33591
28857
4887
641
19781
52976
17662
302
17214
2402
735
45210
19527
23053
48748
35608
3405
33976
44080
272
36581
16125
20368
6347
51650
23373
38241
49804
49709
27129
3614
2446
47284
16845
4590
26206
47636
35861
43249
6390
29460
16063
24858
53632
28524
29297
43405
33417
40454
1375
771
3983
25317
22252
36923
8076
19025
778
47341
51929
12021
41770
23083
25454
24861
20680
21637
36167
40099
10453
13675
6107
7511
50229
39467
9661
26033
16657
32031
31730
36980
14409
23674
8423
54634
10496
35853
10484
43938
51830
41853
53324
22200
24833
41502
29629
27478
25015
48165
22117
13723
20029
26882
12684
48931
17360
11747
8959
36573
27403
36759
52403
44558
46477
10414
46749
49645
20938
42126
24570
25160
31581
4824
13270
44397
12047
11689
44343
19278
46327
27767
45768
53452
42272
2721
249
18177
3821
35996
38632
28411
1319
20640
2905
41493
5596
47036
33991
39793
15102
13485
18274
19313
37392
17452
39856
33184
48709
25687
33290
4565
583
47773
11589
29555
44009
9261
39020
4148
41799
48571
42347
9837
6931
871
48531
52262
12188
40522
44887
12470
15310
47756
20665
41834
15994
8321
41466
11060
36239
23158
49719
27976
8020
4031
4697
35202
42069
824
42334
187
6
31351
26529
25334
15327
45401
36919
44578
27301
7182
21837
44941
26170
32859
43028
45382
33337
36607
11609
49109
7698
28956
51892
35377
15455
4933
39253
46347
17588
28312
7931
53030
38372
38762
9132
49601
6857
29409
8226
16082
19495
679
41731
16725
28677
54847
20617
51578
7598
34369
12783
36356
32939
11850
30234
29026
4704
6613
14438
24034
15858
38246
37574
11194
18069
35470
45400
22343
38838
16324
43385
18464
14645
40094
6083
31759
18888
45115
33113
48078
17937
15014
53201
53067
3840
42328
9512
19293
50213
54506
20624
15557
43012
29684
41112
1367
11939
49345
28630
46053
52886
53605
14664
48488
33557
10721
22305
29032
26841
40190
44377
19508
35884
168
13290
10908
51646
54118
49703
49304
7985
3399
52601
19550
16275
12988
31034
5620
52748
52380
131
40475
48765
37957
2659
36751
23242
26940
29597
22580
53226
16870
12424
6349
2562
46452
17087
3510
48329
14766
34728
39641
28272
7582
13315
44540
53835
36702
20169
41162
24370
42051
8086
27344
4839
1086
17402
40178
30597
39772
33516
5168
53155
30562
38691
22430
1391
6512
20697
53782
54680
47139
13259
21838
10582
51110
30190
50013
1775
26505
22231
26173
13590
20852
18116
41538
20493
15596
8539
45567
12614
6203
1515
4869
21084
3315
54299
45383
19715
30325
49152
11965
25555
2143
35371
47189
5440
9081
17836
42681
14892
54208
5464
17632
38307
23052
16542
54760
21161
22494
51126
48808
37324
22983
28135
11118
15856
44426
8229
103
29163
52996
35044
25380
22742
47424
19381
10792
36255
29732
26287
27915
37180
30579
39004
17152
22455
5490
49741
14334
50908
25794
36268
36171
3121
12421
3254
49884
22267
36689
21278
33879
52947
21883
6445
38760
42021
38128
40748
28659
31845
1189
46385
46603
26842
5936
6410
35107
29852
38399
36444
44721
15389
8241
2948
40602
18999
36108
11491
19062
39677
38114
5430
32078
22142
17416
48042
8154
42830
50007
50521
3912
29276
296
8383
52869
27295
8065
34376
22367
22096
51104
13600
12513
32283
9862
26921
7653
48918
51094
22568
45818
45126
33019
32804
5257
9803
21223
26723
18240
36886
6137
32193
52258
23422
43966
32919
53508
1015
29945
19886
15970
6720
22790
8991
12719
6603
46837
44054
36771
43699
18643
8890
33740
52905
48444
49912
2103
21577
11485
33034
13758
43232
16902
35623
30477
22843
52343
17648
10421
49020
53624
19909
3441
48628
7970
30446
27615
14363
38350
52304
17447
22537
4338
31152
54582
27601
33390
50973
2666
30350
26615
34802
35100
26753
25879
35016
27595
22496
34482
5041
11933
47282
25977
34365
50912
14799
3396
9990
29414
5882
26695
9581
31694
46223
45333
1059
43954
5454
5060
28823
22827
39354
51015
4795
36499
42833
5794
43774
12540
3810
8958
33298
2367
32152
18891
51392
40411
16342
22805
54629
7486
41555
42235
4354
39282
11942
8872
24191
2657
23424
545
41207
46178
14976
53492
33672
47703
36349
44094
3009
14251
3415
38176
43790
45899
9204
21436
12602
13147
34523
41533
47065
53696
28340
30784
39167
7331
37550
40307
37394
14559
40565
37530
23665
16781
25154
7601
7645
15759
34936
51404
30005
44380
20223
48404
40076
42764
14795
6793
50869
14526
50253
45369
35229
33442
48243
30572
16929
21972
28040
597
26269
32897
12747
2423
3997
41033
43649
4023
25533
29298
24070
3211
39545
11504
39708
27097
6166
25493
21502
46997
53635
6230
38026
472
23821
25414
45437
51448
33947
6263
6676
10525
43572
10766
32533
36623
44372
10031
2642
15636
54876
30672
7497
48340
35412
6394
47801
18259
47023
19449
1307
42226
31855
35927
6850
41196
32495
23020
7561
15937
36145
19630
9350
23171
53977
23116
47413
48866
30054
36718
24743
18894
54656
16412
30312
21097
26097
33817
45422
6594
35595
8618
7695
30969
29161
22461
33614
849
16208
19021
23856
51453
9050
16939
34040
41268
14637
12330
49017
12480
36435
21760
49679
33091
29204
1585
38458
15155
1219
672
51441
10161
52646
36659
2569
15717
46995
33140
30935
22180
15871
20974
30270
10945
21229
41353
5033
42813
7819
42669
636
7424
26626
42348
38933
17497
25868
16916
1520
28762
25249
30739
12945
52393
28239
18685
19876
16492
43444
408
41447
43692
37663
5940
33731
16316
51532
21028
32817
19801
43482
6391
50350
50034
30184
16422
6473
3851
38132
37425
40066
4594
41250
29889
46381
9517
22390
1951
24008
29725
38725
29620
2621
29140
45505
16121
6518
21818
24031
4536
2774
9270
36082
8339
11619
1352
8938
18535
50273
1699
53811
9359
42988
31928
27451
18967
13073
12313
6832
28172
24224
50061
15347
19072
8492
16903
29807
26235
4578
45821
41127
6418
13770
35963
45159
49275
6336
20407
14162
2012
23487
39227
47373
52465
18301
31410
53953
35
39724
36518
18406
49936
14018
45554
28316
21163
35506
24087
23258
2258
15054
11131
30796
29663
36591
14374
28681
3080
41965
51483
4732
31446
54787
35778
25069
22522
9825
33843
40689
4412
52529
52546
7134
36649
41558
2925
54056
35102
26930
30831
3262
1127
50692
16655
21936
13640
51678
30370
25509
10890
42278
20232
13700
34505
42185
30139
48069
50003
41675
24924
52383
53827
48281
36712
20302
25625
15005
29199
4062
41377
29150
41530
15292
3228
38607
7872
4387
28044
32358
32035
53382
9844
5118
8982
16641
53589
47752
32559
42159
49196
23223
30051
3484
53439
39924
49939
4256
6098
23266
25523
17578
47988
25500
54892
54749
13568
49389
51050
31200
41490
34881
52180
31840
41613
36425
9538
4710
15356
54544
38628
44326
25430
1831
1166
29362
21526
45281
30346
42476
43231
23140
7389
32278
22930
42820
22194
23877
2933
41711
28107
48597
28724
7278
22212
34549
22432
20540
15015
5851
32766
53650
5792
27466
10118
10232
47126
34457
40549
36924
47842
1813
52574
17121
20500
21177
22616
309
50996
40971
22873
41995
42253
6384
45770
11274
30855
558
41911
45557
36749
41580
2162
43295
37244
19354
54095
28096
8134
39709
14195
36094
50009
3493
12006
47332
23736
30093
44029
25076
22614
40313
6799
5222
15510
35875
28090
4992
30987
51491
36295
43271
15828
4829
22592
41860
14947
5677
8664
23610
31633
14802
52047
10153
40865
14243
9626
13213
29282
46001
18144
39765
42877
6887
35825
42447
40369
33645
39829
18663
34555
34292
29923
3057
36933
5945
704
16746
39146
27990
7251
47136
17347
24762
52915
37181
35322
12977
39166
16757
27442
52670
29239
12088
28181
23425
38921
33971
38642
19249
12830
26248
21093
4667
44561
2434
20184
51492
54816
51771
13738
42645
8638
40815
27027
33054
12807
17914
19625
11883
36377
8570
31249
39366
10470
12226
5867
38871
35453
40485
36638
3902
38596
40890
23309
14821
24849
30965
37539
28570
41118
305
28904
38249
10813
29446
2277
5762
53264
50236
34760
3755
30875
12377
49994
14019
14282
18076
33953
11791
15907
31357
45753
44500
26324
25352
31105
13433
37314
24827
411
35897
52730
25475
19344
24949
6286
42728
2027
12505
333
45730
41899
38812
53746
33782
54182
43101
43211
42355
30816
22584
41108
38528
13713
9780
814
32237
2604
42688
37473
26244
21014
23216
3598
7212
7812
32950
20810
33838
4446
20132
16760
27241
21450
52936
42084
5643
5071
53834
48383
30015
7140
19608
3882
5049
39053
36829
31459
17735
13415
35589
7517
17223
48775
46889
3130
48564
52221
27047
23647
44703
17815
24942
16218
46918
29068
44337
48952
43634
36918
15206
15905
44362
22281
47675
21498
49068
53291
13903
37919
38973
36232
3866
41688
26976
13798
49951
27727
51870
46794
5518
50930
50302
9167
34765
49139
23455
46168
7976
13048
16150
12855
10528
25776
46087
33553
13631
42261
18565
26276
18561
16057
37058
36071
39064
2351
39252
14986
13031
17541
36993
54651
42170
21407
21750
32885
24098
19765
1814
54128
12902
25238
21962
41982
33463
52241
20048
26545
1019
8283
5016
22877
34401
37746
3137
45771
7115
33992
23699
31907
13440
38961
29090
47713
23054
39314
9741
43550
24572
34823
33408
46643
33863
44481
53365
48481
50135
7923
14453
19521
23844
39569
31560
51506
30130
16654
21056
27018
1526
16036
21899
33792
13058
35788
10943
20106
24474
14034
5212
3681
48459
22661
34412
20746
42963
994
40021
29212
40254
36946
5730
24239
21036
14053
51664
54173
23750
26928
41841
6388
21865
8910
31280
11317
6698
36977
33273
21096
4253
14765
41462
26226
35775
22751
45611
15540
16607
39945
10634
49078
3831
1449
54784
44622
13266
39403
29386
12882
4295
52248
33098
27544
39323
30663
5937
44234
51856
25918
47109
14325
31031
19435
45993
31693
21926
5877
33157
3575
54758
11458
39656
385
31953
12978
33082
12324
6400
8702
38394
35518
21659
38780
53859
3460
40166
11489
25179
51245
5825
22887
48254
50892
4119
32997
36122
2858
37085
2871
41813
14317
50954
9110
27700
47240
2519
27964
17723
1544
44161
28416
9060
101
31755
48204
21646
35264
18680
12718
16087
18133
1233
11681
6770
45749
47465
4106
51704
12268
17170
21776
43728
41512
21373
21821
27398
21742
53317
10868
13572
31286
20211
28844
38123
4339
16379
39437
32449
54822
54482
2939
13650
50395
22604
19080
34639
9342
23118
38040
28123
10639
21454
42098
40284
8214
1340
29385
24905
6017
21830
28368
9600
32675
8320
22111
14410
8029
48723
25346
36669
6077
11090
9231
48976
17800
52953
54625
41098
5986
48847
11394
14922
2494
31345
30871
52536
54043
29171
1631
19841
36489
22952
17062
30582
27770
18505
26767
37077
48946
8314
1272
19646
33828
21950
6960
47641
42299
44186
9488
35354
47661
43071
15608
37881
34741
46849
13216
35685
49669
42241
33538
13969
44953
10109
12551
38259
2432
48594
11836
30505
17766
3219
50136
10093
18469
6614
3147
38948
16990
20734
43477
3476
8753
10798
17480
47899
51355
8793
2004
7685
4624
46700
6121
36170
35670
35217
29845
15166
2835
37973
50169
45395
17375
42803
5906
6939
1339
1611
16297
36529
31316
36853
49553
36506
25217
20037
21493
42238
37622
52987
14599
32322
42738
46458
27632
5670
8417
44436
31702
1674
8471
45168
14609
294
53808
39208
22075
51244
45863
3116
53130
26518
52648
46896
32688
33404
16965
1494
49161
9114
46668
17936
27410
11559
22642
25871
38811
54062
31075
5288
39848
31050
8127
2385
18311
7439
6043
21855
32072
40631
28289
20471
14008
8426
19896
47230
42993
34070
378
40173
46679
10405
34874
26144
21723
40355
13602
4685
42406
14361
50505
44282
43863
25518
52198
16855
9878
17841
10497
16957
50290
31551
10320
10245
37629
53405
43030
4936
42244
12110
7028
26744
16510
40877
9406
30400
8046
34322
6879
12247
23976
27622
5112
26350
48445
1036
14211
50316
44553
31598
2328
25329
5058
7418
21481
14484
4167
54499
40729
39508
2113
640
15953
8586
30777
37502
36074
6909
5500
16603
30812
4907
18956
23090
19987
6716
29017
447
28537
45163
45832
24413
10266
4762
37876
30454
6210
38016
29821
23394
15039
17323
41080
22211
48156
23347
1093
19040
6519
42979
28650
5276
1329
9020
43300
50933
21679
13665
48208
54313
12479
41319
35121
13544
20879
32840
54191
4813
29980
18399
53796
53442
54335
16521
31621
39040
52663
28805
27857
11088
31019
50555
15403
8350
20786
41220
12803
47920
48205
8595
48845
23067
12692
31713
24247
52513
5608
20372
46305
25591
18990
16927
42904
1593
24965
11297
11779
21795
37898
3798
4176
17118
38159
54622
36699
24619
39807
23499
14674
26718
9891
23924
18530
4143
14268
25865
2572
22333
31295
8964
10351
39066
10381
29816
41780
27995
39633
24194
44715
47815
6528
45640
52702
11064
32378
15633
762
17643
46308
9374
3046
6558
45519
5533
54486
5972
6485
27671
9534
8739
31172
46658
35816
33581
24550
33068
6454
7374
20063
12753
34739
37765
9089
35986
21428
15818
43002
2552
46589
24291
832
26413
39268
5077
10828
1495
34766
26100
25483
54837
11356
46337
7867
46059
53945
1259
19857
27175
21104
2441
8169
17501
37836
17130
17431
30376
27707
12912
27957
25376
17872
21308
15875
1338
33707
13358
48406
16092
47301
52588
50224
34952
17190
5312
37304
44106
27385
13559
906
17883
15304
49760
13527
39746
22176
15972
33429
40993
18695
8495
17208
15816
47531
15985
11787
30122
20583
6899
14562
44514
50926
43533
13942
35060
47844
34693
8173
39980
2358
16839
40113
7210
40553
45826
42202
39013
22993
54021
45062
37434
51263
28995
26932
51163
12297
20528
39478
44868
53340
1604
3843
8746
453
3657
11508
17984
3450
7916
16530
29160
50293
13137
2514
32323
38470
25316
29507
16539
22673
31866
31488
26670
33811
3981
44615
32383
24221
3414
54366
9497
14121
7332
23285
12554
30845
16155
24169
1563
2069
34361
9842
21977
37950
44075
46103
42417
4235
35265
26858
9854
29796
27482
40360
42921
44984
32295
48642
37054
28366
2154
32743
53708
13867
21595
7254
15803
3218
36034
25099
51593
47705
40988
34336
36847
34403
35282
21111
25842
37322
10921
27147
18733
12242
28982
39357
10007
26887
19718
34262
28890
10849
38896
39597
7232
12801
51042
43508
50618
46565
36679
42207
31963
42713
26454
30443
44352
2068
35617
40572
35957
45837
43285
39563
48045
5748
30928
52488
24380
44983
47567
2733
19524
31718
4905
10596
45492
16681
42677
15088
25524
16350
37796
13139
36096
26570
51394
7347
23883
52169
4303
26995
32267
42935
14106
45632
11659
49477
41290
16977
10168
45475
1363
40545
5455
27570
11181
54451
19362
35701
52426
7722
7994
32758
15713
37714
39406
8668
43364
43255
18291
35746
45009
34215
4864
21688
3042
22435
20242
43957
3323
24205
43152
30018
15261
18679
13656
32161
50864
26802
30593
42925
26732
2182
43311
10663
40611
28013
48477
44637
32349
36766
48081
17460
48264
32728
52263
11373
8691
27185
30954
21586
9159
6441
47791
45471
30214
17818
17754
26541
15401
35870
41369
49478
36288
38248
9615
31988
34594
16190
31588
39240
52338
7046
16777
23832
14912
38091
2917
30945
27502
24974
12354
26580
45928
15270
11208
12462
12661
34600
1859
39863
46691
16450
52202
17514
49624
39529
6273
34900
10193
33912
50414
22822
49144
35289
49657
26851
35481
22475
43695
24983
9709
46859
35967
10308
51054
36114
38770
24457
49292
34042
47968
9591
51550
45581
4844
43672
1280
46978
34156
10703
8277
10506
37286
36313
7023
16764
4014
5601
22170
48135
1300
26528
7366
27062
27424
12312
28458
1158
20072
20576
19669
9830
43523
42323
13935
30351
52199
30920
53373
16732
16981
32638
9929
21384
38184
44840
21347
34907
35834
12
50832
53285
33028
3954
24934
11859
46912
34798
35732
6978
30258
26749
43871
49735
29499
36864
21200
47376
17338
22016
50119
38551
25558
2748
28965
5692
37964
33281
8946
19006
49355
3141
11538
19566
36688
42949
20213
11276
44171
1773
45038
48269
48154
41509
45150
4362
26015
10139
15926
18141
38543
32692
9119
52060
4384
1361
19425
39901
35199
16395
48415
30490
17709
41020
5105
6253
20889
31386
29042
43918
25889
51681
46077
7618
11532
47981
23745
14999
10495
34581
37153
12489
52724
26024
22574
18283
53461
33979
4316
34611
54428
2843
26316
13811
33931
43425
251
11414
33043
28354
29789
53664
46833
24852
14353
27288
39953
2740
11249
45690
36172
19519
2399
46289
33471
6636
24788
28024
39176
29073
39331
22268
6840
41745
52986
14401
51417
2306
11998
7731
15514
54105
34153
14963
26220
25837
26012
45337
13187
25275
5637
14175
47825
52143
30721
53553
38732
16168
33118
50161
22607
39068
36281
47073
31522
26619
41121
6686
34838
52091
11862
791
42795
45356
3534
50170
1451
37632
27807
9616
32729
34151
30975
47626
52068
17160
38820
5397
8819
20274
39281
11996
2915
12095
28624
49982
47456
44805
6228
11825
52153
1347
38466
51603
42751
20265
52861
49434
38169
19407
34960
42445
47951
15903
41845
20670
343
18174
37328
27173
18692
42808
34774
38426
18515
35499
1209
26635
8401
6168
7928
39580
20404
31916
36910
7194
37696
6658
23237
37573
51364
25246
46811
14539
19816
30274
43764
52554
53103
41755
30260
11108
19952
41307
33833
38779
13537
46536
27847
32059
28113
19485
38326
43325
15671
35142
8920
18155
13197
47573
50076
52685
29878
17295
10955
45098
23697
50868
15465
21123
16304
50798
33017
53518
38094
8493
4272
23126
6814
10179
3854
33896
1419
22020
12231
23969
18932
20823
22409
33701
10741
11260
20055
44882
53160
33692
32771
33402
8144
52759
9435
24790
51072
19442
32071
39156
22835
2629
49792
54071
37365
922
10068
24982
51874
24955
29912
54303
25653
37113
51926
8645
16826
9559
32135
54217
48066
51225
36099
41411
626
22202
52556
32247
45636
53309
40599
39981
54597
37649
26299
32628
40160
29058
49920
45044
3349
32989
3566
12769
45350
29995
44675
46427
41571
28531
12183
39277
46397
3610
9893
27737
48317
25996
24284
13872
10045
3661
39011
6291
46519
9736
24430
14091
16331
36214
50627
21866
34661
54138
13324
30558
39918
5334
6564
34233
15047
18354
30713
3192
13125
31736
43468
19118
26613
41430
10719
13853
34890
48969
27379
32704
49634
19389
8765
42544
2202
40306
7154
23533
25731
6462
22182
21789
34049
42490
37205
21822
23601
12865
707
41185
50165
24915
6535
49280
43526
49731
4005
47317
35509
34152
22104
11048
40301
19050
31425
44820
26032
27053
13044
36086
38825
21115
2847
54411
52740
10554
26820
709
50167
53091
52809
7227
20098
13916
41329
48805
4084
49244
26168
50844
49303
15666
12583
43214
32097
3160
6862
39226
53907
28449
39823
20294
40707
51292
17134
15334
19011
313
11393
18161
43585
13884
36698
19644
31143
33908
23841
7701
32377
26510
25105
44899
36500
9639
27283
39169
37780
7591
5020
14990
53582
9882
5572
24233