37951
64824
27519
78385
61700
75952
75119
68792
2151
73713
33304
10630
28434
16797
26114
72776
70319
65461
35770
44614
10510
44587
80922
41817
66579
14969
46198
57204
52481
65033
4544
1384
32622
62328
60917
26276
22204
23450
77525
35438
67395
54257
11987
64244
70651
19888
58853
62580
852
47724
67253
74869
81324
72990
81168
77574
80236
18730
61693
46236
73015
25123
31221
76313
28400
2759
81064
66247
34026
47698
25642
51329
46877
40630
26510
43849
37573
17533
75408
32598
21162
70537
37520
48323
51283
63705
62177
67578
19332
8413
10073
23356
21892
35808
77535
72507
38719
29196
56461
77409
63003
73324
49575
81326
53799
64776
23683
20261
13290
65012
58926
76108
81314
27816
74390
29676
46903
26407
65612
58248
72289
34174
23074
26779
1221
45230
69313
79450
76701
21687
76472
79137
10541
35758
8786
66419
28425
68471
32564
31415
57780
37043
8631
48009
42422
30179
36863
43908
7274
69962
70868
39022
31375
38162
10552
38036
4613
33650
53247
28604
59298
39899
29945
36960
66993
58870
32703
27409
29507
12962
38146
15333
77693
55431
49075
47142
50881
13510
45707
55615
72965
77671
1893
69823
50445
53409
60213
34133
25448
36993
13036
5073
51471
2695
22529
14506
58585
40899
56358
37095
26174
47379
56440
47600
65441
40207
78797
81651
72471
18698
15137
49492
20438
76415
35603
71516
26507
3613
54153
23619
18645
281
76152
57117
33420
72384
42721
29275
2343
74298
2558
35403
18197
80560
76279
52648
70839
72517
28910
34815
76852
9681
77302
77256
9906
8699
65581
3436
14147
10952
9050
45714
20663
72740
81540
55913
47115
7814
27830
16806
37747
82007
9954
63671
3315
49200
32783
37723
37144
61709
10536
62982
1148
61960
58754
73011
54396
34433
70323
63156
68333
14973
43627
28920
72825
72461
36032
45294
6154
21470
70763
75378
79812
46247
23726
42330
40604
77132
59234
43929
76335
80220
35180
75859
32408
61117
26486
45558
28045
32235
68632
51119
12139
49345
33248
16491
39876
9890
17273
54380
21497
48311
71144
3940
74446
35458
31679
14672
56993
62854
71904
42627
5845
67242
75653
11394
8546
81947
68913
10818
42645
52538
44341
81582
54781
33565
31857
78439
77297
65068
59039
47123
56191
64935
70342
50864
41876
58449
46291
28142
6750
13816
50378
45779
74653
37809
39210
32040
35090
40933
12910
68201
79798
52890
28300
22836
37565
22522
69181
48599
65506
77765
42688
69566
21563
37533
12048
53399
28776
58177
81283
44549
44291
74854
15833
76524
61800
76573
29058
34741
73692
60592
39787
1124
33496
3553
61774
51436
55744
66291
35226
40140
4192
15358
51836
22155
41257
65900
63185
22149
34082
78012
77637
80061
17228
45156
71996
59280
28583
58006
9052
1299
32002
63958
74432
41357
56681
62284
10083
17616
74101
14842
58193
12420
79905
29199
71349
38060
27194
31110
58876
79885
56391
75212
42207
48163
40801
18532
76552
50605
23871
15472
59082
20862
65591
44742
6741
19816
21206
26558
41303
79676
78431
47022
50373
18825
55237
33789
4525
10769
35951
72835
37981
1019
13884
71214
68692
54649
25274
69764
9415
67127
35420
75600
78339
67737
60149
43494
15867
37119
71680
50772
70332
60301
24353
75647
76492
13136
63092
75265
49991
28033
73782
77358
26544
56766
77329
41951
77749
60093
54782
28536
5361
69887
76793
450
72533
32480
64064
48583
78044
37400
31529
53278
48795
20758
12196
8866
3017
53231
63093
76983
27360
58280
11089
48556
73803
80815
80176
17939
57358
65933
41139
73098
46813
25361
10660
3813
75491
16674
33474
35718
26077
73682
29356
31776
60274
46612
57903
43103
61388
22069
62762
65863
5982
62916
29347
6795
69306
35477
8671
48675
7714
2595
19824
35174
38138
82001
40847
66257
78952
285
45160
67114
49945
16995
49885
65874
70743
64669
18847
79208
1724
52249
20995
28522
42458
2462
53704
20803
58128
9704
54887
55879
5704
20479
60934
48439
38273
68441
31063
23767
12620
78979
66978
21797
45884
56374
62494
5869
42247
49884
58143
14706
23713
6698
17708
55958
34447
80552
39525
34254
55368
5778
51522
51519
56007
74045
77126
25536
62151
11850
28471
64487
56396
42696
2149
21003
37038
16652
30637
27761
17843
16113
36881
72105
37457
31051
81420
16258
12368
70122
56294
33545
42982
76528
50507
60600
77987
46891
71631
75920
12754
68899
34824
48807
56866
25397
38187
73248
42214
8943
65143
48524
16511
77476
51231
42651
24905
26258
18312
57579
31478
73045
29404
44438
36999
17165
18594
80074
67151
29720
35225
58532
2162
34784
20907
60352
76963
7635
74598
49311
36368
29222
8646
74078
50342
23957
57918
81923
55536
50690
20507
10990
2284
77590
21767
75703
8211
59376
69591
64220
52611
27911
44167
24360
13447
23606
73930
59364
38125
39112
73659
76988
33019
7397
48497
51184
64599
76035
78352
5567
35769
62784
48216
29406
55169
53818
15548
4792
16196
3086
73201
35629
75221
50209
62440
51991
51736
13105
77715
18021
457
24103
52418
79933
47138
65727
71076
8042
28060
78725
9701
75248
72878
56146
72378
55291
7214
65771
38590
47083
4811
81971
14679
14312
59437
54111
67210
10055
14972
24635
76137
26788
45663
14349
75145
17126
39857
36314
24603
34305
13593
75388
22498
47353
35040
7650
26390
73107
21848
68985
27574
79127
78837
45959
79289
17258
59356
4716
70217
42103
17894
20945
47056
32965
48510
61726
25647
3379
72568
31062
67228
36190
46894
69034
48598
35721
77697
18967
25408
60527
81410
55023
69297
5904
76567
18619
77905
16134
39452
21852
40675
38120
77564
64151
62050
77240
52787
36100
46506
8187
30475
34105
56484
64338
65632
32
62215
28600
56892
55001
41603
22730
8049
67158
16314
60344
26647
60826
48473
73108
59959
59932
37136
19131
48970
9615
36918
5558
60488
32913
62122
78066
47928
22822
16941
25982
50698
23130
44153
43732
81941
20187
59778
66668
1265
62764
1866
75235
57421
48097
29169
42902
37718
75410
11294
72125
55783
12021
40524
61078
48732
35481
165
47290
35319
63818
81571
56600
58845
80695
52844
46222
20145
47406
65134
35891
80854
33653
65293
5186
75630
76501
5379
81038
41760
7510
9881
31414
54900
79879
57841
68834
66584
46554
30040
18785
57346
48371
44207
34521
59570
3803
24481
20030
57735
1672
7387
56674
3494
50201
43192
9866
21532
25203
45324
10023
13429
79602
9869
64321
50234
71700
56802
50341
78451
81620
6628
13790
47639
6901
46025
48592
52303
55844
36557
57126
29856
13119
49468
69846
36005
30478
48668
17349
66331
1519
81830
53968
39489
66150
38951
78833
8955
69520
70296
10682
49002
13921
57650
31960
25348
32460
47224
13559
28543
64386
54040
22396
42847
41787
63653
17128
75781
23061
24783
51043
72760
7280
79318
53174
37434
39939
39293
75304
66962
10470
19944
25227
71571
68422
15890
59744
64212
6046
13669
38865
10189
43979
73661
70759
63287
42490
21702
11875
10443
80084
71105
78914
56226
26577
76054
61280
29923
14308
34371
4559
32448
65718
28630
73578
15580
61097
71282
43843
68293
48547
1902
27219
40910
26755
72660
52026
28291
6978
40406
60389
70898
77655
57263
26398
57981
74632
52771
27096
25749
48368
13794
13171
80988
5189
69348
31585
23343
48974
32297
55930
30312
77843
81843
64991
31729
11189
68190
40105
56882
31714
46977
23443
3779
62751
10688
21281
42194
39465
80224
69643
41166
2780
7822
38472
54467
44133
49516
27164
42193
59939
54363
34195
81641
77539
61999
70506
48514
36548
45086
74649
75193
27178
18905
18584
72593
70170
25449
16784
73718
78461
11217
52335
45670
70962
615
28411
58805
44282
35201
35873
21122
36467
11982
14369
31854
17506
24159
47153
38090
78678
81236
245
51757
6269
44541
80841
73089
1600
14355
49461
32120
47396
69096
59217
5301
10799
76459
38391
30680
68230
79848
22666
19061
60247
8596
37426
65970
4439
10967
60980
79279
69500
70107
76257
36078
37033
16525
12140
24267
67364
73954
25870
3483
43086
22979
77248
62066
55545
69422
65320
40330
9273
63603
17590
11146
33389
14541
29098
55773
5278
5268
79394
66070
49178
24002
44518
30138
38670
19670
29535
26481
57147
67818
53792
48876
47823
64339
68209
18469
69223
71306
28888
66656
74439
57105
12494
71900
54120
53700
48906
30604
65446
57288
29732
46798
62279
67594
76307
67422
42012
63697
15696
74645
41473
26425
39760
75601
73471
55668
81087
39524
54613
40076
55572
73256
57638
5712
30099
40220
71489
75267
77796
20703
55358
48429
62587
41209
49872
1906
12082
69999
19259
71557
56201
35075
35404
17634
44159
3254
5348
28568
42778
34979
71655
60760
27114
53375
24266
56761
81840
26836
57169
21609
29331
35459
10938
32315
52944
78236
79717
74763
34575
65825
63274
29536
80391
34358
49616
77866
80131
10454
50393
11980
55993
51402
29618
72036
76582
77787
76114
14291
23955
61205
43356
56288
29087
14436
64170
70544
32764
9029
35347
6320
64722
140
1099
19022
39276
69790
79709
37757
72153
9658
75337
74068
52853
15013
51270
4508
24111
73836
50535
14185
39717
3460
14880
69026
54187
25325
27027
76245
51312
32868
73303
60233
25738
10012
8235
66869
47388
75679
13027
16498
1028
39577
32701
41541
80232
15896
8069
25304
31075
9506
36792
73926
62377
30362
8753
43988
56750
79184
29872
77730
63944
26525
68160
27386
16992
54386
2370
17666
66695
76770
49216
32208
5112
16664
52139
74875
17564
74175
56530
75473
34682
54625
55625
2352
40184
54859
65880
35825
28774
77645
67529
2913
1851
40071
36136
46936
14595
26807
77849
68178
8868
12801
53963
81451
79230
20117
68503
61107
64560
53630
2565
5675
20957
64124
15886
54511
31457
39189
79960
1357
29489
46050
63279
50571
7018
54913
56232
45857
21340
27289
54415
15497
51241
56577
20534
10515
2630
18089
69982
27822
48361
53597
53182
27895
50553
18401
58536
13452
4619
57669
2129
65075
42323
31231
75870
17513
59563
61296
4031
71266
63231
14357
47429
15447
3446
80000
56102
62811
35912
70484
41194
42243
27387
74143
4565
46824
78664
4769
32711
29161
51981
65479
14747
32927
63328
74134
79752
6690
55978
7581
63642
57231
21948
30383
66182
59531
66784
56788
73315
27461
39569
5971
3568
24357
29327
36340
53976
80853
37009
40538
59226
17961
1328
4382
74885
3359
71383
20665
1564
63756
67649
72096
56522
15384
80547
40919
44126
34607
30875
34366
2196
35400
39069
59106
57307
46040
66865
46456
20109
46155
43097
13970
4045
54045
27202
7227
41884
26296
29398
42843
81643
42502
43617
76543
65421
62072
41857
37316
8964
45035
38783
17477
16592
71205
57101
66415
41331
26309
7019
41741
24562
45116
12613
78056
48395
22992
20787
76254
70966
44196
66168
22052
52707
63113
24831
79550
69051
545
51640
9383
9813
21550
17725
55711
32153
65100
64187
782
76672
41159
8303
23279
42387
20124
59898
12768
32809
8946
12217
46627
15510
75621
40393
37511
63406
64390
19927
35576
3825
50084
32700
53903
61128
18779
10881
42404
56151
26348
26158
52596
52357
73850
67268
2328
9232
42515
47321
52673
53054
6624
81142
40397
3849
48345
33950
2828
63135
53460
42231
30321
44284
35955
30781
4270
31685
75992
15683
71316
59961
68165
65151
75749
46726
47995
21166
16766
81287
42977
79203
46072
72888
67411
18153
11482
43649
10847
46686
29155
61054
20552
42871
80155
62798
24661
48252
54694
67281
78075
77706
53236
39457
23747
47941
7259
77555
69084
53192
74088
68838
9731
19089
28102
36310
56639
22617
10258
36726
67039
68645
470
16358
54914
75885
58883
47366
53473
40310
66726
57639
9986
26536
29635
73374
10301
46338
81692
65301
4947
67500
78122
70664
44489
5142
40442
49623
60004
27713
19374
17681
39828
69253
46154
74550
31829
54937
46781
57111
7400
36546
43124
8078
63199
30466
78584
23986
76264
1798
48414
81596
66080
32203
30265
42860
10201
66338
79115
75810
17436
67777
60322
81022
45104
80429
47814
70133
34368
62331
67934
77425
44928
40282
31011
23574
70494
72238
50244
24045
57386
80626
3734
45976
72577
42226
63349
53112
21231
49781
81862
63334
56545
56945
36246
7203
53829
3200
57441
12505
81726
878
67221
77175
5518
13812
79327
48597
31656
20048
6116
53079
47950
53706
73826
44545
68077
63765
67538
37526
52920
37966
24282
18872
464
69684
11810
46676
39515
55247
14906
78968
66881
35809
19122
50833
38808
56852
73617
77606
68783
62408
49387
8931
80722
79569
75064
20049
67773
18026
51503
26249
27322
77320
70214
41566
72871
29313
39335
14121
79398
78497
61227
51365
18094
19553
2805
9323
15295
47967
72161
45242
13370
32919
7209
64798
48011
64941
78989
56241
32481
60406
4239
7909
8480
38294
64473
42019
71640
51250
25253
67549
34072
24093
69698
34701
6863
21727
8368
71534
14822
40294
67489
56138
65709
12052
71154
43948
79335
18012
34266
67977
14566
34903
32326
34886
75225
49102
27447
67082
28935
76242
42770
42765
70568
43836
27671
48869
25990
39242
71939
8268
78920
51568
3030
49449
52261
34224
25154
61307
78315
14177
20375
50323
53451
44645
2585
50943
22187
8539
8287
19337
72189
42540
558
15571
73163
37467
25188
28829
41621
23115
82026
46189
42309
74357
23010
74091
5338
16965
46308
13617
72254
36810
56713
55508
70629
10676
69483
57543
44830
22349
57702
46316
24020
48410
51975
72500
18381
80393
50528
36376
29932
4485
14778
49727
49914
19002
4971
74190
10879
37802
11910
72883
61166
3349
80980
71979
81019
27002
876
60868
13875
37105
62674
26532
58209
79408
73637
67296
47597
31595
43597
26988
23988
32078
30672
6970
5209
80272
75179
67203
23859
29139
51771
12535
41488
39066
70658
73777
64999
63507
73569
70380
67019
18217
76396
25357
69544
18801
2412
40144
70649
3718
55969
20851
38913
11181
77875
9164
34567
65818
7746
66502
40232
79873
81632
79665
34766
64720
14585
67997
63687
770
40942
53367
64557
46463
38617
1087
7962
72714
51838
48230
28673
74378
2888
63861
14724
76290
78279
29896
22166
63548
20892
36409
13572
64850
10873
48141
17266
1158
64925
1826
70890
59638
23310
32819
34654
53506
68716
4679
64930
77063
2964
59796
40041
19584
34104
58379
18871
73986
55621
58240
60766
62818
80899
59071
23002
39442
19253
49509
64157
42606
81492
67820
78411
12821
50562
14558
34093
73632
69612
52151
59443
38652
35136
20433
65650
40021
72159
51695
56893
45758
26722
57656
30857
49994
41292
39959
54126
58703
10362
41064
9834
31851
30884
73516
14926
23189
63999
29824
726
45750
907
76023
6873
30196
43312
44333
49752
58272
75552
36582
22027
46033
28712
57418
32995
43208
70373
66948
67681
80522
69786
68340
63491
59846
48443
45305
63481
21907
76685
69932
80825
32983
59467
20695
47477
49138
58630
42834
33558
18295
2948
39126
72906
33891
71752
47513
72667
12533
33154
7441
74209
23697
1451
57481
71708
53491
52659
26132
68976
56013
32076
1515
74381
39374
5898
81602
33962
35965
12350
818
64164
49925
68616
32149
32433
892
47113
47001
66863
16137
29379
47733
80416
17870
51572
65926
66516
15454
69715
31505
2894
62378
54680
75729
59128
12591
43182
59324
62159
28632
36103
2724
76149
24315
78786
69010
63568
58269
47584
80240
39234
64830
43049
64837
37069
49390
45615
211
71092
52421
64807
44611
72799
68546
9135
20324
74210
17904
56911
53742
49132
71222
34128
78574
37380
42757
50754
19451
50300
39947
57552
6334
15517
64812
51067
57615
36848
44465
32610
74212
18350
21249
9493
35742
45355
81821
63207
55792
61500
22678
78539
79890
21084
8229
33998
4364
63672
29523
71761
2012
30797
44795
44926
54735
80901
68539
22526
70976
80753
6853
25487
79372
71911
17763
4575
59977
21768
59545
23277
65899
34591
68194
39007
74232
80948
54124
3193
22647
75028
80032
45733
80806
9241
51580
34848
52691
65206
67479
73574
81184
39327
39148
43868
51001
30692
24849
55702
17510
65746
15438
45803
45432
43615
23435
69273
17496
5726
45360
69883
44996
72410
46378
7165
80287
39596
29695
48
77639
35145
79728
40177
60756
77267
9697
79166
70850
39552
41041
76743
551
35047
11958
66494
81709
15292
6577
17918
38904
48673
32616
61601
66360
6674
23000
4960
81332
54994
66265
73482
41221
53262
64527
42521
78585
18434
17493
4459
52988
69922
43730
72183
29314
81748
35352
8199
42611
37738
2072
13541
50258
56665
17619
9941
33229
43358
35806
79725
81699
60450
73997
73136
35293
73060
55926
55139
68006
79118
26931
9773
55070
70425
75525
34231
31660
71867
78965
17341
39353
60512
44376
28078
23904
34678
2288
19051
53598
30772
65224
19644
7496
18173
61192
15046
82031
56912
10126
81311
27249
55342
31515
25178
49644
62306
68281
20856
48749
71811
40595
12124
6909
49225
32021
34789
34207
17434
10896
42395
59943
48912
38816
74713
18051
74120
57453
37412
5887
15229
24734
19009
54481
14916
58397
7266
17769
78614
26703
41908
10594
28787
43613
58587
14908
66050
59713
29248
71163
69811
55843
69221
59819
31868
53794
38073
81546
26887
40921
63929
50728
51149
79105
42384
31873
318
46146
39144
15133
34649
75673
73591
38380
75712
57974
2316
39314
10848
38179
20366
73752
41799
45346
34957
50992
51938
77115
1522
78261
78694
64848
70596
8260
5535
81469
51448
63055
75562
589
14932
7353
22935
11781
14196
81046
32174
16389
74156
25757
20590
28369
52903
43750
80852
37668
77936
65943
78874
59371
21580
55613
50387
54518
51681
38526
69710
59772
26648
76334
41444
945
37760
45192
24275
71336
48008
7001
15279
79738
32938
20561
53524
66120
3158
55191
16629
68779
74169
39216
74630
1489
66829
69
55968
74263
63108
70823
19512
22243
41587
39816
53623
32292
73597
23154
30188
40280
60717
33917
25001
66539
3666
31192
76604
61665
7330
78035
15773
81505
76022
34150
69534
12439
29319
74946
73960
50601
31130
72094
61365
11812
71577
6797
56211
60933
40826
80037
37483
47970
36307
33399
22266
76441
21829
66930
53434
80544
77898
33775
61229
3269
63723
70528
79719
72399
75991
45414
76583
76385
68811
72449
40759
30568
47222
49424
72425
55868
57555
33658
33435
33413
71400
16601
7541
63729
11222
40161
79047
14693
13696
13486
9326
22845
80515
37579
11038
58691
1435
36101
43545
4981
81116
64891
35717
19327
37919
78505
41007
2461
78993
30131
59188
68621
78368
74331
67715
60902
65323
71629
65968
49686
21823
18602
34462
15922
71141
59818
8039
78684
72849
38573
20975
6827
46070
38877
3958
4024
915
76160
67908
29
10420
58207
62388
7606
53389
23360
72818
10432
53953
57186
4114
8190
25548
48049
42005
70201
63907
64004
79659
33830
49410
52997
32350
62911
67621
69140
68321
70744
41660
51779
49364
66792
38102
67793
70434
40634
49393
35126
37106
17017
51358
1687
72918
51733
72084
23365
65511
58796
63562
31061
9513
53557
11652
69706
66424
8882
48088
32752
21991
18470
12516
5652
18718
73059
62103
23636
18583
756
21756
13145
48125
65891
22707
44861
10093
40009
23137
63361
40551
45284
70573
77435
72454
49826
55122
25388
21291
78362
44244
11147
8171
45466
13588
32733
3899
33508
74511
62519
81909
18903
40292
1377
54031
54946
75299
35238
40930
10789
33082
67307
26122
57432
33529
19939
4163
45565
2668
9032
5949
40879
10721
17672
62526
27835
30338
60844
72995
48365
14808
50498
71831
67124
32670
33534
35088
14645
79628
80456
22405
31835
74894
69201
58685
30106
38805
33810
52663
34914
80661
75663
21186
46776
34513
74635
70450
50867
40768
74178
62109
37959
58225
25977
77853
70515
78650
19102
48404
21964
62619
69528
19377
61536
38647
50598
32906
22288
50294
36945
40465
50702
14235
69352
22143
66848
24532
67487
43217
30343
12569
27065
8369
676
28176
33570
45240
53869
24774
38000
51953
26170
30241
23953
29707
22083
60378
9766
6356
14939
8716
56340
21925
44277
20411
82039
51825
47551
59430
12774
39701
10063
27137
77616
20248
30599
8977
55395
8801
69837
76665
34300
77599
67970
14921
49957
49112
41801
58115
25576
15345
45715
29064
81253
44524
44673
50284
10394
77871
76304
42334
71275
33803
75163
74899
32885
31300
80505
23655
24181
59507
44527
16001
46245
34472
27483
1398
36182
26366
59996
24843
50087
76468
28233
76619
41847
32973
74940
79273
13400
78268
31488
46343
22113
44308
10003
54778
53077
34804
68666
30212
73283
46183
77417
51082
19245
58202
11933
48948
45333
15106
67506
12396
16910
81052
53164
61085
23544
37826
70992
329
19602
75722
26381
38367
80331
47768
79621
72648
69023
7016
32387
41125
59208
15874
77004
69434
54662
38562
50875
6538
5503
52219
66370
15540
76801
6387
59253
75993
60508
58329
37709
22042
47361
5782
53154
65995
14160
16816
64017
69797
13929
42028
16575
17204
8711
81205
54274
76671
9667
10837
61530
7296
41625
56663
46530
13228
63410
11017
56341
53566
14800
20302
69250
744
63486
69977
19283
76511
43378
10373
35785
59452
42878
8751
2833
48659
35559
71015
46574
56251
6888
28350
81663
44938
50194
52362
66057
68752
78487
71876
59695
28011
36525
42141
29791
7658
43427
41539
19876
1068
9430
34858
34915
19189
46446
75393
62599
46868
54163
16310
55589
79526
50516
25724
51150
62427
29258
30186
42709
73268
77779
15
72242
72657
52465
20969
63976
76181
68775
14813
22928
65982
22918
66774
26303
22195
74999
22658
69228
5045
48265
76927
34542
18950
28002
61615
19076
26107
62229
61034
76104
15445
74034
15138
11727
62433
59829
3489
5666
2745
27198
14370
31402
78306
66545
44726
55105
73115
24117
50427
16229
76922
61461
21802
46281
16750
7143
31345
33994
50377
70375
20739
68992
69143
70760
26921
72725
80066
30170
17324
32422
73611
42680
53165
79521
46336
59619
4995
9929
25056
73049
6435
50500
72298
71651
72937
20225
4098
44790
70183
1191
38779
75501
75188
51875
51844
438
22318
13250
46852
2421
45475
2008
50889
19344
74489
55423
34038
57933
53663
9289
16031
76298
76674
42187
71929
72128
73818
54828
62847
18241
34605
79510
76482
76521
47215
67101
60253
47047
65251
69157
44360
67024
5257
15022
78115
44363
75868
54454
77828
74631
6363
10612
79863
60895
58245
78329
20796
6174
67543
27558
78401
33145
23700
39410
815
42287
24421
32900
21118
58371
72550
18187
45006
6934
78393
3503
77567
67425
56348
74843
70520
15857
4749
32269
49041
6203
43900
64644
47542
62418
31213
5101
48992
28125
189
75741
56503
31903
50230
61350
41993
78209
66837
67744
74886
34052
13237
12989
30593
4855
26288
7557
13497
16259
80767
16676
7789
55386
36485
34262
34994
36111
73305
38059
66756
47972
61160
27324
79427
39248
34551
44060
34504
36497
73559
19201
59407
1813
60706
59522
30454
9142
53622
38693
26096
43500
18793
75264
69697
21264
19542
141
62127
58510
34448
68996
41480
63626
74479
66278
43704
21521
16351
25632
30895
13045
2791
38979
66305
64196
57317
45966
57594
15511
42166
14187
12885
71474
18413
74753
21617
22626
34367
22369
72455
69070
41262
31975
27973
24468
22291
71419
49933
80599
12005
69149
78082
16481
51260
23485
42520
27177
17615
8921
80634
36633
81146
10256
61176
51456
52958
10321
66119
67317
54967
8618
55767
66392
78908
68287
29993
55573
70096
19882
56722
67227
71142
73032
63251
23271
15992
68508
61933
11109
15157
26104
67990
16403
59395
42913
37726
29299
70592
4784
31759
48626
74080
13157
54492
48394
24172
26186
42811
62596
58990
79995
33878
34810
1234
37994
78229
58473
32536
71525
4845
28635
20032
62955
29571
35019
71591
34490
1607
45847
14567
1782
42558
16147
48279
64919
7670
2223
16654
24016
49714
4248
73606
17064
77169
4027
7900
11708
78154
44624
20601
3633
58787
78774
66717
38847
59757
9608
930
61188
25848
24916
66641
24066
42180
24265
8473
36924
46115
55318
24707
41054
58977
42109
36052
35992
75075
2431
81075
64331
39608
12555
15611
75463
9653
43566
73615
12072
47957
58671
32558
80906
54404
54708
57146
13005
70252
35759
37623
4359
3630
18914
17375
50357
69878
57812
21841
77676
55511
63173
58186
42111
39145
31032
23737
49122
21129
36372
74765
13464
55004
73386
24372
29686
20762
41724
38987
72717
14285
67810
65410
14618
26473
233
15027
80360
51300
1352
43575
4818
58614
20292
37695
5851
61137
67133
17244
70277
53425
45377
12449
49232
7556
72014
71121
66299
19572
6609
68702
265
40736
20093
74340
77069
48225
76839
20408
59679
26350
59891
13043
78958
81203
77259
20807
49730
73673
77720
50279
70683
23797
61427
74961
79988
935
33821
52003
3266
9000
38010
43670
22145
10605
963
51135
1236
496
52445
66718
55604
19063
65706
28903
35760
71817
60319
30614
51380
62716
72243
43139
70106
25618
9509
80931
19935
51932
36138
6506
58150
60782
70145
73841
20012
41751
60628
65227
47202
21157
46496
31669
58941
48849
60470
58154
12655
65561
14606
36121
37865
69606
52539
37555
56830
61340
69910
80009
1946
21593
37196
63913
16977
73652
48855
25179
3144
16446
66593
69573
31325
43110
43971
13701
37028
15536
25103
6717
33079
37453
79081
76822
30060
31566
72452
56387
13962
40243
8113
49340
29016
3685
41096
63606
57199
65914
55308
74180
76347
67719
59704
25561
15628
10429
67457
7020
50420
37656
67635
24051
52777
76533
8992
25801
52336
11085
47585
49418
61900
17755
26483
74273
26376
12336
12773
26216
50866
3528
30410
3814
76814
12404
53390
37993
67831
3995
17394
80421
18835
70458
75785
80164
57217
22164
31258
54938
51547
68070
17194
73337
50718
51880
75728
22213
25692
54594
29376
64438
62838
31203
71552
19463
71865
45525
23290
11260
66947
81129
4482
1728
52703
47517
6607
60724
10934
11519
19657
36607
63660
39099
58629
43718
41773
41430
41368
306
63875
6056
44043
54325
53912
51914
22486
20310
11870
49665
74176
60534
59730
64852
11450
47029
30527
13546
26780
13715
32080
14816
47450
5562
30190
54767
75887
76691
55640
56694
81929
77086
69452
64369
20393
20515
61719
70619
34905
13803
20531
41339
31497
36699
78473
38043
10503
13915
43796
4451
46618
74573
8839
7477
24967
41284
40252
8892
43188
70953
60857
51564
81356
9463
14007
6095
71460
59008
16729
26051
72704
76992
48650
72264
50303
71906
69563
77202
71719
72884
23438
42055
43058
9931
14452
52557
78030
4440
81302
4882
34602
42739
81659
43024
56957
60667
19808
37223
51606
61194
51706
25077
42962
15496
47773
5199
22089
22807
30757
64302
52010
57725
61660
69827
42418
39736
72486
62407
21559
1367
13977
25725
3118
5398
3082
77439
44270
67863
14937
39094
61632
67496
62997
14619
39650
63719
8315
77981
68948
33155
2396
39173
1174
55048
15687
69094
52953
4064
44594
72796
37184
4761
74451
47658
24517
6366
14683
13636
61629
47691
6703
54418
16324
11039
4226
45487
35777
11133
35372
27088
75913
30488
65160
79192
68419
75809
50796
20832
6833
68852
12116
58030
78125
67644
28359
47270
54473
28452
65204
2694
78199
38345
45175
79968
55108
68239
1043
66094
7767
55044
61766
6440
14936
44757
3915
27599
65416
46238
41086
7773
45046
49907
72368
73765
44198
23775
74166
47489
41277
50527
25146
1702
50079
40496
70159
74096
49814
80571
28000
23846
54569
44615
44555
77767
8403
38494
61658
29525
9912
311
81788
16478
10087
69992
46207
12290
6383
72618
55287
64036
37176
10563
17947
36507
81463
32742
62689
38250
77314
36447
46396
2296
33772
76827
16290
8915
32277
13202
35447
68219
40583
23090
11715
64760
6104
7199
56972
69751
61920
38603
50333
78640
32264
37128
39597
46255
39692
4826
18098
10529
80743
63409
29609
11774
61641
76804
12300
20033
3441
5433
74014
15402
58758
46759
62825
28495
63184
39056
18982
40443
45687
17577
36155
21222
52567
1797
67686
39202
36324
68427
45448
77192
74422
74833
32964
74770
25500
55414
72078
68826
81797
72338
50007
47662
50901
48712
53594
40715
51887
29669
74558
18710
24890
74723
71638
30309
20432
9126
40320
60677
9454
79388
69529
27569
9722
45840
734
64756
29737
16159
66292
9157
49904
65698
5059
32348
12679
40985
73027
445
75542
39362
17441
37629
73761
20000
78468
2307
31837
61568
63166
31470
34186
41901
81401
44902
26859
30221
72005
25212
21742
42159
62344
41714
7575
63745
71160
11116
76450
15143
10587
27863
31730
35339
17875
42071
71200
61222
20480
15115
12746
71739
55646
42354
38507
31411
17511
15972
16790
23969
41927
38995
80652
25009
48976
72328
58766
3830
4317
24333
57823
19457
53329
15827
15755
3749
18451
19353
73124
75019
18439
1144
18005
19838
70642
52149
54219
80619
34837
42926
63514
17107
47128
45196
21967
68827
9982
79301
40557
74152
4624
43611
69735
52977
71807
47158
21460
64012
1192
22828
50589
33748
19499
33041
39116
41578
6011
69475
35006
45677
1840
24096
72790
73061
73050
35460
24030
53470
58735
10829
42173
80294
61993
13258
4403
12529
29794
6969
21529
41218
31250
8560
24622
31165
50967
57681
45901
76094
77483
20896
3405
63023
53338
38264
52455
1098
30833
24456
31146
28811
76280
792
46993
4512
20377
58568
36089
56456
62885
35620
20777
17746
20734
12383
14980
41367
53631
7171
60576
24119
12319
15614
63310
34139
12488
53645
11937
1921
47754
4424
42533
30147
40514
78421
71712
65849
5623
55091
72575
30046
75800
490
46059
55728
2810
33861
49681
73110
66700
4120
15162
19433
43162
35815
32547
60044
10243
75108
32674
72317
56385
50599
34941
68267
1656
56363
49851
57936
52414
51682
68743
61729
17044
14134
38671
74121
74873
72875
15368
37151
4509
44406
14603
35295
14035
66554
49370
50581
60413
60570
64243
31302
9293
26861
60184
48084
62862
62141
58546
22693
6920
54177
70182
75945
44383
68036
18746
30039
22553
42151
28944
14691
62094
3374
30438
20216
40306
2225
9452
11782
50298
13796
20646
60024
22811
36399
42963
2640
49664
1574
48773
68100
79359
67195
52324
49156
60947
9080
1831
31926
73788
52110
22310
16070
594
4442
39441
34337
69068
9243
60018
73543
73904
49479
24824
31182
17831
23564
29828
51313
60958
80887
30208
15500
41344
44784
44719
37362
35071
1669
49770
56631
59606
36257
57743
22892
54747
69721
38706
32054
25980
16456
69773
29230
76991
22571
18392
12172
37323
49977
63090
4929
66558
9852
33535
55266
51353
69949
70541
11422
78871
55126
5540
23685
60907
31536
17274
57908
76448
9180
77860
56407
59536
1276
39490
1737
33750
37734
59871
63150
60777
28659
41922
75955
25281
59583
10193
50817
68047
19498
10910
68566
37337
11277
38007
24877
13092
73334
59602
44920
3040
68261
24127
21932
3737
66984
13688
11000
16257
33281
28924
76857
74063
55658
65762
73343
67030
48995
54966
35285
38441
76008
77941
81093
74990
50743
80579
38175
29120
62736
11924
78815
8202
50877
24958
72418
10064
58491
71033
63142
42124
22854
40613
11446
15861
2967
50002
24485
45585
17411
48763
66932
63988
32377
5945
64868
17157
42854
18941
14201
31106
80086
21102
24702
59063
16056
29955
67381
48746
37197
7617
18505
46105
64732
55648
44100
71581
63223
1393
33907
7891
81222
30988
23757
34924
69601
70525
7520
11636
16244
34152
75154
39981
54818
27432
43276
1162
80142
27312
42362
6483
13925
13657
43292
77963
44887
46598
80337
44287
16647
59801
71356
27903
2604
31407
45207
68112
64684
69111
30749
78170
66781
49867
80873
75766
75773
79415
13242
3869
74982
73702
33613
45811
8971
39889
16391
74336
48322
60331
41604
17182
24258
48554
52882
10145
46577
54720
59595
49439
61022
6484
706
57270
39156
56795
46756
58522
34034
49718
62848
49887
24190
72755
25067
59472
20743
51861
49610
68303
79002
23554
28363
39713
71039
34528
16583
40000
81085
6410
26311
57190
63376
15075
44071
45095
30104
19440
28730
73010
63516
44930
69897
19279
70478
24818
6520
64268
63744
50804
12354
70468
15677
78354
2291
70792
79595
4308
17700
12993
13584
9567
69431
61761
58859
69332
71075
69398
23109
31733
5598
59615
28840
9148
69060
3259
36652
19911
30432
69912
1580
75290
78365
35862
44107
67551
69589
25170
81530
54885
43876
19851
75259
59155
31981
9439
17334
43340
63889
27967
39628
45369
34396
36616
51601
61910
50856
45458
18461
14426
13704
41133
5311
35640
6296
23321
11667
3378
164
20417
50415
29307
5009
65084
43223
63936
38470
46661
9997
33254
47014
14023
1988
60236
46060
3191
35613
49255
24654
29006
16864
72739
23301
32944
69906
3895
72232
38764
61031
70547
71964
23379
11485
27207
41676
73274
49454
37793
54332
4145
57886
58506
29279
69884
7873
34989
41387
49469
11388
28854
9467
45063
75795
31796
81227
26415
45724
57504
32095
73982
6569
32074
37873
49924
40351
21667
21450
25898
47409
53266
1538
75143
72773
70786
52630
46948
40297
15219
76661
16130
63447
48747
72026
13278
67450
19152
10619
15491
60971
49981
37685
67143
17214
38225
8532
11848
10162
77500
52638
52282
9789
66995
54606
6151
48864
71445
31692
35370
29246
53716
19070
51035
82
66071
48354
64073
34351
1668
22677
65004
36552
1338
39024
25690
41090
38451
26361
22967
72481
70863
6187
74772
50936
38132
19968
60456
21034
14758
66604
65957
62451
77886
52316
67655
19467
45036
46290
49593
46531
61416
52753
9422
7412
1182
44003
81955
13547
49302
13601
12095
7959
56623
73977
16470
36596
16187
54480
59029
43386
44012
68392
37215
46649
36214
2326
52198
64533
50521
81102
40975
76045
33001
36611
74998
28928
74110
59019
55404
12130
42863
45568
13834
9687
69404
60415
74021
9974
49403
22794
6808
1972
74616
12253
69968
36020
46407
47292
55460
13312
7807
35687
21545
54471
3930
7308
58575
40490
27704
61337
69821
57337
70908
47586
69211
19179
70558
73365
13899
17307
36912
33550
77903
6045
61250
79911
69505
61331
5457
56029
51416
19056
705
7288
18518
46284
80863
12112
2043
36477
8536
16519
31794
71044
41823
9529
23353
6517
70584
21365
57985
5639
64652
20344
50148
48262
3673
10101
35752
28321
81626
17251
81979
8898
72429
20840
39963
60941
72214
75895
70013
5004
51193
38972
395
32544
64690
10236
36704
29593
67696
60714
76099
64704
62310
46384
1229
30358
22505
54802
58132
71798
54203
36829
60504
79703
73165
5715
51098
26996
67571
6988
38681
80947
48838
78249
75593
79937
13843
78721
79420
70306
78746
17378
46987
18050
3108
6529
77283
39843
13485
5246
61382
45275
39683
71153
24960
25066
12271
11578
48207
8660
45743
16985
56436
78670
54321
62622
51480
1892
34533
55624
43474
14633
22114
1575
51484
16733
17025
15196
14671
895
20011
69075
64639
32952
66003
40197
1058
14638
4159
32720
80372
44531
64737
33238
52819
5234
69901
44070
80168
2522
55500
30456
11306
21386
6814
15082
5331
6417
74218
51494
66749
51584
26772
35592
28791
22938
60838
61848
36060
23213
11932
23285
11770
80096
80609
72897
70739
21293
38513
61302
8724
34044
24766
61974
77514
28086
79915
48931
602
63217
42367
2626
26164
18680
68676
11370
10633
67963
32984
41146
28269
1623
75255
79536
62045
55684
33782
5149
36695
5055
62887
26764
21241
23786
33260
11403
64594
11581
69461
58049
35909
45241
26076
63812
43658
40247
65673
30253
13832
40702
81447
6865
71497
29231
65386
66903
4597
53857
16595
27529
13951
45225
63115
46809
35793
38065
64504
5589
55031
10197
53131
63649
73073
11717
65892
15316
57951
52477
1318
45601
35745
26709
34456
15479
38207
71670
47895
72112
62195
243
25243
282
13868
3515
38051
73309
14576
43067
29048
19663
71540
12633
70113
80541
772
76677
58037
624
20485
31688
25767
31088
18609
15474
48082
5053
3950
35604
58166
39673
60664
30503
50067
27630
64251
60797
32396
11514
16692
72678
50005
70982
7679
28549
61290
3563
76239
7197
13208
25037
34565
56832
64041
48458
26946
22446
50418
3209
5392
51780
66648
45986
58402
75666
38185
54776
18573
53685
3475
41017
37350
40961
26339
68330
16603
56567
53862
58410
59839
44705
53893
36220
54961
43468
70902
46489
75976
68039
23392
76730
55735
71310
2065
3364
32170
9038
24598
58553
46075
6664
34637
40132
6210
7095
43607
81994
81887
47833
51047
64287
60530
54664
48816
79745
40649
4325
70246
80378
34365
68238
53719
36940
59172
521
18853
1392
19446
3956
42504
67166
72787
39663
15525
52389
36044
68468
19310
22876
27506
66916
13375
57078
54841
129
47013
68496
50891
63077
30727
49477
56901
66348
35395
18498
46529
59088
43982
36518
2113
69498
44714
62187
72879
62250
61404
41515
31769
50777
12977
28152
49844
10465
32301
45822
45892
48924
74845
10330
51021
25853
33215
32754
6647
46822
15733
71421
76405
75404
28678
39077
6679
14257
61805
48702
63769
29496
60198
40110
35801
52288
28391
70008
22778
61686
57575
45481
40621
11994
74086
66372
76980
9756
36602
77101
73581
33851
77461
3594
59046
56500
13779
58840
28845
263
48387
49719
59261
13891
46717
58968
52209
27069
42800
29451
62733
65783
78087
5521
55948
35924
24949
11246
56857
44204
69683
27384
17719
25663
48830
50331
38191
79029
39744
10032
10760
11171
23168
15179
60365
24402
63192
5113
31286
27924
63295
13192
21799
21676
4647
63774
46130
67577
54659
11598
6771
56619
10598
44157
60525
15663
791
8659
1204
72067
12272
43608
79477
11626
60373
9837
39176
4393
78569
69607
75116
57278
8607
19196
28041
21397
40267
47741
71918
80696
37066
58011
25174
46368
46954
79016
81986
46501
33116
50149
38107
73577
62992
69340
68894
22135
51740
33974
669
45879
77578
62604
61738
80694
6437
41180
29466
52676
28783
23240
6779
43687
16095
58656
48844
49488
16688
59629
67340
37428
76803
81682
70804
3321
26229
80248
10392
27755
2117
75384
22944
50421
24438
53031
68847
1552
62259
47152
7985
6338
32333
47762
80278
73041
44147
77074
35158
4552
26628
12064
27300
3684
15640
12960
72308
42131
12866
70347
40060
68231
38897
71989
62430
3476
41960
81309
14144
27152
74327
15429
2546
2452
29469
62484
41421
38203
8856
67222
31599
15657
14335
71050
75035
19956
81541
25261
39017
13677
25134
72272
39224
69028
18003
53979
37344
8274
52170
68443
19777
81331
42249
18475
38019
43540
3925
19275
38340
72073
67291
80780
79514
45873
70435
52241
57713
30422
58035
14686
34360
22544
36812
43367
67271
37262
35594
46360
30406
68172
79368
36279
72867
43882
32836
66893
56036
2025
24288
71237
17782
79689
32360
28397
9060
58079
24284
7618
71956
27984
58954
67248
60771
7037
43963
6590
66474
38650
52296
71469
21960
3013
62934
59317
7493
43923
72174
49068
32429
61558
65532
56610
22300
72527
50350
25235
32858
53122
5975
63841
54047
32405
50680
65340
52875
61822
15458
21516
42892
29912
20162
61845
88
49482
30244
66622
34095
12578
61812
6472
13480
25324
14475
11905
640
45553
75708
631
79952
25717
10483
17356
22527
58945
57166
49150
13167
43697
8455
77057
26087
9568
45619
69392
79304
41998
27930
13973
73730
61499
3522
38743
20331
44037
18412
54444
50462
18812
24253
48328
31275
76882
33541
61214
41501
24725
8938
65306
61517
58310
20985
23244
69189
34653
66401
44703
48144
66511
58456
4626
51290
61672
79929
44965
71302
58836
79504
44187
51232
17321
45498
78346
78976
80494
35495
19398
51998
26849
13461
4662
55903
33759
48344
47884
24217
35232
41077
33428
6973
47516
73508
50047
5057
56948
71299
16772
42101
81673
79298
78177
15900
61857
5611
43917
25607
34255
24384
54311
44163
3309
7544
3189
59511
2282
35069
69294
25095
26115
21421
32330
41767
37123
78575
56702
41298
53477
22953
29752
6000
18290
7450
81880
81669
10065
12786
43248
44427
46123
7701
23707
36736
66524
53943
23
28210
71437
33137
20818
21272
47690
61409
14623
59382
42425
47192
51183
64446
58609
43197
2880
37203
68724
27375
46420
26046
69621
42259
17138
16332
27912
80537
6236
27577
39338
34317
70326
69852
54022
38228
75316
321
81358
75430
71347
71381
10643
25961
12144
4690
60743
71504
37676
78271
70613
61890
67804
24543
38957
27551
14330
47730
32859
66351
54025
25569
26811
3767
67531
31584
22726
11199
65755
29785
45478
42476
43034
42483
29423
15776
66012
26777
59992
45159
6870
60080
57587
6422
17716
60646
31348
1587
11972
79714
46696
51770
81769
50015
62355
36488
24454
25169
45165
24945
74249
42201
2748
63879
17572
11036
63935
21573
77014
42373
40366
7460
24728
69370
54171
64021
46330
50267
76217
27104
34056
59023
427
12792
58825
77288
55215
45489
4081
65311
22218
33114
48320
25192
63222
31700
34324
10540
3712
1307
59750
16820
53647
11250
21997
47454
37070
79864
22333
70933
49982
29766
42544
58677
39058
44496
7241
39929
4341
12188
64117
2675
4478
59221
58994
29303
37615
28555
57130
56208
50701
77341
11830
49562
45801
53148
77995
42262
69314
6794
58389
30157
17792
69379
68905
30052
7741
67800
42921
41033
4645
21952
26233
45864
35159
40378
70316
13249
33683
68636
71729
20721
8883
57617
53016
42874
18273
33166
57298
36262
81732
81391
70400
49761
78299
15786
3243
65507
18607
44053
11648
17661
41912
38049
73080
37500
30629
36165
31686
16832
23427
25018
71111
1137
71001
58762
66028
44141
70282
21067
72602
68490
69729
40657
6516
64911
55784
59352
24325
50454
81848
79913
22117
40747
15969
73626
79770
5412
26998
5793
64714
53822
65879
80206
73667
71337
10393
41396
5068
11606
80433
47068
28339
31970
19138
74243
59138
41000
44002
3337
42795
29933
75521
19043
34681
1714
52045
72598
537
28254
47403
81200
58377
20580
66134
67955
47793
60616
78002
7919
57036
59184
23676
72693
56002
1480
30651
57609
13566
16659
72122
64969
64952
49366
73769
61874
59388
56504
55470
65923
44356
41124
68971
74802
54236
81724
18976
64294
44878
51205
14211
35511
697
29043
67060
68966
46173
13438
48728
6959
36930
6426
52397
31365
4122
25495
81516
1585
41526
17821
58464
34545
1759
46170
79274
11159
63082
16623
55538
13267
73650
81177
4625
69107
52803
45078
27159
14168
52345
37372
17386
50453
12883
39710
76629
60084
19483
61851
44217
11324
40659
22004
54114
9501
796
36843
20258
59862
59493
52075
3352
18861
20639
81718
24810
51884
21908
78992
24796
66221
36096
61083
19147
1332
35244
20469
11751
11489
29971
10284
73895
46215
68376
37946
31747
60242
10445
58616
57066
57737
21868
10672
79914
64492
32831
54487
52256
54821
46788
15951
36436
5841
38625
43722
62684
60814
49097
15868
25522
33850
2333
42719
44580
49538
63796
78622
39833
16937
42930
56194
64769
61051
476
39601
6288
63238
22431
52020
30731
6275
19687
80255
76789
19531
3332
46099
34895
35235
52267
28511
40887
69402
8551
74521
75283
52157
45128
26358
47919
63420
59837
5576
58341
63561
30978
45184
69677
73914
19368
11824
56041
39258
35767
30986
59070
13156
77349
56745
64100
61785
21805
27248
21311
15740
54757
53638
82016
68843
80594
62697
48960
35743
58621
21390
60916
72956
5383
45054
29975
34555
61401
14390
37226
79303
80089
51031
2867
46046
1579
29224
65213
3440
45643
70776
7345
32131
13993
47502
19733
59344
77505
52322
38240
3431
16872
29206
11209
50314
64198
29832
29130
45446
3138
56380
70605
11345
71438
19320
38025
12601
23020
17069
78095
67404
8678
33560
37962
68464
75072
68096
69260
30984
12944
16626
63053
5823
15760
67432
81804
75765
64767
17949
68319
36718
55877
16702
18527
48331
9873
16301
46819
2487
50436
67187
19636
69287
60110
23559
72049
81962
64603
36623
70191
22751
19711
58574
2556
40866
64179
31846
45531
27649
41634
408
15305
44716
55336
12475
17752
47382
36326
33049
3975
33726
19859
54302
16401
30964
49693
58334
37082
25574
27236
67897
42156
66888
13909
58234
28698
19426
9978
65663
3060
56136
13678
51672
33597
76084
20090
76838
74007
6215
26618
52181
63852
68871
53104
4136
60104
43656
49967
67442
47034
25435
13291
21486
4176
67887
68608
3421
44655
23502
49380
9735
21356
74748
19390
65324
1014
9795
10182
7979
12405
66812
67718
19789
74467
71253
12364
67192
61453
43628
61509
8121
6547
5076
31060
48941
37853
3918
77328
37900
67763
67211
78805
75875
39413
8254
23894
30643
44759
5878
69283
2465
42612
19288
41521
5125
7614
72810
49745
39294
12071
27563
57409
21093
9096
6599
73505
64188
60982
4057
31781
2480
2676
21507
13534
7127
12697
19712
31292
19743
26815
71968
39332
23462
64589
67709
59289
75247
78599
59485
62379
21389
41942
35936
46639
36801
55530
57537
47701
10092
77455
23626
40522
81268
21013
19487
44984
41562
33826
63466
43809
39785
18321
56321
49704
72882
2138
30741
68664
65620
25638
49528
17850
7379
4724
36833
65203
26270
45948
11166
27715
32184
79776
26634
5646
41772
2855
66020
64266
56653
10334
3699
78771
7402
3173
11232
62180
44824
51896
17354
54893
3428
2366
2317
39163
38571
34497
61778
76411
16957
64378
40339
37466
23432
32418
4074
4415
12395
3045
46967
13042
44946
21941
57833
2501
77816
66189
79291
74055
23837
58525
70870
5032
65406
6556
1979
9107
10377
71510
49689
74571
24079
12862
26635
21520
46412
20697
44454
67985
22307
75170
23059
33814
1595
41094
11080
49662
12485
55452
34124
47124
75238
53107
23867
77684
79457
74370
38944
48958
45772
24149
65811
48186
13750
57010
12732
10980
9359
64711
42964
69043
50926
14104
46634
71619
56247
7301
68891
61856
40553
18868
1078
81147
35194
77521
75926
67001
26245
8421
43904
51807
18919
67751
81764
51166
19373
11591
17800
28128
60670
19416
7046
33356
17079
18926
16617
63060
72259
81175
35453
9742
11557
37789
36491
51517
21325
15270
7162
14164
15600
2949
68371
51846
16593
3139
61486
46479
6788
58417
78718
34112
56401
69353
65025
51966
73178
29119
22669
36102
31418
66681
34131
13115
42746
16015
33530
26551
45616
34397
54915
48372
62597
66564
70234
26471
6515
7908
2847
45766
38703
27350
28620
12047
26841
8060
34458
26568
62435
5966
48672
32241
17954
4830
74025
34083
78323
29104
1323
76013
904
45543
9605
42594
23083
32908
25531
8209
22006
512
69512
9004
44224
80762
15941
67940
81237
24338
26672
76378
19905
80733
14071
26696
4011
44301
18331
65130
29415
44000
29205
32708
3504
80387
46263
54954
25928
49632
1242
63
75968
39241
77808
60003
3602
31777
54101
9775
72556
27723
53380
61867
63992
11321
5747
51717
1962
36055
64037
78535
12040
9031
59974
43950
70677
35330
29073
23529
21135
80030
63127
65218
9579
44
30660
19080
16150
41813
15990
9824
61966
66037
13858
42635
66731
5214
67088
80880
57074
62806
36360
73810
42402
9242
73239
58394
77151
70723
23053
37057
11476
58414
78313
13734
80937
76167
79978
9244
53724
40057
57874
21330
64055
62576
26715
60173
57920
77951
24542
12873
38665
21016
48692
17149
64432
38499
66770
54713
1164
36555
62197
63455
26196
14740
28732
35414
43817
63072
71539
13342
11529
64093
62691
68919
27777
62984
14825
7823
30930
43341
50810
17296
70832
29905
6085
61069
33034
44231
6691
53075
52807
76957
66164
18842
65931
65182
62340
81123
38741
3509
35663
1532
6856
6989
7370
6489
31718
41867
19408
31245
66482
43324
794
38411
65360
58492
62458
30390
25372
3420
9814
22290
48135
24304
16338
11360
47415
67067
38458
67078
60955
40541
32931
60188
45393
43780
23937
75612
19717
8012
30715
55889
60059
22739
76595
16038
27499
77406
36126
17306
77975
70579
3660
61519
5691
15953
4872
68434
72021
47589
3674
4407
11051
5465
59401
6162
51406
35307
31170
60786
55439
6705
71835
46083
17775
70077
47812
52794
68858
7324
57414
8733
27403
14709
41300
81185
37310
15066
7232
74578
44080
5894
28692
59176
11353
53528
41415
42487
32560
54432
36202
31804
40833
13903
47394
44796
20959
17263
61886
48507
21878
18682
76863
22413
72563
6928
35739
19209
8687
15457
34191
49857
42801
11185
8305
77336
40171
41400
68863
63471
31617
22351
66998
25593
49791
39586
65832
69704
16781
55827
79904
153
32427
1776
56425
18164
14544
36434
65960
40004
36898
39283
75061
38991
21917
26776
42293
70707
51573
15381
44846
18444
47233
51719
20340
55701
62570
69762
9576
57643
40641
56842
18036
21052
80110
25467
35376
27888
62171
57929
10069
80265
58374
68453
18555
7925
55837
64429
32161
63118
23738
48670
33293
25478
31665
59532
23668
660
41504
30893
25220
51443
10282
56076
17004
74787
71077
39416
51766
68481
70084
76077
27293
41269
12410
45792
59554
27299
54553
66459
67499
68391
12468
46277
42216
28309
8148
45921
38712
69909
28653
66877
80502
73358
36781
25639
12085
14766
81198
9342
3620
79697
38359
20444
67473
14382
42741
42468
25679
65883
75903
19585
60157
57363
80351
14364
13076
40692
22989
55851
71610
55699
4857
37477
11474
35497
20912
71374
26978
5478
44478
18357
18949
34705
22896
4218
17089
62076
76733
52898
60140
66387
56048
36269
42952
38350
42060
65516
50709
4467
75205
74443
33126
26137
12841
14034
27078
81361
45612
45121
33444
2957
621
4473
23634
51634
8446
56158
7152
44435
24859
47571
45950
35311
35045
63782
4390
67408
10573
57602
31278
50271
79761
36994
69555
59268
80993
7750
38827
7056
30518
2900
16168
65090
67951
50351
20973
51618
10489
24886
47622
8294
8163
7027
16079
72610
58775
27960
46859
44441
433
20234
5584
31254
21150
76565
54988
43305
61437
68151
51764
80665
49351
17736
21720
45660
17610
6031
63806
1998
45423
44877
12933
80454
21950
74237
67215
40223
49320
60401
20778
67384
30084
71601
28529
68145
74953
2720
69097
2872
10382
40034
53809
18404
69418
12162
28831
45197
14238
50693
58206
44236
55617
31545
78048
34732
18633
57120
6257
3949
77050
14966
33663
29446
38605
23089
43890
80954
80219
65853
38313
7221
44993
28174
10108
33027
18208
57220
1762
58519
76180
48004
73187
24398
77758
63966
3347
70924
6184
32666
17646
65285
19727
2738
7050
15315
79201
72868
41615
40030
34809
60746
27608
28519
50129
77143
43228
64373
44260
53759
47443
14523
65309
80675
63708
17575
566
23762
56699
77306
80281
17987
10287
18127
77778
37903
26865
73291
49331
63054
51824
52537
77382
15930
8478
75099
52878
48172
16855
1657
12583
8715
38323
23174
688
57822
8827
33895
8705
34132
72910
5808
81763
26856
61378
13390
1936
77021
20351
6665
79025
29494
37234
80466
17930
38006
56493
56729
29478
66380
7297
65907
42618
82030
76362
30318
7360
63664
40027
20102
12760
74222
78291
25876
24348
33194
29770
20429
78846
43833
28746
58478
44628
77374
58499
32778
22278
34075
68168
50975
3388
53613
24196
15909
13216
18910
18305
21536
46449
43641
15710
30936
53803
7385
11574
11336
17099
17199
37270
9713
15720
4521
23526
58103
63422
35018
2054
80079
40238
18361
11469
70499
35306
71690
64867
57879
67610
78552
24680
63873
56602
26896
39435
37986
21751
61574
36585
77165
7471
62571
55635
26818
63788
74746
8990
71742
10403
33177
42340
1260
13134
43298
26952
79011
59053
70416
81443
43080
40980
9352
62557
659
23718
5547
25266
41665
13321
34241
61677
34711
61853
51940
79789
30837
54640
41863
45577
35276
28760
59178
5441
35148
36677
75651
52686
65209
56162
13245
64131
66919
52380
36289
59655
58867
34347
59065
38627
4431
75820
41243
53516
5617
66238
16571
55011
66468
30584
21378
45931
2576
11622
47261
54689
70130
34381
43551
30554
4154
49296
1291
28479
4324
66014
41983
51785
71779
6182
31735
13268
69389
32877
34754
1473
66905
18432
60638
79551
12931
50141
67173
14004
23793
49778
71099
56719
11852
61885
27050
55788
43933
13146
76352
54614
31720
31549
62910
40427
58643
60687
76716
6718
57086
60515
81299
66531
55984
59336
43689
40561
34137
38595
32818
64791
22793
21044
41493
29188
65334
48250
52035
7563
50737
16439
1343
10096
55526
32634
74592
15339
49998
11882
71615
74751
69480
58022
75794
58798
14082
48568
78101
15560
63917
60267
32047
15093
51426
14154
20977
14773
46090
56020
18097
30740
5134
31994
54254
15103
14520
11538
36855
61000
7691
72276
22382
20056
42640
5541
3840
62945
2189
23849
52176
30519
52349
33959
66599
63260
20494
51835
14893
19769
18717
11329
49407
12781
38271
43673
42348
39640
55040
43448
16269
54394
53931
63906
20453
16927
74586
52025
5024
24140
80835
24665
6037
57397
11876
15989
43669
35883
40211
80180
60553
31860
41153
60480
50419
11102
62902
5525
8385
45437
33794
41391
51692
43785
55559
76030
13355
79823
9341
1715
73222
74668
33164
41461
46332
3021
14060
57717
28514
64462
36028
39801
71620
4585
19914
66405
74615
54320
15624
37700
17465
52790
55078
36251
39494
32996
49277
65256
5924
7595
37535
19380
55207
33328
30396
25720
451
75223
46213
763
41666
3122
51219
34964
26726
39689
70260
61532
32351
62086
7445
8666
29483
66214
55114
9921
79067
28660
57492
43254
66349
38333
34868
10506
21215
34594
18339
12740
42677
18702
65730
64205
612
41710
4819
47649
68883
50903
76042
57115
51229
18998
11949
17407
11460
42949
52929
23146
47021
72146
27655
9205
4528
35217
47481
69777
46555
56846
9477
16554
59856
53547
31249
68088
12491
23116
13610
3212
21023
32955
22461
4837
54792
47184
15750
37488
9955
43993
67695
1251
55021
5422
81565
20526
65369
74974
7134
27454
2529
81013
40756
66358
60291
18061
21258
47106
77492
38804
38857
76933
33788
73949
53999
19689
38431
31392
28999
44268
48340
17811
54505
3232
7847
64877
66428
75896
43000
19800
26004
65781
10441
16880
10202
79807
28577
39632
8221
23203
12160
18935
44179
37689
80857
63264
59419
64236
3632
17152
28107
59881
66437
21753
60064
354
4775
16142
17475
44800
41441
42265
48780
34729
2260
9348
60131
34182
34017
1033
23548
15564
68603
18635
27378
9336
21546
45316
8582
41281
33625
68275
29175
55641
76638
66314
66142
60275
37167
63734
80133
58991
15325
29816
71855
57180
60033
56964
11735
31047
75048
30564
25189
58089
21781
10121
61270
50168
22361
65179
30744
16886
48837
79832
61533
7338
24170
24913
59115
4167
60220
4706
57341
58953
8104
53349
7383
75585
35523
52506
6659
63371
48534
81580
19300
978
31597
71393
18110
28820
66157
80643
43096
2184
13408
30365
1286
21409
34864
41468
53898
31649
55227
55373
47284
9089
14465
76657
42825
6774
28957
1767
32581
49594
61418
62446
55309
33940
19258
42940
75754
5177
2139
26515
80532
66248
61653
8340
23652
64257
54080
1750
79648
36958
49815
67561
20285
12896
58826
27397
64554
5267
53496
6221
9109
4493
559
64408
56587
10366
46565
16859
3544
38772
79147
44415
15804
49430
44634
81317
64518
13523
26476
47332
6135
20870
79580
19761
18860
67921
27332
27465
1555
45938
72695
34625
37207
72058
55490
4592
48306
12479
70202
73699
28964
31984
65537
54856
34480
8472
55599
15987
26609
53204
46000
159
29502
32472
57285
9847
39348
3163
24248
34420
32224
1409
18658
37894
43605
19616
70244
51126
16609
51333
26064
8130
10275
61790
14511
50953
73238
51142
67356
54995
36417
80040
19361
26450
42992
9117
72165
61527
956
10412
65279
68683
65534
10624
74565
5124
56206
46592
33715
35534
2643
60563
65123
2705
47626
29110
6619
20221
64683
17183
73939
61956
77895
42614
66884
41503
71951
45148
42318
10971
64357
25688
959
5399
35427
35366
58068
12104
42282
70853
72514
51195
77876
32369
64631
72346
67639
44894
10111
71892
37549
69490
26036
4107
6344
2684
3502
9764
35918
31029
65266
13943
37266
28136
12649
61368
31125
61321
7483
44563
9393
15266
66233
77804
26645
2394
48867
65376
48897
30969
36187
33134
11242
8836
47914
50786
63411
9344
22883
62545
77185
52085
42301
75268
26905
64948
58980
23385
27735
80309
936
32687
41294
34171
19523
20827
44396
53310
9540
15442
30790
57562
19827
57751
7552
35945
40914
17187
48682
81377
35146
56331
67816
8286
11389
61648
38753
63598
50097
9924
20503
19236
14406
55361
23730
70088
68961
22016
68401
25335
7971
81214
21112
77123
72513
24059
21921
62940
29460
9485
56047
35383
67759
12120
28769
62645
61359
48955
59905
80712
35587
71769
59944
29255
57464
76964
52715
23411
11291
68458
32728
60259
74530
67728
20926
22484
13646
64110
67899
41996
2385
25486
64260
63218
29028
64513
24085
57089
35582
72394
36979
56982
63342
72140
81103
58528
70150
21344
42905
70552
80186
25922
35253
62506
26368
48739
45341
18806
60225
49385
6224
4921
11860
62794
58505
39765
60359
79155
66510
12943
26692
57662
37498
43801
6713
56668
47672
62099
73077
36373
8375
1777
66741
17585
21425
53474
40850
21509
20002
65592
78687
60447
25343
73738
32242
62671
47800
62964
47436
61965
6336
20295
78244
47090
68311
10642
35296
74612
60874
68361
71848
63105
49636
45668
25463
72749
14991
65470
19600
42549
68103
64962
34004
44956
46745
55448
57176
27801
38388
38259
36087
52491
63547
48868
61147
15763
53890
68928
40124
77390
30577
81345
57214
19610
70773
48280
37552
4691
22634
48766
63667
48416
60810
5956
61850
48689
5082
338
7596
17643
38817
76703
33839
57405
74810
64717
34096
15098
3074
16011
61570
71797
72778
28797
58950
19987
67682
59345
58770
68189
6568
78659
73646
25557
30328
63916
77373
16564
70736
8609
60821
10171
48885
5159
63099
41531
46964
58776
17484
12094
30610
55224
30795
75513
32226
71131
44338
73087
61723
58720
57373
46666
19742
31357
46307
43335
19493
38033
3738
54012
71633
5633
21791
2566
57365
59546
57038
16635
73273
64853
19387
9062
60854
44575
20242
13341
55181
47861
49184
74780
20355
80407
35411
6369
59260
77184
76198
13065
71046
47536
60396
80797
17561
13130
60583
45139
28234
39107
14217
44186
25739
81061
74459
51275
66129
39267
71484
62240
8762
16154
46418
43941
43231
28166
15249
67828
24203
8957
53239
21029
60992
32421
43396
67055
50749
67588
4876
23604
7794
29775
13872
37592
13280
33179
39906
52132
66929
69194
3050
25683
50229
46127
38406
43288
1481
44398
19039
3576
37356
40530
78020
33464
35833
54057
61487
4986
49544
17973
20517
61041
79540
34291
12593
50648
51748
6905
11507
25577
53764
17652
25425
41015
42972
2053
22771
31136
47114
9015
62833
7512
52620
27019
77628
79098
77002
27740
65624
39237
20874
66284
47769
27422
36441
42271
70620
39467
4672
60105
41731
52829
33986
38786
58043
35433
72224
68818
49697
66469
35356
16709
58905
41547
4487
34691
5799
24295
30801
16743
70325
26205
57457
1455
65183
29716
2864
8789
11889
61864
77430
25598
77208
6975
20169
7944
30469
39955
49798
15239
36272
18093
61580
1011
11330
58846
57763
40708
41120
27596
33318
7684
17735
18147
23262
80484
29576
52104
71364
20425
61511
26331
54897
22667
32113
74922
7633
61940
17015
38285
29796
11623
9979
64352
57181
43523
74358
67919
62133
21776
75066
61551
66099
21661
56962
23602
67776
74731
5170
43633
26393
73146
22105
5863
60790
2201
41721
2107
38545
19082
21353
12063
54582
70069
20783
36494
15121
45507
21419
44974
30299
56923
40394
49274
65872
74313
27482
27851
74267
48477
61752
16275
23811
53026
26660
72244
47171
7318
363
32123
62535
50523
29985
79058
55817
75110
6402
48200
50658
37113
14737
57040
22035
9073
63620
66450
66785
41505
47120
9313
20132
11891
52747
53087
9897
68901
7864
44875
52960
16218
73680
27950
10463
66858
2472
44856
4250
32532
26220
13517
22126
79640
139
45515
22837
58221
47946
41644
79212
66551
79488
37391
11379
77041
60061
19475
24184
32031
40535
65094
33978
59417
54675
52527
41207
35121
40994
39132
14771
3747
39752
60457
14900
56173
77675
67928
33640
67612
10152
683
55264
8296
11677
44598
13218
54075
23679
47934
29001
26488
58897
10221
58361
81872
9223
60121
1637
3485
47705
80751
80777
64564
30115
37888
59559
51556
2781
30416
22076
81612
73401
19868
50970
68707
6817
1127
74912
6452
12220
58267
34716
7085
6499
31576
47274
76425
78156
28185
62681
24503
28557
72626
32501
67258
21566
74330
18887
48245
72166
10706
18001
19981
1266
63140
29995
50738
34739
33105
81035
31265
41333
19556
48709
72709
12369
49330
21804
19834
11791
8771
56670
28248
79175
20964
59888
77031
56303
49569
36530
32058
10185
65170
47156
78437
24368
58318
49666
47335
20084
71394
31705
25934
6886
62655
44884
81436
4234
37479
60039
15000
54238
40037
57383
2122
61673
78642
8445
58887
73415
50029
19503
41576
20367
28223
7465
33334
8442
39727
55787
45480
8432
36232
36872
10701
32373
12151
26753
52603
29504
26242
10214
64715
25113
6722
31037
41006
36298
76312
64043
59453
39807
36454
13349
77225
45816
34853
75543
21888
81338
6645
71715
42241
528
44485
56092
22851
18620
3710
9171
5735
61707
40459
13955
10022
55478
58252
30144
17988
68246
4655
18103
70819
50846
66693
31827
62178
50131
1693
48586
13018
79672
81397
22637
23897
19114
67852
34410
30012
35115
13985
34
48698
32175
81244
19318
62531
14793
25385
20040
65798
47654
72439
77290
21303
69873
69638
11567
23600
37501
20153
64416
54626
62913
43284
10561
71767
79495
10735
7841
24202
41613
39609
12788
12524
46986
46103
59368
49295
6755
7278
80451
37816
50826
57478
23579
8462
40838
10578
34759
30993
59981
9606
40123
48920
46010
25833
30908
59329
27193
17252
2213
44387
20916
24095
6450
48801
60698
30374
56223
76780
44818
25270
12844
71207
37282
44420
33278
26442
2512
49217
34825
76071
27014
47635
68681
24975
64613
25254
1130
76058
65741
22534
33294
54908
14072
49239
15217
24750
50218
47359
37835
47093
34159
64054
29801
70384
38966
76714
22563
62214
53774
68760
41174
13758
50671
5763
71181
35393
40085
8114
12307
56537
41894
28137
79090
31335
16510
30289
52586
35209
46659
327
44120
3101
9780
46451
32443
81342
64595
53690
52093
65668
39193
27939
10358
28608
28720
57794
10440
61093
29835
78146
14820
81589
67783
16534
41540
70393
54923
40095
59971
10177
33673
60165
7527
418
68126
43583
8742
29288
80444
45215
38093
75402
51659
23322
25541
70043
73582
4611
8336
66456
9520
46510
27926
44137
25375
5107
53844
74585
72633
60425
44591
68804
31894
77163
14039
29082
46226
54588
61311
45261
4001
11672
45999
62666
36666
41323
75717
717
55881
52062
29891
72974
23030
21653
51220
1650
38661
5087
35652
24389
19591
65270
76340
19696
62553
21861
56735
51874
53009
65236
50625
34706
4352
15286
4875
3766
66518
2351
22060
20948
25158
40116
47904
9494
52165
50266
53562
21132
65116
2922
67524
32635
39300
42308
71617
28330
30344
57857
24629
52939
59593
52094
69388
32487
29388
15370
52065
18379
13624
16541
17220
50010
11918
15306
2032
33199
76516
7833
5013
121
18205
54409
41190
56604
63396
52054
7599
38578
60490
36771
75240
20962
11842
46402
47567
20595
44239
22698
11092
39035
18139
57847
46301
7215
68731
81524
65457
73916
27157
75068
51889
51895
49142
40665
54843
79379
22913
36934
41378
50367
41649
63834
44208
68056
73715
73714
51192
68139
48213
15606
58191
69122
79075
66088
12834
58173
73922
13327
57998
47576
10772
68757
3115
27948
25651
69938
57027
17196
35079
30355
9186
36320
30736
69445
60278
46074
44663
222
60906
44322
67327
18282
56118
32997
23654
19521
56598
1790
45033
54348
43821
58918
74410
36267
64808
77007
3270
81905
61127
15206
16368
32548
5472
31448
63078
74251
32611
42731
72872
76639
33706
35177
21433
3366
56474
25136
17675
35269
23790
35646
58289
38105
55672
4885
24833
31931
51006
64200
50922
24575
81990
58785
47807
32811
19950
11427
41719
65101
72684
58214
62299
58903
34426
80019
78938
13994
18046
32104
49224
39400
41684
12826
71827
29886
30022
76790
30670
2970
53034
14493
76205
74633
44567
46241
25148
68384
16739
65456
69233
27317
20814
3276
28929
68619
52861
52919
13451
75724
17111
47706
13663
70745
1316
33632
13651
70023
14411
57875
42655
55565
34879
23569
43680
46886
72768
3386
11016
2037
10251
33937
69240
22211
51910
42723
28897
63461
43814
13008
70844
27453
14323
80964
5744
39425
26134
56432
74545
75837
42494
30227
71330
35930
7855
37523
59210
71363
43484
66664
65504
8003
53222
76875
16232
56451
50306
1570
35655
72962
24182
13100
80705
42925
5655
29588
67469
30711
69913
48378
27139
36952
68953
63915
32914
4548
44569
4801
73227
14301
52517
64478
55692
71821
21645
30494
28667
72405
54703
43660
18939
63845
49905
60495
65683
62436
58591
20606
9721
59950
34001
80971
60208
50193
23043
67033
29551
40860
12256
12959
33010
43535
49742
21570
14403
58297
29878
23886
13048
37911
40839
2358
76370
27004
68523
53228
49882
21637
22757
20629
55852
61245
51512
30694
2771
1806
80298
27796
32806
9217
9074
21678
78649
5512
20813
8656
37451
63041
34929
4955
69408
72531
20751
1089
19620
33887
65844
28381
30911
6767
66117
58751
42276
62442
2906
68591
43042
25834
2097
49503
57442
252
21721
31156
42439
40608
69652
60661
16917
34272
39568
77911
11020
3303
50151
39985
16896
22868
66896
61398
65008
53256
32493
21317
64047
35605
26325
67667
51907
17011
18080
2091
73034
79004
55162
51845
18988
30165
79255
55902
39071
33898
26447
29428
23589
73072
75105
43164
78371
81919
41313
24128
76174
53786
15660
22748
69012
11616
54834
7797
32656
59311
5115
9911
12469
17175
74907
65658
36177
59231
64585
53088
26456
16255
66477
36508
31463
47031
3798
52869
59315
7494
78380
20257
34457
39323
63555
23993
47308
73067
48847
53543
51308
18688
67460
69635
7180
78731
71643
81135
45935
23251
23401
50872
24715
37665
57007
45828
5481
65519
45435
3293
15820
50102
35564
9019
46769
48890
74208
53657
22640
9645
50039
55255
16345
20361
70051
80570
6879
17805
32089
37084
13665
968
76090
73526
11799
58442
27302
2650
61860
9253
15348
68227
76431
75349
17148
42433
36383
62037
61925
4037
13740
17395
57019
54148
28644
1753
9099
61543
7149
34688
23387
504
51084
44707
23617
71296
2756
75440
52922
25943
22831
13366
59244
22589
58013
73710
17991
36489
29990
26073
10917
32187
26264
19069
73448
46539
24788
50488
66441
21383
12771
21422
29759
50841
20346
49375
35011
69174
44772
26052
73901
31556
35526
75043
55277
56186
17458
20462
12210
39791
75344
53901
23478
21567
34329
33354
34214
14455
17982
62116
27874
54797
27767
67476
72321
60402
52851
3228
36575
27425
8586
41044
56214
46171
48644
71787
24131
43436
28038
56313
23220
11281
75366
75415
66631
74563
29642
7250
28541
71542
11760
23454
4086
30122
11642
49195
5912
31364
7878
53503
5770
54293
48928
192
24644
59488
74256
22252
48946
44305
61442
14655
13935
21635
3064
23037
42649
35509
80044
32154
42888
68648
32150
19548
27072
9682
27217
24448
40971
23595
4117
21082
37637
55149
12228
51795
6331
29601
23517
50161
54952
63571
18563
10212
62897
76917
16678
15508
48577
51958
48785
67232
43270
61849
2426
75452
14735
33379
42933
32037
7243
7744
844
96
68595
73008
4937
28308
29692
8031
41369
52108
55327
76130
54281
76225
34874
21265
2517
36392
43858
19963
46322
45017
62357
48980
70670
75277
43247
48759
8843
21627
40953
76566
81258
6228
5495
64419
45538
69325
76901
75012
8848
81816
49085
45946
50227
19547
21798
7058
60008
36410
30003
71009
20622
25970
6021
13041
51703
79352
22800
77130
61508
26070
24431
53037
64312
58059
12606
8022
65185
8010
80850
57564
34307
15056
10957
65192
31740
81215
33696
45694
19996
53322
80411
58640
1257
79236
37605
345
50057
81427
58339
17902
57651
28195
68159
59575
38685
53536
61990
38194
34769
25515
2088
35988
48015
37473
7644
76189
7
46035
24040
21404
46911
23535
29920
61026
41522
76698
58696
72940
71584
45306
46587
36658
37421
38560
7587
19828
670
71578
23760
13726
6993
58784
24681
14753
45701
26149
65725
5813
73425
34632
38604
28313
56280
34961
533
57967
11377
23748
15555
25912
12324
20688
57510
46086
28379
22905
67814
45567
75506
51520
41359
52761
76585
31783
37071
41704
30634
28842
13150
72427
20272
18119
30695
38474
9548
1446
62809
76909
54673
63583
214
2495
66058
7699
71289
76847
23141
24207
37586
35998
76649
43928
33407
57093
28444
59746
42704
35032
20550
5237
5632
70032
78892
68456
21200
20740
25780
80324
19753
69131
64729
16214
35574
73798
54704
28986
75510
22608
49246
31954
12999
55555
8696
81066
15181
6802
70060
53304
32056
52306
33059
49525
51107
52911
6681
14957
56240
30521
68688
76810
24533
6244
51971
51394
40284
27471
50574
64571
81999
1056
22372
46892
33440
2601
25242
40726
15530
32139
18663
54412
45633
1269
28259
51323
3860
67661
79240
41238
72520
60299
19295
54195
80184
38307
5874
50509
61079
28238
29741
52671
55062
63895
42066
35062
33765
44461
59294
41866
4824
30093
29108
51537
43557
37542
4537
23798
76612
9586
43172
53066
71664
81423
53308
18890
2199
60974
61252
79658
71462
49025
5935
29936
32027
28798
42787
34707
4053
65780
25729
33733
12929
61831
63438
20066
75258
3775
9195
2904
29010
28737
33176
19967
27226
37859
72075
12609
38246
74652
46471
4345
59200
25702
58326
75092
71318
47785
57381
49591
43282
21234
40200
12161
36175
61012
26017
12688
70802
52289
5663
21902
28110
15918
51348
22165
32010
296
18769
24937
73816
9587
50259
43207
60734
33523
52328
35184
11063
4843
1406
36330
39559
4723
78713
50839
60555
71172
80467
67945
58110
4073
21779
63911
38116
3229
31158
11820
73261
55236
19874
18135
73492
2945
2437
43819
51815
40257
8940
55441
21440
8517
75
42008
18547
80054
5461
64921
61450
52450
3810
63382
30846
9001
4969
20741
63158
28731
28413
2483
47964
58512
3816
18491
56648
29377
74401
78620
43304
73285
47644
53435
56377
73463
38304
54062
3345
14015
34119
66620
49599
11296
3654
49035
35729
8507
71312
50441
74038
49560
53864
3178
37251
62504
37808
22327
59670
75442
70873
8245
57155
70915
5094
45405
81243
40148
22234
4288
15006
1681
42574
38941
2287
23924
8627
16020
56914
61877
68017
53250
69630
46905
2818
33183
66636
59721
15466
49261
3802
74678
38181
26464
32683
67046
38376
3959
58001
40484
55581
18070
62631
34936
50645
42505
51236
73643
23791
32406
62269
43133
18179
9633
887
8320
44432
37312
77070
11516
33606
12031
13013
49018
68346
49050
8360
78110
33785
51851
21712
38890
65241
25299
46869
49652
41405
28872
22590
53607
36567
62387
47291
25843
23345
40429
35527
2687
10035
41729
10863
10060
73969
3300
45071
64259
36756
17180
75481
2176
36622
71329
65635
45591
53860
54916
13227
12543
13055
44661
18391
54547
23918
143
19860
6314
16407
69397
57784
6350
53568
70092
3324
57533
76416
43824
49213
69742
77079
30235
45997
10712
22711
2210
54596
34511
29583
3077
36697
59826
70756
12546
51486
66572
24472
40817
18415
55000
55628
72983
61045
81273
65396
40272
54206
80257
14322
72383
57427
34801
120
759
37019
81834
61413
43446
1002
54067
70647
33564
48032
43280
37664
54211
19012
11496
60432
56933
11278
49168
76659
35849
29652
6946
38608
49016
40256
56512
70713
75534
40283
23164
24919
17472
51057
39853
53532
45594
74474
71881
23054
18054
6270
17398
10259
13826
11424
18386
49012
49165
26681
29866
26623
57691
30913
32640
64578
38722
81741
60762
4763
2767
2251
73396
42554
103
9639
22339
51690
66992
22441
4501
34925
59373
22785
25808
7010
32772
74693
6145
40571
64112
77591
67729
25200
58601
79156
36212
36786
66721
23490
63330
4635
27781
54810
62538
20536
4609
49357
20768
23064
41614
36225
1630
7113
14699
29183
57351
32495
74350
28063
46761
46929
13491
52254
65499
34222
56129
71592
78630
30811
71190
47714
7731
68909
53641
58424
9973
11739
67628
78705
57518
63565
1621
65770
24927
81004
14399
14338
75731
31912
74965
77156
45472
59195
28974
63840
12385
53369
24996
36205
21167
12099
56337
52968
62515
21819
73408
8089
12059
35493
15394
50400
47843
37254
26608
70158
22763
58342
61003
53673
37499
34162
74365
5785
30697
8400
33686
63084
27081
57554
12179
53732
22455
46540
2335
4650
11711
18864
78857
24636
12950
16901
27537
2137
36903
73348
8985
43703
30071
66649
7886
71036
49504
21700
47459
69268
29561
67178
55810
8759
77387
3577
47298
48273
78544
54869
181
23252
12673
26980
38880
56370
11548
58352
48263
9008
17255
78946
52355
17018
577
19625
28285
34746
25265
9624
477
2179
48178
37774
23380
40166
57258
31633
3240
62564
77372
4862
71246
80587
37675
36685
9059
63970
43351
71263
47670
4992
33871
8792
21399
34530
47168
16826
22977
59500
29624
14785
37429
11056
9539
8780
27168
65352
65522
80149
22018
54572
19894
33373
27841
5221
26292
67346
2448
1546
7506
19704
71944
53057
80377
40861
59588
2728
41336
32250
39775
60335
52499
486
10693
17566
64116
71236
20817
5293
62294
41737
22157
13765
48053
3023
14248
73963
55723
45019
40504
75603
7075
59687
19538
2618
74741
12452
37300
44912
9210
15931
26061
17670
6075
811
81937
8430
57253
42821
33129
8980
1313
2402
28591
32691
8958
64452
64081
68557
74100
462
4670
65644
30907
71065
25950
54245
41953
63589
49072
38460
60609
61986
31521
68936
48723
69005
50183
78217
25322
19226
48117
4634
54639
11029
6514
33267
10523
71326
29942
55764
22686
58304
70811
24379
45106
49656
69015
63567
25864
11500
60191
27613
386
40956
76527
9596
68727
23253
66710
9305
21761
36350
8908
78103
28602
12281
73868
7151
50705
29093
3532
43959
31442
40016
73017
25537
47977
72181
30954
50764
13292
24115
34993
27883
15577
59702
66390
19842
30546
13137
15842
57995
52800
72363
7730
38535
15700
47067
54410
44735
58717
58077
59922
58730
32258
30825
48466
39503
58620
50844
70724
58083
43745
81165
40453
30534
6245
20277
50407
50077
30587
7721
10935
53916
22367
28504
62987
23976
15726
72964
5757
7420
37882
290
28201
51387
40415
75125
45081
18771
29236
23297
7667
52623
36266
31965
57528
32313
62723
10803
73172
64984
79345
81001
29041
13361
43622
24672
59503
59424
50627
48449
24215
49585
2583
66908
70099
66495
56812
80898
17860
14949
32793
30705
10856
9965
31933
23645
34452
14198
15123
33264
8605
75282
24649
10001
61599
26228
29289
41023
77969
13629
15375
75293
74684
25420
30737
12333
38166
16705
31310
28342
53040
67969
64967
20991
26194
55270
574
48634
30897
7066
20681
47371
55014
62286
22390
80940
42740
77646
41555
69446
64786
48541
62207
15136
43123
69257
49802
834
9282
2455
67107
54133
69905
34866
39799
13176
76498
67071
62474
14028
15635
65889
73249
60883
22594
16064
14821
49804
62468
57705
48149
46394
18310
63575
59075
50913
37335
58815
52979
13009
539
42995
46063
33173
24953
23711
27545
48604
1119
25589
48193
33153
35521
81495
47570
46437
38633
27339
44473
27622
15851
78823
8050
60310
53003
44637
53875
422
9152
70635
74323
10051
37764
74197
1278
61748
59808
56270
17606
49825
11006
5040
12858
46545
1128
66610
41694
40050
41224
5346
45652
16073
21599
37150
75746
35540
68026
52001
28068
34612
49409
38041
61476
27123
19798
32515
13214
36790
75144
20188
56990
6941
64470
53144
28702
75362
5230
51592
30561
64166
1571
46705
5723
55812
61671
48068
54446
61181
59460
61344
29517
63680
43220
4739
36963
61210
23821
46921
47325
23915
78861
38630
77276
2785
78194
17034
44450
31938
26109
54520
26883
56734
37148
39472
3706
34997
71028
10325
59877
76325
18508
32825
48891
41779
32305
46917
14870
33252
53045
8819
47421
52762
34951
36714
28947
10924
49836
42546
14053
53889
27494
20774
24641
78526
10966
1077
77605
26873
62009
30761
23759
20757
51725
73961
16758
56768
14923
8081
66409
65059
26478
71784
57393
52429
10904
12000
15880
15670
8640
75074
1150
44925
31020
35483
10311
51786
43593
52202
51340
61468
43325
66802
32591
4778
49609
68993
25453
42074
20120
62871
32318
34440
78226
63985
73435
18740
10353
31510
41104
12470
54142
41573
12983
31479
47680
79740
46520
65040
54228
12242
56717
55052
47175
66406
54316
2356
76124
46352
11186
37051
27976
76971
28407
27665
22467
43061
46427
50716
27699
27258
12845
25047
74217
53835
68491
56113
78253
47239
22260
12313
53935
54496
61143
61235
35980
65431
33737
22172
34041
73299
80822
46843
3392
35584
72928
52056
63388
63718
9472
62752
23828
47711
33344
15562
62927
15085
4607
50907
73411
50181
13439
67545
39375
42556
52498
62023
23952
49491
81289
23330
62365
48487
80362
66686
8811
41527
31326
79631
20298
42857
80371
74795
52148
18266
6005
18347
21193
31050
76284
21038
46017
8180
59048
30198
68766
58096
27681
55350
9482
75210
69450
47526
14550
16417
24717
12262
30143
13309
4295
70033
49501
78402
29267
11493
47006
40872
43509
20586
63887
9446
827
14446
71084
43479
16204
66227
49432
30516
77991
75981
68656
51713
78133
69145
41112
34664
24613
31884
72356
56778
5653
81511
22736
71563
2832
71630
17426
61257
3757
23630
7995
1711
57246
5320
12011
73974
19920
73541
73391
2931
9207
78590
18221
60962
74518
45784
16427
51992
45398
74289
35970
53779
48515
43528
63632
49726
66587
75760
38921
67008
64741
14277
32073
54731
11391
73149
78524
70160
12431
66102
64494
3369
54498
1744
24393
44506
50252
45933
23472
65838
77638
31875
46710
21975
62635
56070
57002
38400
17046
47316
49453
16123
29036
69046
78752
69363
35580
5695
65049
80197
29212
7780
39383
33370
69672
75604
74724
61156
30064
26594
31451
66145
36139
54084
32845
16103
72838
8064
4
4253
27280
3641
51624
18773
39122
26876
64661
58586
2881
4289
79774
17702
8821
66047
8527
28090
16375
56105
57474
24390
71023
10304
30850
69438
24240
14632
81109
7502
4374
10948
46729
64436
66691
69934
1886
44595
12243
76699
48238
45877
33268
72000
34389
59306
21282
26936
33921
42547
64596
28806
32193
45831
9589
63529
78260
56940
20320
20208
40950
11239
50130
54287
75882
57748
67302
50983
55520
14225
15831
60622
14715
713
3677
73995
67844
56444
38580
66273
27619
29661
35839
25409
22721
6656
25563
60072
58257
44029
36068
1211
66846
45622
72145
79052
20612
17599
29743
39556
65110
43682
60803
68410
12426
57640
36564
69803
42970
1
44351
39266
275
35967
26098
9263
40386
75960
27234
58963
30173
76229
4184
73439
3781
50467
58130
9916
62370
13179
72541
17759
43710
75697
49058
78742
57919
22653
37442
47874
71756
33457
76768
7049
18337
60651
18259
18032
19219
46655
36460
8566
17268
53754
28516
38752
4899
15959
80689
63033
75425
22336
27522
61062
39057
42687
69959
16546
34972
57215
71346
23779
70018
17057
62994
43145
61242
24230
46272
59988
18155
1857
47464
77419
20653
63037
27270
63532
81758
16169
54743
35669
21957
368
14812
78701
65571
114
5604
29023
3003
10265
38758
25474
73129
18294
48040
42270
49673
35678
48614
76395
66198
17158
4699
5865
51805
77825
58940
16461
22477
1497
70688
73878
72204
23288
34644
24075
21922
6949
5366
50112
47558
40723
21172
20178
7421
60464
30867
55165
15979
30447
68515
53263
49771
41678
68179
34626
63151
3876
55757
18957
2999
6512
24188
55087
36426
57140
54355
44915
41232
55920
19978
30281
51094
32891
18405
33289
17839
72674
71921
11808
78883
7132
24242
22465
9373
25028
20826
10148
46317
9557
42046
28024
68013
55418
64901
68079
14089
57803
12624
41432
35417
18230
52406
25587
45356
20934
31267
26477
44577
63400
42755
49106
48299
41170
14267
57461
43773
63931
38281
1444
49209
39508
60956
81779
54112
27057
29375
74398
6562
70695
5629
78124
19959
11789
27765
11661
30275
42085
21140
24580
70273
68004
43751
15907
23004
77739
66855
4332
77144
34926
57958
32649
27347
64679
34282
28161
6758
22506
40908
2536
77231
53117
11313
27338
20897
16312
76002
25829
228
65489
4301
63320
49551
60181
55454
52998
41837
34933
29482
6636
49448
60861
6267
3400
63253
76796
23932
60478
44867
21068
26826
1051
30257
28469
44809
63892
74535
11896
33928
26009
41386
7852
39275
38425
25886
62347
67838
61593
30889
68873
53989
19469
54289
19435
27821
13331
64230
61264
57896
70136
56052
3726
11268
9884
58027
47345
43932
27491
65278
77447
758
56560
6172
17147
61929
2429
54725
4088
61244
3985
967
55802
76825
66819
74132
32248
10652
10665
62660
7443
17884
52363
65274
17783
61614
21031
56816
75639
31866
78034
79229
4571
26690
75522
36200
35385
20692
16763
36595
70752
58933
41264
30510
17371
64135
3224
36240
1645
27921
22958
47746
73373
858
57445
41755
69167
35103
37975
74277
31115
55299
27127
60441
38415
25118
33559
46448
67289
74690
6302
55380
33636
20197
52091
62462
42410
67068
17056
7758
2191
6328
7122
52371
16963
27758
54491
43737
8563
60921
31819
17362
1955
27229
43462
57378
73251
11047
21180
45209
4416
65938
3614
55134
34839
7655
653
12665
60727
65432
81853
78608
33510
68531
29890
29366
19576
42093
12453
22096
65610
6088
50307
32185
66231
2377
47613
9408
65019
73453
60731
40444
42050
47276
2902
38834
33100
39819
60360
37914
42082
60282
31609
27861
55612
15566
48029
65073
6480
64083
67066
79487
14727
15190
30843
53580
46608
58134
79924
61435
26837
12526
60976
80266
44019
14984
6394
23946
16088
10499
76169
39084
60543
12920
28879
36675
26022
9892
45911
48107
63313
5287
57327
33092
36636
67643
36538
1847
16949
23428
61888
63018
35856
57629
65990
250
20846
77222
39291
36038
22633
49908
52698
47887
37381
65949
46441
41452
43009
51822
59142
17552
74286
53932
30652
71455
74820
16990
62972
26706
17922
66311
1196
45195
61144
28616
67095
72127
69595
47712
4044
32796
80216
81366
2844
9069
1417
998
31600
68794
66752
40710
72643
51177
78054
49185
45604
12183
30330
24785
54371
31096
6726
63170
17690
10041
35925
64342
10550
54745
80398
55673
22577
42583
75929
2445
21423
15591
23961
44078
21061
62881
33416
18727
63824
13182
14242
39366
37880
4904
58388
24382
73500
5014
15289
76158
4131
35634
43520
2161
40361
59471
21839
80627
18198
11687
54128
66760
72479
64957
34201
20484
20506
60388
81482
58559
255
18541
24010
27442
28278
2289
3248
13421
24900
12295
29418
74125
68876
54377
40347
51649
867
55766
53106
7307
57701
64138
18460
40574
18369
78319
76830
39482
38081
32337
53276
32684
44695
42245
14532
64809
63356
79900
69104
21076
11890
20203
41661
19615
74703
37647
81385
37055
39924
22231
46739
46646
50636
40775
14843
35168
19649
12178
14365
19095
61927
13433
12712
47485
16053
27472
42413
60298
23110
78023
26661
43864
24869
33322
53358
57238
15596
80123
20730
69579
29339
2276
59097
27268
68740
38656
1472
52222
54533
37406
77921
20709
25712
27689
15169
52964
11163
11409
39109
74491
46509
53679
59179
52439
17539
79785
52798
25143
70320
25502
75827
16280
17866
47008
4201
6126
19169
75312
6736
51612
50107
648
997
38930
13719
74198
20748
75058
45268
65801
49100
75331
48290
80316
12201
79436
62222
21312
6140
76808
67373
48503
45320
54881
15419
43517
54929
45060
79392
27810
45987
58162
14062
78779
73157
70264
43373
11150
46355
39168
72733
7955
19680
65518
60580
11554
950
5157
80088
10135
26607
43260
13093
14500
55753
69759
69120
33590
42448
72467
12704
25994
70798
14987
5556
81897
59787
39456
77771
45885
67853
11823
29479
71449
50593
14851
3132
61980
13473
32954
64855
44316
29781
48622
43504
27648
15812
13243
67393
52742
41131
38520
29542
14551
47912
17121
49088
17528
68326
32601
49270
8324
9793
20524
33313
60294
49091
81355
54574
76938
52576
30326
25774
31948
51813
37322
56083
47440
81798
62019
79263
23497
61417
14346
62236
63524
9550
18877
9368
37078
77735
6897
56757
53891
40473
79590
7207
12344
26146
62628
69872
18522
59475
44329
74460
78281
62056
76007
73887
45258
51375
41968
14124
6737
7014
62894
11452
28931
40418
46752
71785
75376
78702
50543
77588
76379
9559
59004
40065
25510
63952
57296
21205
35693
70219
1172
44024
39543
36990
67184
2055
25952
49964
39866
41833
53484
64622
64982
19522
6457
28752
52089
19334
66683
7534
31428
63821
77111
29604
74995
54635
22223
24569
58909
30544
4722
11840
925
23920
69665
25902
70837
70206
19267
9678
53417
13930
27639
1934
75356
12742
47260
51865
58235
66053
20387
35901
4236
70407
3646
3691
49735
60098
8498
69856
52507
71974
5682
25498
34834
74829
74931
79855
30923
57623
60899
55240
48562
64697
51116
57164
45625
66433
25286
36956
18485
29147
27582
69923
80724
72624
32852
63797
43488
9675
65972
26587
68943
37419
1094
17874
13850
81528
43573
33720
53346
55199
57941
56628
37937
47675
20488
35111
57569
59956
68404
46995
16252
65732
10344
43758
51469
36569
5933
51946
78899
18675
47504
30620
81403
57861
671
32066
56822
44769
31066
46161
57945
29226
20541
67601
30832
36889
16179
24804
39392
9747
68759
45735
80788
68066
51463
47037
49641
64365
61362
65611
14374
20215
78514
15224
52870
52114
54264
7980
79982
26497
38234
10347
37928
64700
29748
74670
22816
43074
27143
50960
62516
68169
30075
1285
33842
66892
65194
22895
38484
43754
73607
68117
19673
42672
10129
30944
12323
38824
41233
56179
62693
4732
27044
41347
34005
22734
35027
35677
51666
36153
36820
73232
25628
77399
77142
51077
50478
73333
3926
50761
19565
40376
18671
10544
58494
76067
15411
66256
12769
9124
43316
33620
1661
40193
607
46941
27690
62774
68135
43748
9245
23870
32216
44750
73271
36260
24807
11645
71428
80486
71948
19629
25403
40151
24688
44252
4278
9856
1855
26664
54430
57227
79460
38795
57116
75570
71226
69649
21978
40785
75369
42114
56963
25326
63755
16046
50468
72197
38155
2454
10868
35737
34148
79163
16500
21647
26215
51221
19161
13097
78231
53854
914
35469
35817
55527
66375
62029
66111
41487
75689
45132
26424
7104
44110
50686
68572
81348
33744
18649
70227
42842
72492
24510
24988
53295
5985
67421
64847
37050
16637
57758
81030
20794
23123
6401
74071
40585
40481
24411
10740
39309
47063
22860
22512
53337
47212
79439
66940
55682
40601
74739
62305
64820
50242
21496
14010
70705
71890
2749
25792
49474
63947
55866
10289
69319
37800
72806
201
27321
72077
49283
13708
3176
80581
10290
40437
52738
52126
23316
33494
37191
79336
44691
14414
43154
63506
29853
32508
66323
7707
52549
65056
52130
62707
8099
78761
79470
64398
13344
58163
10809
42593
55406
7187
13428
49954
81372
38554
30821
8443
25854
73748
56707
39570
76316
29384
30387
29501
51906
51922
21928
44174
81157
11943
9859
27185
16849
73310
5335
74223
41803
31386
74347
79494
3790
76995
13385
54540
12496
73184
1615
73662
51013
58659
3286
9805
41986
22809
37909
74608
24985
25124
12563
50121
61090
7437
33069
38725
5451
38046
63823
48986
56045
78428
45490
76737
51737
61436
48046
28747
79122
46831
22269
53044
11747
29809
38872
23488
59662
16761
64132
26966
24307
25660
58411
23100
75898
21046
7429
43015
46871
39477
10229
1427
60927
30770
2233
66204
987
32282
11772
33965
45296
17628
42601
28281
71863
2081
61610
31406
56172
71405
23509
54004
38053
12722
4021
58123
61624
20570
39900
26740
33447
11963
77367
16019
63300
73003
25160
28809
5270
78925
73078
38932
56637
36764
26797
58051
31078
63431
21456
4912
9295
31917
23201
16680
40744
47623
74369
75085
4483
78055
56686
16291
57487
54874
28991
27641
30687
21551
1469
77665
74419
51487
43116
70806
36746
2994
8608
2984
77453
36972
15486
25446
15582
43455
14113
34666
39137
18422
64748
9951
66174
4787
53767
54618
79505
59646
75845
70883
5916
52934
34699
64857
20942
32991
50184
17160
12513
32579
60829
75935
41067
39825
17834
31811
66491
73859
28862
44667
8355
33205
73194
38293
50665
69603
76721
58661
26433
20747
20651
78166
15716
10748
67873
55601
1915
2935
17889
56061
50313
54339
56593
14379
33361
3608
57671
50854
7664
37330
23765
70417
80210
77985
22832
2797
27844
51527
29436
19677
49996
28272
10728
66798
38968
30720
16241
17964
7179
30353
3470
49241
14861
35871
61547
5490
76329
59425
44373
72382
55483
71838
48077
66671
4751
37292
12054
35694
8861
58244
46803
45637
77863
7273
79574
59277
42665
56925
67074
70443
15796
77549
55996
8567
29845
12890
46112
64334
56124
79309
44720
33189
37600
39655
55716
52838
34617
8750
20450
70167
47871
39918
25786
13127
80303
58475
31659
10779
24759
6109
57059
33518
78295
37157
3965
23179
36143
12229
54359
53585
58541
4641
33448
803
32605
62285
25630
35531
14889
69539
34779
4767
53288
13083
18251
53960
15646
51477
30031
31717
55156
38732
1109
79685
23230
23805
41653
28459
15211
70621
16406
16435
16972
73722
63867
40964
69689
9042
52826
70357
4638
10716
34062
62397
53213
58
68573
13110
2374
73216
5136
18287
34873
71314
41467
68256
22855
78424
80680
24698
52621
40164
31030
22754
46556
54528
47775
18742
48022
35106
64277
56956
22601
13067
63903
75002
11437
46603
81555
41892
53921
39914
12969
59519
68417
1491
8284
12849
80346
47099
21736
3433
3453
2841
81188
27034
79820
27223
29702
20675
55101
53094
29550
47471
80100
48591
75135
56277
25312
72041
45027
6843
25442
6065
21813
40895
8326
5831
34583
28729
16970
20136
32740
74862
24164
45526
45188
3015
81265
38149
18802
7361
62613
34673
17544
3854
79946
12288
51210
70174
78342
51156
57493
56931
63613
6204
26178
2505
8847
37784
32319
27501
5991
2018
26611
17418
999
60052
42442
32589
31498
5936
26957
49480
32528
9401
52756
17294
47057
31432
76948
34402
66008
14962
2441
18790
61284
68622
80474
49896
11701
13788
60383
30853
73557
56356
79935
69865
17587
3184
64538
63496
46673
75849
17369
583
28093
34613
59749
2611
74658
53879
41244
61732
48058
75359
38642
41594
23333
56261
52653
11123
28052
77215
2658
72946
37179
49866
31179
54698
61947
8138
19781
33488
58157
48137
4128
28113
61917
10767
54970
45769
31643
73547
56664
22866
73532
7936
6374
81886
23695
48829
76269
19481
35749
76303
39582
70290
10292
3096
53212
20884
79219
23195
68602
64320
16839
7623
62925
25417
1112
67701
10943
43407
76557
72857
63990
28978
65789
9991
72484
72587
7813
49936
922
39051
75281
16385
26915
22488
59163
17909
40646
11695
34179
52814
18815
23543
52526
29634
18748
57871
41849
68633
38361
1465
26028
40048
45988
10750
35015
16719
79250
74206
54094
61197
61841
12551
66941
35711
57267
20116
26206
13299
75325
38217
47249
15966
24848
16726
4368
57507
68091
58408
18852
32072
2243
17799
24589
76891
27507
43786
21230
59914
35704
44683
73209
6581
1928
30158
54440
41287
74855
65316
34388
47074
36642
22180
20076
41478
39009
27238
51949
12717
13576
78443
75197
35067
53317
54428
39032
67779
79512
6309
74650
5427
48717
6935
10825
28415
22926
11271
25086
19898
26320
18900
41460
79458
18232
25670
50236
69442
33580
44047
46139
4892
45683
18811
6926
53990
44640
78795
19029
64975
57422
6662
44544
18751
2977
4209
43389
1458
29965
24713
60890
61589
39065
75453
48553
33572
39988
57666
78560
56017
69053
54864
25293
36013
37092
11139
26748
19111
37242
64101
20715
69088
72375
1421
12811
26281
27516
14099
7535
18712
72133
46293
67672
54117
31626
24526
3414
6125
59845
50676
53183
66672
6912
3181
69939
8575
64663
38317
43815
76175
41250
12239
34795
27786
29441
45251
69523
15647
31318
6223
31001
23664
45547
79445
79124
39420
14598
17236
72848
51171
33857
47985
30751
58432
25365
13503
74671
1506
73429
47494
32430
41204
62745
71733
9553
16529
5860
16399
38648
45730
52190
34012
81257
20163
68609
6197
78735
22256
10537
55233
70849
747
80058
80913
20263
58484
80119
29723
68485
35529
25891
34298
32462
65974
68934
49250
44491
52076
58744
58652
56697
71411
4919
44090
34840
40127
35322
60178
53152
53141
29071
65207
68582
12495
53445
18126
17108
7067
76941
26585
23905
23614
33795
52728
3944
39534
42380
40523
24032
17287
80893
42526
20357
15257
67022
20793
40682
13418
59013
54336
81329
33500
60112
76850
78929
70947
33480
67009
38843
5355
15947
34415
3538
52266
35549
54846
9648
57772
2247
11553
55861
42968
26735
67877
5029
1903
55172
8157
36394
58711
80026
12472
31786
14607
74402
8870
23879
6971
71057
41398
35993
32520
26083
63175
25111
32455
48822
43417
59764
11979
78218
43237
1350
71459
36468
39620
24983
3971
40791
18250
14047
57065
5167
31201
70307
13773
76759
27970
44779
39228
22624
28014
38584
69469
48845
8349
49285
17316
37845
39908
32389
60695
61496
43345
27732
39181
72280
63245
6465
30928
172
55535
27591
5330
74779
80513
57983
59151
13529
54464
33764
41058
29306
18376
70540
47851
66066
47365
56417
12416
75576
24552
53892
69662
11073
38997
68353
52231
57092
78185
50635
23375
12461
32011
74501
65175
49777
77833
21821
17284
15036
12376
58124
52275
3221
20496
42922
36819
60143
64520
81813
52788
23809
16227
66954
33223
77092
68618
66567
56466
7933
65551
16028
23421
68605
70941
8490
13557
26959
26975
79612
2166
3905
76213
73382
75486
56551
64544
41663
80189
42037
39880
42096
48181
9672
27405
58558
51410
54573
50177
377
46500
74306
27414
46836
24744
73791
74625
67507
5118
3152
33487
13052
52534
7119
24223
26614
70973
65601
24461
56840
54562
5256
5405
70362
52725
16611
10941
64141
76706
8391
32737
439
60427
6684
5370
21560
4260
22422
109
66969
81475
23293
76144
25814
61374
44442
54979
79840
52147
1981
1816
24494
41973
65344
17996
25611
41926
32570
47610
20399
34722
68651
6217
44063
64031
10819
55893
14421
10263
58004
53750
81459
50615
401
28567
814
27733
35263
65546
21589
54017
7969
52373
32624
50019
8877
32340
76872
73464
24882
18784
47872
17449
53200
1589
35504
77957
47254
27366
47497
20021
42564
35052
31889
75836
59124
17503
39571
38456
27592
71595
8537
21999
39619
14611
36635
59668
37279
40810
78482
70365
28685
45101
68946
65720
55566
18624
10473
57447
55741
78043
48422
21479
62168
47986
61565
48153
27362
45383
62319
39041
7945
65586
50048
36858
75317
63013
67575
42974
31239
44840
73918
39972
75969
69547
78142
14665
7568
72727
43764
36274
7175
1876
59736
53571
43487
53684
13010
36980
77201
12181
64883
25824
56872
67332
26500
52117
2300
28486
2960
58227
3585
76750
73472
9440
4277
77468
41936
12904
35098
28216
79559
63919
67912
12641
70288
62632
30812
33527
23239
80443
55179
57498
10886
7140
71866
41792
2715
34308
28050
6248
57049
7555
14835
63542
50052
6281
6141
43398
22685
21373
55938
56142
64348
72761
78864
44516
18761
77928
31384
15150
77113
1748
10982
1433
69200
77493
52470
39990
20631
34249
78850
70012
68900
40963
10927
4688
67516
17523
32485
79039
70943
77626
68553
76736
70734
45010
22037
47965
77275
63066
2266
26602
27750
76605
63051
21984
22584
14485
59018
58295
52245
26655
37659
44606
65688
31757
38819
70735
28116
27992
43910
3902
21690
47548
32975
28109
11413
27869
36962
53926
3886
32506