2812
1044
7873
27542
47545
11811
13179
12464
15721
14362
33589
34826
52218
30056
52903
332
20122
14574
18355
9494
27361
42473
6566
24796
38949
18216
53402
19802
43104
34331
46462
43752
46440
5654
39532
45941
5450
7467
23508
22946
54341
38883
51651
53764
6601
26605
50557
7637
42369
11392
15511
28589
20635
47266
26301
32940
36618
43599
35899
45027
52446
10729
50472
7362
36874
25493
33476
10212
23684
54872
47485
38859
39051
11872
39583
29721
48866
49693
14620
44488
43676
24818
34522
5012
43011
50237
30324
26596
29788
20406
25522
32284
40813
44715
50742
18070
46873
41656
38187
27175
18784
19445
34406
26703
48495
40863
35991
26827
37601
18236
36901
27816
43113
52875
44020
46903
2230
10409
52439
11410
12737
49866
17571
7190
4196
53885
12671
35350
37210
16787
49788
7536
44701
13459
54519
4427
24348
13298
3757
5739
38724
52455
37783
8641
15774
30364
18918
13150
33935
8994
12695
41858
24052
45983
8128
35562
15880
40
22688
29220
34501
10443
19434
8293
23647
33498
34604
25916
52295
33684
53410
44926
46385
1161
54807
34859
55084
28227
47250
14814
33906
45383
31069
24150
28943
55032
9742
45634
46975
41014
42824
11634
10668
19072
42881
18226
14863
45150
9907
6116
8688
38392
22268
7679
25402
17770
48293
35509
52825
42116
40032
34754
43854
37720
13712
1796
18415
14511
14115
54294
27167
5783
6133
44270
54100
34653
17312
19677
13122
49050
55022
36889
29233
24031
27201
35918
35571
37005
26099
25492
32923
35463
53475
5480
2179
43540
40231
29928
12272
9680
44960
38892
37750
39175
370
13862
20812
15614
30883
20720
42836
16737
24373
38652
36612
35194
5583
4356
52528
29359
36642
28499
36009
14593
12232
49670
2826
9468
7792
45418
50853
40486
25756
2490
10873
51778
7887
44188
50498
3051
32192
15573
9011
44559
33054
43285
9923
17165
3332
41625
13156
31342
36976
11534
53761
20785
21173
28889
3295
34135
8747
29088
3754
5929
35817
14070
1079
16388
38376
10199
39999
27914
32891
22353
7096
2852
43045
38986
54150
16952
52970
48795
5949
53180
2398
12691
3677
40768
5796
54962
14052
55065
35797
16938
13679
21707
49064
17636
273
8435
14692
8133
46342
31412
41104
37585
32702
10466
43339
16337
5186
39976
32102
2424
42230
29109
9385
17178
16328
52336
1653
15522
39803
50332
34909
30717
13111
2085
19283
39492
53639
7139
33280
42122
30955
42184
47456
45526
22723
23076
28325
15816
36633
18788
51044
22140
26733
43983
21689
46101
35591
8035
14241
2493
5560
13804
26532
28205
52115
19108
11193
11408
11624
32078
23256
25765
41415
17004
46500
53218
35811
48385
6502
19861
10493
31625
19430
35498
20000
37956
31853
4718
3014
25001
16828
44885
49710
19322
30054
7511
6289
16163
39104
5265
44889
10452
17136
12623
46982
50577
36225
19127
14466
19192
32310
6180
43409
28052
22912
4684
54853
51944
47591
49561
15059
49979
12141
3883
20190
891
5167
54713
37978
5706
27928
33710
51561
16267
48638
18504
14100
53564
48236
908
34902
434
35974
21010
24919
15841
29463
922
13692
41114
18172
8717
38717
31574
1966
11850
10954
28938
51955
49800
46454
31672
29986
27570
1647
44814
12607
53943
4731
10359
43457
18775
37498
47743
54239
20965
4285
12580
13226
9690
7354
14045
10786
34587
43295
17519
54393
50197
32984
687
30733
29422
38141
33875
54869
1453
841
17931
13579
55043
35332
14015
8588
31321
50025
42051
49697
36969
38619
44830
31257
51978
44837
31102
14190
34183
45292
33840
19107
48757
4710
38179
54454
51278
49536
18387
23524
20099
40143
3587
44520
38536
30172
15731
37619
40452
30966
26636
1703
51850
3261
34907
35340
53460
40969
20607
22781
50818
13726
10936
43088
6648
49688
24342
30440
43279
40490
26371
53512
32708
17783
13260
32692
8729
10329
38779
4574
55019
30846
36120
30754
29662
7578
12736
23986
17991
23465
3703
46711
7830
10593
22170
46438
7350
20579
32981
20572
2248
34601
48600
49840
32828
35858
31522
2306
41481
28603
27318
1180
45963
27326
50642
4265
39954
13587
34020
12694
7378
10103
2961
53581
37334
6799
13423
17038
27949
533
35897
51120
34994
44124
28278
36442
25802
46140
20287
7091
27036
43611
48626
25208
8268
26688
13272
4128
28879
23506
43621
26277
40073
32470
49020
6227
5447
51741
19218
45996
17975
9182
28350
29717
50151
26891
13394
37700
30290
20599
1902
13698
42509
55060
14785
17492
3137
27482
53724
15198
46968
42632
27429
23680
50622
19595
35756
40086
41844
32492
49545
17012
44037
15199
30126
38326
15271
34008
46310
34321
53823
33422
21821
35369
42076
17918
5380
34257
19670
44264
51172
45212
17452
6748
18928
13449
1281
20663
5275
17780
12277
22415
46577
11536
35595
51070
16016
14987
32494
27459
3959
31863
38873
8698
27231
15087
36558
17293
9150
38642
12856
34199
45341
52393
53161
51527
25525
1588
11172
4846
43498
37244
30412
15757
44725
32661
18330
4004
34489
6920
14430
50434
1073
1347
22366
23639
42374
38919
31526
17313
9112
39909
39789
40334
46449
53633
35636
20071
43192
29899
38357
36935
42170
19375
26922
44784
27911
53060
42988
36478
8198
50596
7458
653
16394
33235
19142
33096
39164
14827
614
411
22384
21909
33063
42694
39817
46165
8221
50185
43149
54740
20482
24835
49555
1167
51562
24711
28748
19484
34208
28630
34779
28041
21033
54106
37324
3723
14648
46211
21394
44143
45675
11466
35856
25687
49312
47703
29896
49595
5409
50982
9598
13379
6936
38347
22558
24859
692
2778
30901
33731
24478
30630
40523
35264
47388
31359
28191
15869
31540
18365
26718
11058
19783
20300
18747
13541
16248
51333
24602
52512
53319
19633
27329
12728
37321
9588
47929
15277
33947
49019
23285
20886
28518
44786
42829
28931
42553
41234
45323
30540
19755
1222
1168
4813
20555
41860
22697
35217
15605
37066
46320
50748
53082
52740
19686
44197
3196
10274
28871
51327
32423
4166
41489
30080
2513
12941
51251
22397
3643
39575
36698
52078
748
23882
26107
13539
53254
21970
49197
11771
4492
31915
38240
4639
44176
14492
39200
31195
35186
45863
30347
45121
1478
39871
40259
16748
13056
43502
34642
50083
44575
47609
42341
51392
46190
25223
35127
28578
26834
26323
49714
54934
31980
54499
32863
33580
42930
27099
1404
47102
54685
28056
17609
39113
53140
47070
26003
53144
52813
8600
46323
37056
16563
20118
26564
43755
47373
12308
645
26403
14657
28104
29669
35047
11373
43528
17643
20418
45552
45304
23324
46817
6476
5152
54448
41602
1679
45465
11016
13873
41095
22796
23039
5255
43254
46862
39890
26190
28978
51825
19520
33878
8613
8899
24188
46794
46204
12802
29184
10481
12189
12531
9066
16081
52696
3406
8971
15661
22049
181
21668
15125
7718
46517
32739
52927
15031
38193
41878
45244
23663
45128
39762
19114
55079
52071
28576
22939
1136
49376
32341
5944
21223
43404
42565
29468
51921
48362
18844
49645
33368
40633
20990
42534
20032
17623
6321
46434
30032
10062
677
47900
35619
39125
12742
42862
35445
27564
27552
11524
20069
26028
23262
48733
7250
37093
9945
19531
48114
16851
19118
52601
21611
31097
24956
21005
45515
43515
17052
51422
33016
25264
2947
8784
39311
54905
43853
16101
47949
54182
10581
50137
928
38866
9649
30051
43258
31874
38366
3422
21692
45333
14774
50344
7006
32563
14723
44016
15508
30617
50784
39028
15327
1373
53088
9034
46690
18675
17208
37180
25099
3936
46178
8116
54698
53622
51411
982
6527
49761
42544
13170
24557
33043
48364
50425
41804
28568
37429
8460
49704
10892
5424
20767
3083
1994
29032
25087
42766
7230
23279
7405
40159
46112
3470
37739
54784
38329
4061
16777
5590
24489
32791
47685
17033
52257
38029
39921
17147
45740
49662
13413
39274
44478
5444
31082
42260
53534
27734
34445
17615
22863
52482
34794
32742
50241
7709
51633
51707
15655
20049
4046
9698
15054
40084
10556
38935
4798
36462
43722
39562
22031
39749
46139
2804
24737
48012
42144
28444
26499
52365
51299
50448
46130
46379
43918
50574
1353
7187
40525
21234
13129
6144
9878
25946
28860
24866
8182
6327
28381
54010
21436
28435
42334
44527
54907
38132
21443
28920
41992
14021
25590
53359
42719
31451
43785
21462
37791
39841
38262
6273
25341
14532
7422
48433
34767
30202
12832
14259
32525
33970
4796
8445
18979
16705
49615
10319
28416
26626
51416
23348
27056
13564
52590
27866
9549
45707
7523
52723
22212
20799
15744
48886
21564
16968
44706
52596
23971
8648
32726
33416
42804
48151
50122
35941
35056
28739
10173
43810
30938
51467
21782
23056
32576
2644
47589
22157
8403
27633
47731
8854
51965
20322
34479
25360
48460
13601
26762
36434
13368
10912
2459
28798
11476
44372
21217
3174
6255
54173
1582
49199
49286
25425
19058
49344
30579
1406
4184
44311
2853
29276
8301
7528
20052
35826
23001
27678
4763
44871
19328
53375
35417
34529
51358
32348
46494
39859
2863
24068
34849
43968
42992
53054
31666
12049
48456
41796
7066
29272
7314
5224
30855
52894
20183
42367
18854
52803
52938
27597
17599
16605
53037
32517
40821
13701
23121
20450
8535
18533
32797
47155
40366
37197
17213
27055
46861
38354
39825
4556
49896
34250
27464
28839
5840
32032
32612
4310
37559
28969
15319
31191
45509
41635
26171
36502
50456
883
23788
15355
39185
14277
36720
14744
24950
15643
27786
29042
19154
26402
11215
49636
22467
19768
9912
921
48678
18434
22464
47122
25148
54988
29551
21945
36716
24248
37145
53172
17300
3130
6161
43657
33163
34766
34540
2577
35911
41107
50465
22462
26549
31050
17200
50174
13046
29517
19980
27687
7132
51802
21260
27725
50098
28908
38885
11968
3627
1924
2052
17533
39508
40654
32374
29129
21712
13035
25254
12080
43309
53368
26228
1472
51782
43120
30933
41767
51655
10384
25396
53428
23029
20944
7240
22787
52013
1231
49183
53655
46064
21923
15542
46955
24039
18423
9381
53347
40877
6680
17833
54876
2363
13068
50542
44953
34979
37147
15164
37029
46254
24894
34128
34202
11822
20498
47499
9969
12766
53232
54137
28560
32277
9519
1297
45636
1766
36311
47936
43960
39900
22072
22679
54046
27892
3412
41852
44044
51930
33781
41578
53925
37465
50386
13881
49194
30969
16861
27504
27432
30018
39001
49305
48823
31390
12261
21030
19536
20789
185
42466
52322
19647
34834
29832
12348
15928
9601
41224
34815
49394
39956
30601
7368
7556
46145
10793
4141
53333
8256
8489
9329
50695
25907
46722
48528
43238
30596
3902
36461
15694
44630
50380
16939
35577
12368
42924
28654
47578
40868
48365
40460
50370
53175
39552
12633
10433
2903
28445
34647
10603
35323
16344
24172
11471
27090
15104
5042
27046
48058
13255
5468
27423
15600
13523
288
32122
6913
11502
40607
21093
22402
7445
17188
13683
1721
44277
21457
23163
34192
37673
31882
33433
52317
31426
41080
34978
20228
29117
8512
12521
13273
23909
32230
13939
40386
47852
10599
16726
4205
23567
37986
44210
48746
32170
22892
41888
4773
22735
36348
13521
2302
15378
22834
42302
14687
25131
2018
26664
18819
51471
48766
18983
35098
17886
31610
2272
36932
23409
47911
35662
16714
34591
28488
21195
45949
1747
53111
46963
30468
7057
15210
18566
51257
38167
27488
25625
28770
23454
5049
25865
43163
9250
19275
1636
40221
5730
9537
10575
50029
17933
45340
18369
10831
25921
33920
48538
32723
6812
49161
21528
36574
23860
21085
30211
8157
34058
36744
35202
10464
24975
4806
36173
51887
43681
5176
51137
7421
10126
5373
32087
10567
27957
4826
43850
49306
30046
47476
1661
48282
37787
34069
905
4030
15474
40845
46748
30398
34947
26274
4783
22647
34158
53722
50062
49462
19795
16024
30621
8496
40009
5026
19559
28331
19631
23586
21207
45079
49795
35602
42822
12686
51064
24349
4234
37527
17797
8015
26271
2805
44246
6132
45345
39264
52052
2119
42417
33318
33759
47333
27758
13921
24638
38007
40111
30983
54492
2040
22535
25142
13980
9940
29044
29909
32964
46719
470
54997
33175
31152
5100
29651
28509
32844
3318
53701
28376
40044
714
17083
7838
31382
9359
32904
52663
8115
28182
31765
45599
8518
18996
30844
13295
12979
24252
38796
18237
2103
44936
11910
18713
45043
51303
20268
38908
850
25272
6442
20981
54422
51618
11496
32622
34088
24911
16333
42390
39479
21337
29312
7305
43315
34498
9087
26781
22655
54092
30153
4336
51837
51073
49634
17049
17693
3602
23424
8086
17788
28075
39385
14519
40840
48233
39927
33354
51359
24980
51319
6481
17890
19569
2953
39325
13189
43139
48162
7602
49224
5178
43248
15398
36470
7461
49054
34338
45582
2244
41968
31109
42205
24527
10023
42752
5264
32768
45408
23558
46350
41508
19063
14973
27065
32176
42257
1529
24560
1248
314
51792
11769
44512
11160
41496
54972
19604
18398
49957
707
30499
45094
26112
31885
18125
6505
38527
23219
43390
49334
46416
15310
1928
23369
27765
31805
32533
13599
47705
17021
4912
11294
46542
36319
39339
37229
50546
7272
32544
39025
32608
44330
45112
17161
16623
27858
41046
41268
6521
16059
26497
21776
48618
46808
51774
6736
15190
54736
45240
31571
19179
43214
19090
33956
30919
25301
28591
47377
5904
25215
45502
47051
54797
4419
15242
12156
51646
25005
36807
6281
45628
43608
10964
53176
17768
40215
23833
35367
38205
7335
28685
3961
20851
49809
4268
17135
53850
18457
27206
23503
44855
41124
166
2080
40886
35694
19891
36000
31594
21620
27636
54228
45700
49285
36794
47905
24163
46405
39746
1054
36877
22414
47535
26958
32759
37012
2049
3242
27971
23066
43432
10812
47893
8821
36361
26711
30539
29627
10535
7996
19378
32640
4172
54752
63
41494
47970
13736
42393
12264
42564
3740
36709
34195
54539
38317
21404
15058
50804
17192
44340
42497
33850
40309
25601
41999
32015
20843
20475
31867
21734
10782
19816
17614
41137
4904
40070
30161
8501
44440
10192
6205
17956
15037
3621
5225
32815
39504
52124
16483
26878
11542
33470
9642
25191
15752
996
44665
21659
25232
2369
4022
52490
52885
42389
1908
37113
54376
12946
52780
27628
33748
43533
54677
18944
7572
5748
15968
41868
54149
25628
9708
16792
50451
3456
6771
27106
45248
27795
27366
51681
39821
47302
37456
12864
48842
43577
9587
43286
5735
22918
52143
16010
24212
25983
37173
33946
41552
1607
3068
5536
14925
34435
53794
19044
17170
24460
52928
2227
40276
23956
43447
26208
11249
26464
41375
175
48529
24078
873
33259
41783
50895
53654
48052
50928
54319
17306
24844
13087
6598
42290
16886
43668
8662
38175
53733
10871
32787
8421
26380
22853
15414
121
53097
851
12020
54324
15002
17557
28827
36496
6418
35137
12790
8580
53492
50986
27009
47370
26249
6644
51141
30413
50888
51699
12487
1346
3726
25935
5202
37870
51589
35531
36263
5604
17348
14707
48227
2094
35802
19053
45331
9752
45258
51203
437
54977
19341
53700
2077
33553
2913
1760
29731
6577
17417
25641
49820
39805
54059
33872
31328
47619
46602
23592
1830
35073
5299
44081
17806
35874
47166
8672
40302
50809
18690
29068
2936
54040
12907
24298
1362
54250
46725
44721
36147
30817
41689
35275
18381
27298
50549
47778
48271
51453
16695
42514
4252
40716
3535
10414
43742
1784
29645
10688
20906
51445
43662
54791
4685
38019
42542
34761
43217
28926
18624
21700
45839
38076
37271
22290
46226
51862
23728
54859
2733
2294
53435
50130
34297
9871
12634
37291
51829
23145
49507
35885
37252
54841
23679
1886
33530
50104
41749
43200
47927
22037
45645
11508
32358
26476
13076
16320
40160
33023
30587
52429
2365
44356
28065
41340
31288
36377
28022
19387
34139
4395
23398
46214
11942
3552
32123
42814
33489
34149
21811
2477
40908
7114
49665
46833
28740
18229
19673
1336
34593
44875
35953
31385
18061
39035
37513
32853
11600
13655
33813
37990
2241
18093
51773
27152
24334
48096
23759
53245
29779
43958
40548
6394
38565
23456
14434
10463
22504
6700
40168
29124
28618
11763
53858
7886
46033
39223
37703
50776
22850
15658
18935
23374
31210
1386
13995
48610
44633
17363
10349
1308
45277
38266
40376
20753
13303
167
8814
41319
13898
22131
10395
40876
9146
54556
33818
9190
36765
43823
39145
31528
48997
53889
23427
23537
34842
39293
3160
5135
37924
13836
32703
32996
34078
40567
42004
6373
54896
32558
53376
31757
53156
11034
8561
10546
33080
12829
41151
17985
49203
35964
557
16446
2446
33725
54786
39071
51552
51318
12561
44667
49126
3336
22976
45886
53704
36016
43004
15239
11707
18375
34697
29760
12132
1030
15337
40495
17747
27820
9852
7977
2547
6861
22443
36936
31841
49321
11812
18297
28265
45535
54488
2219
25004
45394
48575
28152
23784
54179
12029
24140
53821
48031
13316
43351
10497
21581
49824
1144
2245
35947
24770
25867
6869
51896
9117
4692
36211
33196
18111
10795
1241
10316
19024
47820
37477
5976
7782
8888
23587
23228
32956
50118
9563
17587
39083
9713
27138
28478
47466
2713
14869
19318
5952
30606
15574
21098
623
29709
19472
16461
2231
2655
27026
36591
8920
50794
40345
39802
53592
28181
48246
46480
50065
53932
44028
46631
11671
40684
41516
33071
40192
53108
45307
45957
13044
14221
16875
2030
53228
32114
263
15990
28030
36087
45166
47984
7936
31167
49482
39120
14607
16421
29400
22307
11136
40911
45778
47016
3092
3542
51499
40750
2287
16177
27581
45592
17627
50001
32681
14387
11436
25109
40384
37218
31450
45208
38496
22544
21539
2608
54356
50654
19456
41033
54595
19947
21891
28198
8241
43717
48973
48209
33660
53865
28291
41362
10840
46489
26005
4471
42975
34454
7877
26679
38600
11866
47738
53496
1394
12541
15896
28566
51459
37938
52991
50142
4219
512
11103
6467
9295
28551
49303
49663
36677
43298
33407
33997
22816
26806
35125
9529
17400
15467
28505
47450
13905
52159
40676
23075
16770
54833
5914
52987
49966
33755
53918
13927
47318
48026
5488
50680
53343
43984
44964
6608
31535
4363
52720
3440
8848
39224
12931
33981
13469
37501
53441
3000
18798
2894
15669
16645
8043
28040
38149
11227
33355
46843
23520
2985
17561
26126
171
39810
50984
53909
13332
27732
8992
39914
12001
32805
45282
40420
6504
47409
7455
7471
10137
48854
1189
4287
6430
8761
32422
14976
7683
32506
22189
33985
26534
23536
31994
2553
16655
17692
46092
32456
36531
31704
48517
15952
17524
49557
46928
35015
38043
52372
20042
36598
19527
16465
6025
9811
38823
12089
48583
6996
14109
6366
47500
14078
54129
45213
29435
49450
48551
52821
54225
53841
54721
9374
47379
43708
45915
17597
53811
44317
38191
16191
51856
51950
48067
14192
37389
7904
14247
45391
22780
16779
46853
249
7994
7177
19428
54950
4303
46851
11038
50318
44048
13442
20857
42602
49134
45032
37740
54122
27484
43405
19766
19296
38526
52024
52093
31679
36447
26240
35199
7735
20520
39235
47766
28355
8003
23283
41823
19641
15226
49618
35221
5740
47002
45767
568
11290
31439
53754
25457
48908
2410
51086
14850
24846
4823
27180
24398
52672
46406
48427
11195
3946
52929
9384
30997
48391
53544
12743
22489
51012
41526
53190
48394
52411
20359
47879
9520
39283
41769
53665
16067
16273
27701
49945
237
30905
30785
53953
3395
8388
24755
27738
21188
51582
16359
37819
2211
40714
20978
4603
34952
27266
20515
46280
10250
13025
41492
27354
140
19588
40943
54323
54238
8908
26047
34971
6957
50111
22898
26662
11700
32440
5527
39586
39317
25775
53382
33586
30761
16724
51709
9275
49692
48375
12811
5414
41928
6835
25889
52544
6766
13241
39698
40706
49577
38711
47215
32180
47785
31935
49412
43648
36044
46292
20820
37105
2871
34372
4706
51134
12510
14347
48410
52438
49260
4779
50645
46182
21931
53916
22232
42593
21283
14180
51763
48490
51001
26573
10822
48217
12010
20768
50
9222
16747
43631
16837
47293
53787
50162
40995
4560
4067
12619
18311
29856
20577
22149
28884
39180
11921
28171
4982
35149
28470
32091
24692
34688
40006
31333
4119
8429
36606
29862
13436
40915
34006
43292
17729
50352
30693
13101
12822
3102
45779
50594
40152
17126
43232
47626
2543
19926
33886
22823
47228
44585
47809
14404
6973
25579
41025
52619
25572
53974
519
40149
46283
8352
34197
47588
862
37569
51373
1554
17329
44811
45054
54267
16138
52689
32581
5286
9996
25059
47909
3716
5126
5880
52248
20344
17848
34269
34289
16495
50947
39084
45352
10003
53277
1837
45818
34932
41504
28301
35082
31215
10721
31957
5032
13288
20022
29284
34428
41875
48344
36550
26182
15154
25715
18865
4867
9369
6035
27617
9432
52422
46625
19838
6242
48303
22541
17997
45703
54157
6346
3788
31602
51612
38038
24827
54027
38660
5391
30228
38789
29328
26820
7201
42795
41896
14802
40131
43511
18160
20180
833
18482
45239
54185
40296
42554
19550
46124
9643
8105
36792
23539
37017
14003
20456
33610
51287
22708
5765
33385
15494
10876
4883
19870
55072
13393
13847
20931
44795
28443
54358
52059
45546
17468
12131
50224
17465
37131
47570
4855
33149
31920
45931
12493
13887
19469
6439
7121
25555
25967
26698
8800
40622
28581
17406
49010
44422
37771
41071
54191
9772
23995
52061
11931
33831
52203
15938
24388
46606
54019
16205
12068
12765
39208
40288
30736
7562
33544
4845
30421
51905
16604
14588
32834
34407
53713
22251
5142
828
31128
23799
5893
2361
466
47756
1775
29009
41939
24465
15828
52831
54645
45799
23707
12666
46640
43048
29562
17992
27757
27226
47684
9036
54415
4135
7297
33204
4853
50617
50253
38927
29011
47137
43060
51016
20825
27906
553
45585
3478
43593
31682
53236
3184
41008
26339
40666
42585
2611
47371
35778
5856
32161
52998
13021
29608
50322
44117
13762
1503
50993
46567
7998
39337
43240
3028
1125
49985
16978
21036
44109
48671
13625
11963
54878
36856
43571
29368
49148
2535
7857
30194
30147
52229
28655
34025
54529
18220
7316
9398
26147
47050
14583
9541
48545
41338
11343
24884
21986
48138
17114
47714
52905
20508
29394
30313
36066
21427
33811
39179
20566
18269
9440
24109
27710
7807
42140
48644
45665
17976
29684
49535
18084
16734
51627
6965
33316
12294
36026
47919
558
19880
31695
30811
11565
28506
33859
47354
4508
289
12699
45314
31481
49469
8570
9964
18852
51715
18120
51733
3252
14997
46941
36653
32818
49388
13209
26243
6514
38769
52978
53780
28699
26937
36472
33219
30179
36700
6611
43324
33955
30067
44816
18249
13318
21472
2927
5028
3914
52133
7260
46757
29984
33378
16760
14923
36670
11051
41990
12166
26723
32733
11008
46918
38072
33984
5210
8171
11748
28421
43932
52221
38286
29939
43944
20282
7896
54727
22023
6406
6880
31681
53827
4239
49272
14888
2839
52101
27933
40331
46615
5387
34704
22227
9597
14353
31045
45081
38583
25381
575
47482
38058
42053
25090
39467
38338
26798
40532
52842
21669
45034
14141
21740
5962
28638
23843
13012
43008
6381
29353
35166
20737
30165
27720
53029
33182
33425
3982
31656
21251
12569
14842
53947
34089
21837
48785
31119
44788
42071
5198
29582
10085
10220
7926
49652
14545
28385
33358
43249
50913
54664
6421
4686
45678
25534
36604
35508
34789
41690
24115
44166
18491
41202
46905
23205
38201
3532
43913
50374
9221
8960
1198
38274
28415
16651
636
12444
9242
2677
40806
38206
39957
14250
32766
9961
16535
43956
37235
53004
23976
42256
11207
30040
30111
23294
26041
33521
19117
18578
31018
43415
29676
34745
37439
6150
23603
50047
23912
7899
3700
37661
49993
33551
48116
9153
47241
45973
54453
48320
12228
44675
30466
14713
16513
18290
16431
28401
2045
50489
53602
51934
29255
35207
41464
19135
50046
31077
17342
6589
16410
50821
9989
12872
26490
25467
7025
32288
46899
48262
42809
17118
27607
36523
52569
12202
8008
33442
14364
12408
16858
43397
5472
8893
29625
50716
47200
47803
24653
3405
3296
52645
30824
37357
23908
3843
8125
47269
21291
26555
48252
11483
20411
9057
4793
3431
43569
843
41434
42468
7494
20977
11725
9072
27517
3631
24763
47042
41065
24614
32107
1371
37809
47022
17158
38395
29647
20469
10387
21301
27891
25838
11640
52652
31019
44986
49063
47014
9012
13004
5518
5876
17509
31007
17868
39597
43230
3116
47403
368
30552
998
24680
54051
8772
7833
28801
50920
37349
4520
23713
808
2980
50038
19034
54036
42959
19460
41383
51444
24241
48928
18806
53963
39240
49780
41568
5097
54762
22957
20628
15405
34634
12673
10747
24135
21324
8140
24510
9349
36514
19022
13779
47556
9927
45575
50881
48708
16688
4861
27277
29248
28785
14748
7246
14555
35486
11145
247
41329
42403
6533
31797
40855
38592
33547
13970
2943
11657
15552
34957
45358
3785
24316
1221
25238
5542
18814
39717
22360
13556
29610
8164
45809
26288
548
51171
39596
1033
29054
50159
4976
39849
8541
27660
39266
17472
22660
28042
3939
38677
41101
44613
8816
45648
1413
44587
14054
13958
41449
46028
12218
38901
47205
23342
23610
49283
51544
49277
37851
11891
11551
13505
5937
3523
10944
48825
20711
30021
1670
30745
31248
307
2499
52469
53530
39901
24389
48086
38127
7745
22185
6754
25117
14729
21119
14068
29173
4565
15971
40204
50266
11371
21329
26516
49572
25019
15502
15361
4669
54432
9501
1316
49921
35146
44662
14204
50148
22105
38970
25076
82
6825
30944
51052
4957
26195
39355
19656
52681
34231
44148
34414
42967
7850
20645
15075
47992
3517
16258
11825
9056
44571
6821
37593
4655
40155
18243
29193
27189
12147
12890
20664
44256
10203
49187
29764
6088
16444
3375
29079
21987
2254
16877
32253
13467
22520
35410
32913
23139
4842
29689
17059
15903
34722
53268
51087
17391
17218
52581
12851
38074
23166
20238
1490
43967
32881
39531
35839
19773
22284
36183
39524
15262
38039
49124
41395
33117
25908
38382
21881
6084
46498
16810
52110
18757
15877
19664
47644
11647
7583
40884
55012
2567
40612
7158
32206
18446
7638
6019
34941
36520
39019
42015
16182
18950
32296
28840
18394
17253
42619
26198
21039
39509
18693
6114
32527
5019
3491
35231
12193
9092
47363
54668
7691
30152
16034
5060
43301
27013
7593
20926
51662
54978
44988
40598
17565
11317
28164
92
51414
19213
53681
24542
7991
45856
14670
24431
25897
45320
22234
36220
14762
45299
44406
50417
34675
37381
51634
32434
1524
36464
30405
10234
28636
49230
29771
33639
7672
38733
11068
44597
46038
11785
27306
15436
43903
54717
9136
10306
36960
46103
17443
28288
53329
46054
51616
19818
22654
21267
40537
26276
20318
13985
16943
5087
17263
8308
278
38869
52556
41299
17952
28004
22428
48645
43526
51336
1158
18292
36650
50565
15595
48045
5280
1219
3706
47846
48862
4547
48661
11804
53636
46452
2071
42628
44717
20548
23333
23867
13968
14878
41542
31196
5151
45727
33166
50613
11954
42131
7663
11157
22108
2883
22331
30262
44501
21479
8261
29526
40125
24025
12639
32689
51490
17707
26263
42089
14009
9726
4342
35148
27496
54441
16201
53640
32946
21863
45620
23088
32570
40635
3558
51603
39306
51569
19493
3576
21871
45605
48351
12915
40248
52285
52766
21680
42281
7280
49703
23200
51237
19743
27998
10374
42659
50363
565
16301
14211
17505
43492
44952
14595
31491
32860
10091
15487
41569
10853
2434
12316
11093
29969
12121
5157
30242
46195
46967
7205
32139
33600
1617
25820
48278
18820
25788
44010
438
3778
49623
29058
20671
2075
25120
2640
41160
36815
45012
50724
38832
8227
38528
1265
35553
6151
41761
42860
22063
26389
46298
8349
37311
53121
32718
11781
24417
13099
25386
51004
21831
52107
30299
16624
31142
21541
4230
3308
29120
45426
23445
54858
13269
17413
6519
19815
4738
35671
8216
22668
45158
36114
40725
8829
51579
17649
41722
27775
6846
17526
50956
47425
13942
22717
5870
37101
44178
44344
36283
37827
33105
26086
18010
47001
52625
21274
3294
596
24131
35864
15389
25113
39827
23020
31432
3049
38195
39042
16120
8491
51664
48699
34731
43069
8394
47158
20324
16816
19120
30088
36030
15624
10507
16282
4937
36568
24889
52660
20860
42476
6244
41799
31698
17708
22455
9604
32396
50507
51208
3059
40547
37618
2557
52538
214
35708
5431
41274
31313
51564
45372
7049
14630
27881
52405
39425
22774
53770
22377
26485
53286
31747
46987
51011
53813
51509
3457
5991
4522
6387
22080
31686
11201
2673
24781
49579
46397
11151
47782
6356
49935
53593
20679
26870
20258
36958
32153
12899
33614
8974
35805
37312
30644
7701
50534
50207
51877
6645
32486
21319
39192
34919
5806
41973
14336
10707
32056
1771
31904
31164
35426
29483
33065
52460
45860
28623
44822
19519
4960
284
25023
22574
37396
36490
1288
51295
44033
36132
37729
50528
21148
18449
20108
35955
15330
41829
31717
3950
30099
23902
24093
46351
22374
52959
27071
52546
19941
29642
29933
15107
47504
17655
4215
37697
39633
45337
12122
24259
37871
52072
24112
50475
2893
28708
22260
34472
48565
29594
24214
49136
37630
51578
53124
9641
15348
17748
25194
25293
33271
51600
35592
9174
27359
12585
36481
35786
33468
45988
40700
25414
34674
46395
6409
3466
28918
55091
19845
42314
49332
23241
29316
47192
14363
47435
38976
21089
23733
38813
53255
1817
22410
49317
17758
51443
44001
45971
36242
27031
43099
30196
22231
53300
52508
27756
35760
54663
13861
50357
14566
46305
37313
37866
29740
17285
44362
44387
51357
4368
52357
32223
23735
10245
43975
52707
3612
43726
31395
40922
27646
8881
35353
42276
14541
54652
13769
7287
31936
39829
3567
51098
21379
12039
28077
12708
6262
2799
44593
44227
8986
25172
28756
17739
31205
2405
35429
41252
36454
38630
7325
16896
1693
10607
28995
20208
34673
48630
21556
45749
5738
4436
6428
20133
30497
1114
36948
5710
49917
15684
39231
4412
41143
31325
22379
25443
35169
19579
11128
29003
45475
21623
48919
47543
32000
25499
45565
11280
16076
22705
54909
54733
4015
30281
23767
35282
24880
366
1345
4182
2575
26847
24941
11610
5788
49402
48669
50073
49333
35039
15483
2367
27831
7553
48036
21498
16814
3565
23129
30344
32493
50233
52866
30581
12243
40527
44063
16412
44153
18418
39173
5496
47231
8020
10922
38044
3769
36122
21599
23836
28266
47029
50036
24475
45003
12319
34648
22363
5972
25483
9149
15738
2441
21977
50702
25353
32040
35905
22281
10305
17702
25956
4622
27553
36544
11836
51609
53018
44758
26837
5662
387
8584
18055
21933
30139
5677
3771
36916
24369
12008
52815
50566
5103
19988
19052
16222
42349
53887
44382
4016
40566
43532
4036
49030
7921
5772
11814
14684
37746
46228
49371
47639
27753
12499
46265
12835
16527
49320
48685
4197
29683
7946
40037
30530
37027
48909
34547
54091
2004
30570
50338
21101
16960
7652
2001
39877
13830
31322
8805
7020
47138
29016
13615
43475
41072
965
26468
47149
33645
53452
48355
29136
5508
52919
42248
49675
18657
51228
42209
11712
49927
14754
52063
42332
12437
26021
12712
38309
53062
20865
24103
14614
34846
24902
37589
27903
7463
27538
29094
30251
32110
17578
36193
28079
37123
11881
31
49295
32190
34575
25363
35356
52169
50180
18017
32197
32022
45485
20143
27379
45487
26903
9820
7470
9096
31260
9828
51889
44251
36850
32270
36695
25508
45267
4360
26640
52281
13644
11364
20440
34677
11043
35740
13572
47956
33938
28988
2454
24360
27565
24420
15370
8702
24875
15720
5670
9862
187
53554
1514
24656
8373
11001
21303
27876
10163
40057
49498
53937
8229
29693
16767
28754
43204
8857
32504
26071
36057
39437
24136
6319
13938
52249
54572
42444
21066
36867
51708
52000
42300
54656
1005
53631
46341
33654
43761
51592
14274
41778
15653
7413
44777
47178
46575
19626
10109
17482
31938
40464
35308
44748
17259
27999
52878
38551
50010
17838
19991
12782
45399
1129
26459
21810
30651
1894
23579
26753
5816
9951
53295
48544
44864
24927
14122
20271
45717
44100
15855
46476
43895
53979
16356
14129
44607
20280
17436
48014
28217
16918
5079
17028
26983
40697
54768
50413
38862
18611
24538
32472
15623
32642
3489
49910
33408
6391
23624
54830
24871
30480
13996
14306
34314
6532
51186
53026
18271
33398
40491
33497
54346
24965
52379
2686
6732
33046
17145
44544
6107
17812
15948
13844
40393
32186
33518
52307
11901
46925
19338
35649
15022
16384
20868
24853
10036
10412
37595
40139
7182
15512
22745
50305
42693
720
2789
10268
45438
14702
40243
11300
21137
223
31925
18268
39546
3999
46772
49871
4110
38473
52703
26600
9429
47668
20302
22636
10670
43814
36701
18368
13653
43216
34884
50453
33896
38560
47511
39761
37644
37681
33418
43922
28545
36602
32592
46555
43176
27116
863
29750
29370
33860
13240
6845
44678
6879
23607
44075
41731
23530
901
29429
47311
35889
3487
32655
40219
54959
43866
28111
4403
21917
23693
37606
48442
38638
45151
40183
49324
25283
31895
8251
40130
52344
47679
39708
32537
48781
43389
17818
44979
39832
21307
16898
1952
43949
46697
13359
22771
26035
46552
17682
34095
5075
26670
9512
3891
54547
48011
2529
53049
5722
1477
18703
38083
6360
8208
27934
12075
22843
9749
35080
43126
27385
41360
40437
25993
5290
34684
15420
39692
47393
46912
24813
26415
16639
54970
6574
51150
18240
39779
22818
14473
30863
23175
1570
36990
43925
25170
17273
11078
36907
22934
47115
53683
8997
21550
20089
39623
34933
47993
8011
45365
7345
1720
33526
43387
28537
19846
1426
33971
52316
26001
20632
27974
54574
14807
28490
30301
37761
37100
9744
36965
42640
12719
41949
14136
38463
53337
23382
48161
14502
27376
17242
3593
27134
31609
4006
25139
24237
11851
18191
25926
20163
31138
1463
14293
50273
4453
12217
50516
40773
26972
49467
34138
39396
34537
35470
32384
55053
41133
41088
23468
30772
26541
26648
17243
41861
51026
3707
51563
23095
47325
2350
49874
29325
28997
11099
49679
3791
36286
41053
24496
29842
12590
33744
6580
38165
18513
2311
10984
42034
28373
68
51520
53671
19409
21852
30090
16927
34866
4767
502
9916
7965
24292
35451
9655
7587
37776
12974
21792
42648
6208
27557
2999
22990
6673
49771
1445
54603
4323
54555
13198
40641
32390
42082
51982
18281
16411
18663
14564
30730
53614
14479
15306
9573
34434
8939
38610
53835
12448
48718
18652
21642
47883
25196
20995
51196
15515
28209
19348
53076
36951
24110
25333
52349
39670
28009
23484
35663
15706
24008
28527
20192
3685
26152
584
8147
40796
11978
52495
9762
50288
48319
2727
5684
38093
33328
39453
47902
41737
13718
10715
44447
17966
3853
1677
35152
6017
45495
47641
16594
38898
15572
24442
46663
12337
31846
14093
49649
12338
33964
6002
46673
51439
36841
44468
33664
23764
37369
19790
34906
15293
24351
9798
49892
49250
51382
54256
19903
28946
29813
52812
47335
28788
17500
47083
47449
50093
45325
30005
30332
25211
41907
37669
47187
21993
608
21936
5052
1104
10154
48476
24969
10181
13116
17596
31811
14934
49947
7817
28250
4631
38627
54329
53806
27543
54628
4648
52180
1576
24271
8356
23718
19506
12323
15581
9551
12610
19100
52833
39344
38678
48953
22856
10148
30079
16470
43439
9407
11845
2468
12396
42305
6437
45066
571
52170
6953
31271
21703
8233
43744
50662
20502
43803
23272
1379
12101
13498
22429
23968
24991
50249
4348
47987
24932
4250
54065
37558
11970
34350
13549
1947
1438
12405
54211
47117
14753
24487
53149
3349
37578
22423
36032
13818
9162
7614
49751
11592
24449
3509
30547
16576
5653
35384
5861
38979
41255
38444
42192
1986
33055
5351
42172
31755
32709
36825
53229
18710
2646
40446
49863
44805
6462
19433
16078
25965
26437
4967
25530
11960
48178
24629
728
16825
23152
48776
42151
24471
32793
34464
38959
36804
11232
27574
36246
27414
23502
27808
28138
51118
18591
50764
27793
24592
27921
3156
40133
30977
51246
40457
25587
16905
36254
32239
45690
43874
27994
39154
28730
12984
43520
7014
1717
53587
54658
10597
37713
13508
31509
31424
2764
43219
40862
46590
9735
31790
32586
12176
15258
6300
1517
47112
30199
35249
27790
27408
3322
43205
8029
20170
23327
45162
15742
5946
40336
51939
22355
16330
33465
34873
29552
5197
47653
42531
24359
4351
19399
9258
28316
45091
32990
29362
39260
25046
29152
41684
28448
45060
47876
38241
38321
16453
21748
38002
36040
19639
43483
28157
16910
27501
10186
10633
3236
37687
3165
9834
2177
10697
52997
25263
31453
32262
46609
26032
41654
43380
53420
36779
35503
34224
24899
26846
1
3467
11953
22324
4251
51970
30390
53354
33562
17384
23448
35006
4874
2717
53684
5278
10773
2617
34209
14741
21146
14398
49270
21333
13385
22866
22578
8103
40573
31409
1207
3270
12054
2971
20247
46400
37362
48395
26078
25350
44430
33765
11994
37050
6623
24439
41700
11377
20060
25155
8793
51366
54245
43841
3342
42024
6824
27344
37170
2135
8873
38147
43186
28659
36281
25709
18631
19720
5084
20489
10844
10884
49
18001
7930
11113
47338
26231
9898
5448
31942
3384
6218
38786
49221
26967
41242
1798
48950
32069
14088
43864
4167
49834
4445
15202
14301
26930
25417
18932
44296
19712
30793
6054
19503
20218
26167
10611
23231
35729
5460
7799
15704
17069
5557
21057
7167
27828
29533
17281
736
42907
49440
8840
30795
31229
16027
52747
16868
26140
12831
1851
52380
7727
34186
4101
45940
4253
9129
1957
35050
48900
16888
2329
33244
6690
20514
19555
15588
4613
43480
27087
42385
30453
28671
44859
18339
28818
48181
785
7
48418
13913
12676
24587
7662
17910
36372
24620
14497
42578
42891
39830
53443
54614
15800
27431
22627
47866
46082
44038
24672
15181
12963
48449
41353
28725
52236
48337
45780
13793
23403
44693
30895
7032
30961
10095
49212
26577
24472
35769
36914
2736
49811
28719
43467
43547
6171
6627
3655
15701
27080
26053
40627
25725
10978
25846
4143
30988
29447
29801
23254
49796
45046
54144
10416
51216
8034
18175
4440
31987
30234
13471
13479
47590
22945
20609
33167
32292
31644
31242
941
54829
33508
28389
29205
18575
20541
19200
2300
41959
47257
9452
47239
20881
46013
51031
52173
16775
16476
30340
50973
20936
29602
38414
4698
37433
6506
6336
14031
16585
35300
50519
12583
49479
54625
42615
51761
9693
44912
36341
24059
39796
33510
35549
33233
45883
23514
14444
10519
8348
36979
12283
5189
32867
1640
32305
51477
22206
7539
40885
24575
3282
48643
52949
29957
3029
6461
20392
29640
47781
9414
528
49848
10333
46661
12356
10269
21124
1493
1513
26059
12388
35792
9662
31633
40589
22634
47279
7754
16440
74
8967
52947
17476
27694
43776
33411
48653
24122
24945
3172
13808
27287
40797
51080
26789
17235
35318
21354
44535
46532
25324
30889
11355
21605
7084
43428
51751
31352
43699
33335
48815
43637
1918
21441
24193
44416
2624
48611
11122
38158
6097
54110
18318
27305
30660
27348
35980
54534
3363
40629
44901
29344
19640
25677
44941
43094
36164
13430
39893
5500
2638
16664
14631
38215
1792
5698
41558
24993
51515
7774
23317
25594
45658
44561
44873
10621
6495
18756
30447
6779
2338
47133
22073
20746
18600
41016
41193
37971
10456
53950
24747
34559
36274
35068
30415
18873
31372
33538
21844
44652
29590
21765
22098
6490
18018
44132
19162
42083
11135
42571
22777
48335
45930
23829
22600
14237
10435
28308
20097
22337
47294
18254
54705
50980
23050
13936
18855
20953
29414
40553
48572
48473
7516
36276
39529
25412
52384
47528
8752
4679
22883
19811
26448
38032
20473
15934
23250
28714
38695
31828
2393
12072
40735
4582
28117
31775
20216
31332
26547
8655
4208
16984
43562
50573
27984
14749
44140
19312
15141
32649
10026
39975
2739
15043
47071
31834
46783
48324
33622
28395
52576
14232
27246
34466
4192
7598
37034
45116
4275
16284
838
16110
13867
20653
37000
41405
15736
12209
2167
34009
23018
47770
20171
6949
49775
47284
42982
42161
41291
36076
23090
25944
33220
53897
42153
36485
15013
25512
4333
39539
6975
20004
27619
53920
38368
4596
41577
17322
31456
8259
41918
33267
9455
14016
15095
20439
453
6666
13134
2383
25856
21493
41958
24045
22160
605
21163
43585
14528
9422
12364
45683
6240
2528
25829
32799
9200
34014
11642
13080
26424
3272
54025
5006
13609
24516
31151
53101
6725
18961
33687
52178
37404
41671
593
30925
20568
31403
17672
31914
22553
26776
25884
47662
46945
37799
53962
44156
38353
30750
48101
50191
27301
43770
10260
32356
35713
16555
42431
4790
17490
19299
14170
36371
45139
30669
21511
8060
52774
54002
7200
38912
6904
7170
31175
11937
41897
2187
100
53464
50767
9007
52913
51085
11919
22300
51408
12878
21076
22323
38801
36782
44847
47750
53220
4961
35054
45962
42377
5575
40492
18133
8885
17921
1712
8741
10194
28964
27207
7644
38692
31650
6317
26014
50200
9215
38048
38475
22868
30838
12922
45467
12429
6045
25703
42159
25582
1028
33186
3214
13141
2915
32213
4465
9637
21899
30559
35985
48312
25879
34284
35484
9361
47098
10861
49799
1700
37806
44220
231
47586
10517
35917
34972
9550
49975
18475
42038
27442
10740
14705
28983
9339
28954
7168
34961
12094
45787
54409
48846
40118
708
43136
21340
15285
16044
12599
33791
10218
50502
40373
12657
40001
14328
42852
305
1175
12839
1579
13895
30309
42703
21721
23190
44668
11066
825
40659
37230
6851
8880
26900
26746
25276
36157
25160
157
38224
36296
42238
1025
39912
41912
12881
20248
38064
13075
52501
20462
31048
27121
37064
48143
35399
45758
18522
42504
3741
35625
15715
27925
43366
17353
42520
35087
50863
26406
22175
41169
14421
34119
42779
29659
10171
5432
37841
30252
35723
36956
10766
41345
10345
47788
47136
42324
54337
12971
17266
26949
35238
6313
22277
10867
28270
40161
9489
28260
5918
15779
30050
45768
19465
23212
5846
46867
9451
46468
28906
26773
39416
2669
10054
28811
40517
25975
12762
30777
25434
32772
38543
20649
1064
10294
1901
46680
7851
34630
36809
43052
20898
43691
5362
4381
9979
22726
32601
34942
15116
43396
15630
2918
12231
10474
17155
22547
40275
43892
7487
22201
4530
22373
18529
51534
10342
29156
21277
7868
21047
27689
44306
39584
24414
18320
43837
34241
12556
41814
19856
27208
49122
18466
7189
17827
48104
54599
53712
19540
49901
33042
11349
37043
27524
49448
16270
14985
35376
11664
28780
40836
29202
43794
35325
33011
743
11488
24268
20492
36396
258
41541
46247
24734
2766
44072
35738
46820
31351
50311
47092
12313
19126
40017
18313
10069
39881
46016
42871
40487
9791
3039
41710
48078
21856
84
46949
9870
2158
48633
45125
14554
38704
51104
11740
1731
1659
34110
3849
37080
4316
3668
3205
34736
31218
3227
9841
50846
20625
43789
4105
37413
16803
200
32360
28096
51533
435
19982
4875
45517
3715
19696
2373
54311
53799
7762
36047
789
24457
3191
54621
9063
53756
37340
28601
22590
42741
12289
51857
18587
35610
47182
22764
46698
23964
11557
40095
26876
18041
37264
8378
9533
39462
31177
44282
20301
37073
14992
16505
10560
53191
46281
8056
18289
32145
44201
522
37610
20734
36159
2450
13827
40285
39250
20585
48426
49541
46818
13344
40581
40308
14062
39567
13684
54328
53629
14926
52040
23569
32424
30608
18140
21411
36010
9076
4152
19033
18827
20433
21711
35286
12378
23115
40896
130
46996
27800
28463
22400
5070
37485
30707
50115
53750
14953
12483
19449
8194
44781
44280
43962
50873
9627
54465
19556
48327
21244
38842
402
43527
19936
15892
32855
11382
26330
23585
2208
29263
19865
6808
44236
4459
8098
42413
15889
5273
47722
32671
29527
44916
14944
22773
52793
73
24227
3979
50259
35389
5618
6299
979
17860
42268
27908
31227
19837
21419
4366
46275
3506
23493
5001
11412
767
26905
49143
13976
8402
19381
24534
51157
8611
16997
53389
44067
24989
37645
33749
4055
2195
42833
50215
27000
25204
25230
6368
32551
22960
37138
35681
53603
10757
5306
19321
14597
41828
22481
33214
43921
18179
26730
10630
8934
30250
25542
32893
14374
7181
34514
22969
51972
4910
46984
20155
2761
1860
15958
40200
20617
49487
37150
5569
25073
27021
2122
51214
30636
29500
3622
45907
10645
16132
32029
53275
41640
25548
8355
50589
53302
24883
38478
20434
3224
43882
15307
363
19252
53873
17084
9620
8633
28775
32217
44506
20833
22123
43167
31301
6983
4133
8682
30272
53694
43679
38574
39782
33114
5248
41674
42872
24828
52756
36577
5401
46773
48525
44632
5626
10526
15847
14448
1150
26120
32039
31541
25614
15394
10815
48071
19302
8156
45421
7574
19279
41612
36527
18694
38305
18589
39094
7073
22599
8117
16566
46425
28675
20999
16678
48972
14453
13151
9390
1329
25730
22617
52092
35862
39348
32701
2404
36207
7569
41425
22806
20058
29292
44536
47565
24404
16523
39598
38670
10828
22190
45225
21632
43804
40752
7258
19226
5601
521
53928
16393
34360
7970
38231
40892
48023
35699
24159
31543
44493
1498
49431
10364
19668
45921
12190
26853
19944
52639
39966
7479
41712
50755
24458
31318
6310
43443
50166
29391
24648
5436
52966
6579
11653
23996
16170
10598
14905
5899
18606
30876
16310
45133
52417
27393
42523
33344
36904
43474
42400
46523
10732
19921
10539
15237
43376
39473
41836
52375
40104
28263
34107
7186
37653
13700
15822
47060
24550
19997
35111
47039
45376
41931
20349
18723
20396
26322
15597
11180
8656
49429
8691
21731
42086
18648
47525
28417
31869
22078
28850
36660
20531
30237
7705
35178
50020
8078
25000
5415
33567
49862
20688
3922
25371
24384
49076
44091
16615
30384
45031
38403
19662
26993
2595
35876
45924
40428
36078
54130
14199
45791
19268
38245
30008
35385
27238
27961
11401
44759
40351
30827
26174
12596
11856
13280
29964
43079
14160
34622
36424
32583
40649
38346
4927
427
14151
13427
19358
38682
14489
41002
26253
40023
4071
9692
22244
26310
33801
3648
35567
2509
9210
44801
50941
54373
33086
54363
41388
30873
53214
33147
2289
38429
19952
54831
36725
37020
24204
24325
24307
22498
6637
41374
40946
43345
7631
11442
35141
37723
54844
40264
10518
38515
3263
46001
31563
30521
41309
7218
10774
51218
33513
47821
19675
44352
53465
9882
22510
35547
9469
12515
10022
2519
31864
50389
45899
2831
30775
54607
25664
53394
11426
21425
19172
33458
17077
28605
43639
27841
16212
37900
13962
27256
40508
23651
43993
7918
13027
44989
38995
52079
29304
29682
28691
29531
20251
1273
41457
51342
32331
26292
12299
43027
26612
28870
40468
53988
54006
15500
31725
42304
6124
38110
20241
15064
52565
9237
13205
48485
15098
43356
20522
1545
14082
20129
20905
2262
44894
50282
8927
23923
6141
35770
23835
26352
19236
34397
37963
43416
25376
31744
10655
13529
10162
28232
28768
7431
1452
3173
52033
16671
46681
41192
39640
27440
35752
54114
36539
50826
2413
31860
37272
6232
31418
12060
28713
10013
15995
45558
44268
30200
6432
5110
54365
19733
9671
11795
9229
18667
35665
2066
1821
45073
4923
45449
15462
42014
50816
52039
43567
20147
11758
19823
24806
41043
29406
22430
35025
42672
20488
27312
50967
6190
9553
36984
53167
34712
19512
20521
18405
37945
37520
16562
14764
31606
47037
30765
47620
34276
45312
21176
28821
27670
19960
8774
39399
12647
1319
33944
49586
39752
46168
31092
24789
28070
33406
18602
26525
46151
53168
15236
15559
13673
8615
12950
4257
52789
46046
44911
39646
35439
42176
32902
33156
33238
40294
7022
21999
45407
23744
36895
25033
25736
54706
11645
52850
33253
27463
1376
2249
54285
44284
19438
13064
30801
13950
21156
41174
40079
949
22963
29078
31628
9465
43018
7399
13327
4918
29994
52213
30355
45020
4746
6816
40560
47695
47518
51270
505
6411
31859
43103
37262
44862
30569
29806
4093
4255
27133
4161
2795
49204
21676
27973
19089
18908
43267
7624
19700
8274
40593
9266
54851
18081
53955
23880
42680
54275
12998
2660
44458
23896
11984
32508
51703
23099
8737
5324
52265
10447
50851
29794
26214
33229
22608
34426
23657
7078
37881
37878
24695
7548
3895
31785
39276
1874
7122
3817
472
12964
9026
29845
42104
40904
38265
25963
40193
46826
48172
12579
6179
33700
37890
11576
50326
32007
4922
44065
4469
34553
800
45173
47860
108
18057
4052
38437
9932
14381
52245
23590
10076
5302
40787
40897
24714
8469
33865
13375
21487
29922
39487
16426
38962
6064
54034
34977
39663
50399
6745
30115
10631
39865
43732
46682
11188
41284
53606
31468
48938
10994
6271
39677
9613
29183
16257
37532
34655
1879
33410
31299
26892
10047
22020
45868
12416
30734
26982
45432
39611
21455
6355
15835
18567
52187
53469
13770
35755
51811
49103
36855
34898
14660
20211
22476
16544
13747
10030
7823
21589
41707
20846
9106
52882
53993
22874
3073
41726
9287
12328
33127
34868
43156
26017
15248
5936
31641
40950
2751
51161
3970
10224
36617
7897
2320
49760
17667
10680
9353
54925
33020
52271
5553
47224
30012
31037
9644
25451
36230
34891
50801
46765
10278
41231
52611
17857
9523
54943
4384
37961
18444
17107
49856
39736
38511
20590
21755
14252
41260
50733
24606
19889
20039
27109
356
31476
25611
8100
446
6501
476
9016
8277
5341
41790
55014
10144
41646
7623
23217
14895
17335
39540
8915
8407
5363
52152
467
40503
45702
32411
1681
21019
3537
37916
40402
29541
41005
45835
23615
11167
21232
42987
37384
9083
14110
22213
21885
8720
50634
21693
32203
48803
42764
32812
34874
7929
36301
15787
11761
9718
36266
2780
35043
45232
20970
7882
23946
35266
6197
495
17099
42541
18541
30476
41745
32872
15806
21062
8484
41617
48290
43066
44821
40650
47139
339
6988
1689
3874
22757
34264
22528
42421
34665
38451
24918
37755
17540
40610
39407
33930
47978
18768
28896
36917
49419
46561
11146
39067
25038
2605
21105
8624
44984
34301
9515
5384
1245
45574
42592
21506
22885
2992
45181
36198
49193
22089
34041
6788
551
7813
17457
6900
38419
31516
29878
4063
11615
46262
5283
36387
47945
30686
14307
2427
1938
10282
8310
43616
50691
36358
37466
9531
10087
36154
1595
39378
20724
13994
7106
15876
18550
12033
17377
34513
45195
10188
35716
39911
49525
14514
5967
44603
18741
54072
38361
25667
16377
37833
955
8521
32781
50758
10259
22258
40987
36624
44180
22053
11903
52070
25127
23795
15569
54811
26999
13737
24687
42061
23185
32317
19475
36477
43272
23418
47796
18114
21364
11843
22991
28113
21245
15129
32481
53741
54384
5759
24199
26507
20766
48191
28776
49566
52048
30321
1361
42459
23801
31464
22556
41755
49853
40960
41807
11335
23819
644
11218
27533
5789
41772
37910
49457
15863
26775
12545
46122
47172
47600
1482
20224
4223
8531
4570
37997
1585
42750
41735
45842
50406
11681
17546
1423
47291
760
33395
51400
55002
25638
23810
49085
52673
25645
8652
15426
21381
41054
322
41074
32099
2878
31879
17372
27848
115
5233
27401
49768
23047
38698
5715
10926
32446
13173
54189
46507
4138
32246
31269
25309
48527
14913
8836
48962
24520
34258
54317
27234
44970
53854
42095
4729
30058
50670
38276
6398
45187
19419
2213
50709
3698
27942
51126
13236
41536
16522
1955
48896
48423
49601
27137
12847
4892
24016
30430
11308
52397
19829
51725
2344
9757
40779
49503
53971
5243
9317
31304
38254
40476
43548
29996
39937
43557
52744
48124
210
3528
54510
30836
7538
23787
54967
40066
6762
48513
26433
17201
7504
13789
53650
39007
19077
39757
22563
7162
31059
4080
48739
50154
24428
46497
30472
19622
16516
18834
41727
22801
15009
33990
54500
12775
2307
49882
318
35928
2703
39667
18992
29443
23943
11485
29887
13828
39765
33729
39374
45103
30285
46800
39774
43036
3665
26810
14654
22393
46692
25651
54077
42710
21964
19499
31499
44686
7940
35408
37930
2585
3846
34164
48097
500
52121
5009
14
21802
22450
44945
3298
17412
48987
16090
37378
27086
486
49701
35539
34710
11944
10903
36861
47776
17696
8508
13404
16124
11644
8766
5374
41586
46703
47710
23084
13516
47146
4458
12550
4754
44767
50723
5549
32460
40358
721
36235
53195
27163
19977
27216
39602
3929
25622
24779
5204
39707
12574
3909
20979
16241
6657
25481
4474
37422
14344
17942
46009
15792
38012
13794
8962
32973
40977
47584
22218
38484
21134
19393
3386
46645
14006
13924
37860
25247
10637
27449
54923
18186
44826
6549
51642
36022
25546
45754
27473
52023
53442
52195
25604
35588
48016
51111
18608
51635
19723
45730
3288
51308
15532
38228
36925
3688
5719
17661
14794
23594
1243
44623
26811
36104
50637
38101
40996
51870
5692
44744
31583
5773
21684
54478
37085
42566
42867
28001
23244
42686
13335
4127
45617
29572
20290
38753
1120
20368
31591
43039
13216
24345
31735
54819
2132
34218
26675
3348
46345
14778
47552
12659
38461
3691
22046
49515
35067
15227
52190
23308
9447
16878
11322
35494
12026
5683
14322
45614
25184
23549
40273
48747
11112
23780
54579
43329
51264
52216
40249
2263
6385
21432
34390
4539
5950
32864
25068
11958
11255
44992
50628
20962
46022
30589
16730
45551
28426
32933
22584
10118
8605
43831
5984
23522
41226
7370
10120
42278
1036
3990
33014
50780
41721
44446
23933
50904
52423
49624
28365
630
53570
34221
21514
48402
4375
9779
35474
43682
50869
40894
21839
16755
5061
22955
50602
49166
26586
8451
30316
12249
27135
1739
42216
40053
36883
32127
18758
29228
23271
39647
29869
36277
27508
7599
31237
19968
40942
5822
35552
26290
16844
13341
10804
10615
41658
31617
988
52198
42898
151
50697
1812
44549
22051
9144
17883
17906
2630
11316
33121
5522
30073
44807
50202
29507
40932
15145
5632
53313
35744
49762
52293
27202
29299
46651
28941
53477
34816
30511
14316
2154
14834
28831
46887
17611
14891
54749
16231
50343
30374
37089
32474
10823
26394
19748
52084
29855
8323
1561
16634
47897
51169
47413
38102
33554
35934
4786
299
16533
15380
20760
25724
21199
31368
44292
50901
18683
35361
49080
9855
51432
9419
2355
22304
47143
50296
54218
5631
44502
29490
14414
48504
9788
20561
42488
38850
50883
16567
39218
8187
41482
529
52714
39135
40202
3870
12616
42786
21313
7819
39076
6074
23920
34277
45200
32023
20805
24888
14530
24276
33692
29784
47351
38763
29175
27743
39989
27920
9302
3120
40794
7958
4717
45279
48732
5332
581
36326
36734
46371
46529
10496
18614
44057
41061
29916
33775
28086
42609
9165
37549
17720
41930
14266
6757
41356
23634
42043
37192
8478
3299
39878
18884
34503
20014
42156
29854
5831
36313
16055
11088
27145
49667
9844
12800
7141
54464
48942
9372
14734
35523
41165
49731
42956
38940
34306
11858
18955
14610
1944
29131
38184
52801
14599
25783
3544
42761
21056
19261
39398
39653
21483
457
5378
35003
48556
22117
29074
27681
25471
10659
3520
50055
20696
38509
34812
31850
18894
12768
34787
21535
15300
32630
40404
7126
31712
9807
11024
4413
52605
26860
8336
3112
54836
38294
51674
43221
50676
5595
31782
26362
27780
43323
19608
13704
1401
22325
30672
42769
34566
13248
18155
19629
23877
23727
36762
26312
8330
4954
11097
13854
35643
31016
46597
49723
48712
13627
23625
49006
4944
26285
8822
41442
50295
2282
48582
28346
46825
33290
22570
41981
31156
51629
19084
13591
36097
53905
27900
22670
4511
32654
50937
34342
51058
16291
3009
16447
46160
48871
8462
53484
41217
35064
24552
25126
19186
20874
37620
11239
22471
29101
32531
13725
42917
15289
27692
8320
2572
16350
14041
27264
3040
4727
48132
35983
40763
26314
421
15139
7982
32143
51696
48804
42622
52224
15634
16105
30034
2021
32034
36940
39696
54178
46758
7586
34155
30104
47080
29164
35952
46062
10403
43421
6434
15871
35631
35104
13755
42808
19159
29376
5815
52859
30185
13662
35120
4788
34340
46333
11950
38057
54304
10420
21770
19577
24394
14959
21382
18206
17171
24507
21349
40699
12111
24501
34380
21955
51035
37611
22984
30025
39033
23476
44014
29702
19759
2016
18558
32801
45444
38111
20463
53016
31821
5890
31182
27940
6888
40784
14233
549
5370
14883
46077
54693
46277
18046
27006
44401
46096
51480
23749
40875
14859
13105
28147
20423
8866
37639
1971
20191
18024
50961
36498
33449
17427
32711
96
11541
52585
43771
3147
52921
26658
7270
38300
7213
11009
31334
2202
39236
44528
817
19585
33299
16157
12053
42721
15171
48835
31751
36300
24285
1846
21388
25418
30739
46224
25015
17894
5284
34769
9119
40757
6564
23359
26621
28615
27736
48912
30703
39619
38501
37286
15148
36530
52478
37302
42842
371
3744
22433
4386
23010
21025
672
6942
37278
32945
47186
52364
10901
10866
2769
42996
41368
61
30953
540
25006
8070
39944
10923
4249
39981
54916
8871
31028
15352
24580
41556
15911
30045
41595
36687
8942
32210
18638
8362
931
54777
5919
28764
19016
18904
18148
54165
7384
48591
16095
37223
6792
15919
19146
13287
49494
37186
11345
19367
7954
26148
5000
11259
47442
3825
19288
54588
31913
7633
38035
3835
21247
6228
17471
3928
20334
23040
5258
14580
22000
46802
31974
32370
22074
42666
45182
2482
32491
31896
39447
21651
49923
1979
29289
49175
12500
23430
39017
16799
37807
37157
5149
44888
27197
2139
15216
3501
21182
29212
7042
49354
50603
26488
1008
29692
51078
14281
15388
32992
48540
32978
46359
18968
17877
27777
33033
24704
4552
34358
14049
40442
12954
798
46738
11719
18107
11451
15079
22317
27588
20642
23999
16045
13123
46935
17014
12181
39298
53007
53315
48201
13351
52855
26501
5215
49095
48689
2810
47331
4992
22425
32321
379
43692
23892
3327
45571
8095
4902
57
48341
53263
29145
23108
35256
1213
6718
916
10971
4885
21662
33307
1870
21109
27154
28455
53311
4297
18043
39058
13211
26759
22101
45873
45496
38517
18032
396
44208
11269
37542
48062
7394
12198
33523
30759
51178
35832
50778
46883
28338
4497
33574
39327
45545
698
51820
41089
3764
23079
31162
53501
27387
24559
24084
26770
40742
37523
16322
41240
4835
37069
54638
27821
17011
41862
38973
3862
2817
21666
29404
24224
45461
24264
11517
37953
36771
47828
14273
44134
49367
45828
4659
46242
753
33479
4162
23578
15066
18727
21733
42198
24277
4280
11566
25695
35992
3371
47398
37472
25384
3813
36752
26064
36124
28195
54564
29575
36137
144
50441
19616
8033
10286
4484
2693
36585
38639
46728
29635
26945
24804
34421
39498
32047
48810
5652
49074
35849
54888
9325
34573
20200
22645
17625
45271
13176
34543
18069
12428
38119
3450
5475
4083
50547
17543
14394
13489
25179
34101
31557
29976
17085
17042
19209
23669
10236
21446
54563
8180
52225
35875
853
53482
47416
12242
53134
11546
47920
43225
29374
9049
34613
5083
21072
41667
8551
3639
13757
41271
48465
29606
6342
30507
19507
39726
47676
22010
2147
9511
3024
34929
15424
13634
36156
2414
8757
32133
15981
51794
14817
33630
27650
39555
53292
41219
27791
7397
22752
1429
48725
41184
10045
12783
15444
52968
34839
51822
35515
31970
32749
38743
18744
3732
46889
5279
30682
49037
6557
6867
15008
7517
36974
5358
34223
1537
21861
3738
20496
14224
40951
26344
2356
40210
53521
39227
12455
24540
29238
51349
33138
46784
40691
51581
9891
16994
39464
6245
28981
29948
7087
49043
37078
24430
7847
35097
49717
36043
662
67
52521
29454
3596
14462
5642
1254
1307
47815
44455
32845
46585
39527
12930
25654
47132
38063
31546
41212
2502
32404
7052
1018
25812
1507
14284
27131
35130
43849
13670
29334
26160
559
27867
49112
13165
194
39435
1802
12042
7221
51090
37934
28123
20909
52732
19913
27339
13222
28348
5314
1752
52006
36335
53575
26250
46392
49008
2056
18823
28647
9281
7151
47632
19735
7612
49153
14639
11533
46174
25564
33910
21373
17554
17467
18969
42319
14784
16402
13838
5986
16764
39041
51843
24724
13585
50687
37060
52012
42067
30488
29823
6927
27859
25055
10591
15049
11731
22259
43071
29297
12273
47477
39147
42357
18079
974
38411
8371
13714
28128
5120
42437
48770
20573
35686
44417
37205
51947
34723
39687
35580
25958
3896
9479
44323
16486
2033
23685
34579
37383
20494
30917
1259
21522
33250
9309
31952
11270
20918
2846
26914
54471
37166
28668
11834
22200
2113
19246
51915
16369
43939
26680
24665
23319
28438
13535
20972
41471
34875
28302
48304
20080
36832
3797
26440
44588
49380
15349
26451
26068
18261
24570
50298
777
40178
11690
11430
12204
37451
30125
44046
50378
33131
29410
8952
37275
38331
51958
1843
35235
53204
1094
52669
34059
41934
385
4057
37172
37281
5999
30915
25792
21952
39365
12753
47367
1626
26222
40718
23153
27176
47493
54651
30685
42946
30473
45148
30333
13094
38488
42480
27571
5551
20376
18196
29218
20703
22905
22674
12078
54944
20385
18424
42731
14513
8051
30727
51091
12472
17718
33004
7441
33718
54087
9041
45895
49972
11326
22594
2028
45443
7712
33739
35158
3067
15637
346
28888
17784
38876
45440
24382
30218
25079
34049
12905
13512
50836
23698
53825
27290
22545
18874
23774
46437
28907
40322
37470
51985
52305
38701
18948
14601
26713
39016
2009
37299
18103
50740
7863
11459
51688
53875
18680
19056
23438
215
8344
43233
49878
26842
18736
26130
3803
36325
43768
42449
25874
21571
25314
11584
40239
3534
47011
18163
29650
6621
24181
23389
44734
20310
44643
16000
34986
5613
12821
37448
36944
48980
53508
8978
52909
10429
42841
53146
32414
29616
271
19708
39387
16936
35273
33173
5749
40828
31103
22344
33789
8711
42129
36414
42939
27275
33827
17090
12419
42030
12841
23853
25746
33511
26886
11419
25719
13024
22832
35296
9156
23
51988
28013
8202
42436
35654
45215
47304
46368
16545
17896
28873
36495
37508
35587
48881
424
9516
54989
31962
24958
42655
17228
32177
18007
48003
23455
38408
7766
16778
26091
34803
33821
42338
35008
12481
10977
50483
45118
16958
12994
23970
48788
37495
52635
34174
47960
53066
28409
29384
6894
38601
34364
19003
6009
10490
35682
2742
54280
46235
23349
41624
53611
54201
29607
30129
47344
28452
14679
38684
7561
59
49240
50592
20204
46430
52326
51661
47836
41594
3358
18495
15709
1084
18301
9985
45455
35100
15346
6710
28726
12788
23300
12256
8416
31024
53853
754
23866
5912
1233
40414
27705
5784
51992
29025
39514
28241
42226
42989
38503
55041
18347
10128
49524
42111
4587
20959
49741
20891
21563
8287
15762
31443
22526
15674
8592
40312
42774
24004
36406
30457
7914
3580
54403
49357
23960
44391
15166
44775
26678
26741
27783
31290
32063
33674
28037
35512
35664
4873
14967
37263
8650
35031
36774
12588
25190
50280
18200
49609
33232
33177
31555
46067
3770
37933
4499
16148
54266
45847
10300
1065
53044
35453
1603
6451
31116
20888
15453
9581
29475
39351
3625
33596
42744
20776
50583
13311
6543
45917
19898
15718
16001
20863
44994
34032
15765
22925
31279
13250
51489
739
53224
27948
19008
44598
38811
36509
35246
15675