14368
51877
51355
24776
18512
36445
32968
31750
23791
32825
34591
4561
44523
1035
33088
36699
44989
45856
47701
7295
50389
39237
32842
47525
24374
28654
40987
35231
7262
51851
20887
23938
19928
49794
9296
13518
9552
1979
11169
12610
54615
50598
29682
17193
42842
8483
42667
47145
35169
42192
50569
39082
33544
54396
21454
40542
42938
19831
44704
23555
26664
46955
10267
18049
41910
15216
13381
14760
40102
39382
35846
41877
23221
51447
53645
9892
42779
39792
46359
21198
33182
14212
20262
31108
36126
3960
25253
7512
15189
21938
3849
17651
21554
48179
21568
28490
117
17402
51223
47317
49293
10517
32094
46312
53531
4601
50871
28143
12131
40625
24722
5810
31144
48533
3243
2091
52344
10930
3990
31642
47713
42927
34404
54347
6362
11303
29426
15870
11469
2809
1699
25595
31995
12676
34486
33091
26525
43750
49446
45784
291
28602
38550
10627
28898
23436
13986
36402
54197
1570
2611
18225
24185
25424
47999
38711
34477
39103
14997
40071
32715
14105
38535
24224
37214
7419
17036
15977
20147
39633
24395
1156
42652
20200
40181
35188
49285
24283
4717
15488
44590
30631
51892
33876
53112
21734
2659
24523
10294
51005
8712
30218
4098
9456
26184
15171
43160
19489
34353
3694
21438
34964
50171
44245
22501
9191
26712
42050
23660
20024
41129
3178
48826
14218
47991
19949
12305
14438
13088
52919
5656
27541
25263
50913
47253
5560
826
44125
35272
34979
4831
34800
19668
29906
13832
46647
33192
32200
29499
39511
7631
40436
24790
27221
6876
20958
36258
5613
45389
54034
1907
21559
41971
5389
53676
29887
52480
42445
6171
49296
21919
17359
30462
24471
4482
15047
25443
35112
11684
8187
39411
44375
17338
3704
22887
43223
46981
10992
35906
1584
8987
44109
41948
34729
27204
25677
1805
41030
34113
42281
20946
29839
44003
34885
43008
14429
36780
46831
16500
35575
27906
49381
20777
28720
1851
52421
44345
17931
17404
31214
14692
21903
52595
49761
9548
4230
9789
52019
27577
48113
31951
53779
23006
6543
49839
18320
41763
474
5083
34689
21352
5900
41815
26905
11679
13420
16406
4975
26580
45555
11408
43516
40582
24897
48498
34860
36189
40937
45417
53006
700
45221
45578
31388
43617
31178
23446
18520
2144
54182
19666
34960
4544
8310
43569
18315
51576
36945
22890
51071
8834
45971
1460
14968
52355
7995
35700
14749
27931
33596
19105
12451
50800
40299
24089
10092
6211
20039
33678
53736
5159
24490
18680
33892
14383
70
17035
36382
19852
8797
39290
14953
326
39445
13261
18476
45074
28021
21928
34095
8695
36847
23272
45322
37245
35758
35366
47572
47319
53643
39231
30802
43789
25100
49803
50717
24205
39565
42888
54330
8320
43444
50047
42535
33955
22278
1557
25049
28279
46724
22989
1012
1276
54718
25636
19356
41020
25773
10291
1867
39048
17572
16413
9353
17115
44155
7882
47717
5814
39326
15923
29776
38123
41223
8730
49260
32724
43556
40313
54546
15901
183
34707
21400
27028
49925
14328
33503
33979
30960
3602
23440
42375
41121
25795
4730
27704
37110
51063
44317
837
40093
9565
22598
42982
33798
7370
32860
21393
21310
52567
23087
35310
43713
15065
46144
22239
42317
33801
119
49845
23993
49928
32713
31523
31543
40872
2228
43365
47133
48558
5728
18581
38222
49413
10939
16008
2179
49706
6725
54118
29532
19758
42858
16104
46116
47342
24404
6322
46495
24152
42990
7355
38114
38099
47691
6302
43460
27774
22322
30634
6158
6296
20136
19702
39298
29203
13580
37038
13366
12132
37359
14136
8015
48228
48718
3685
37337
48175
26896
6766
2314
36165
23365
19109
25908
41600
52365
11386
31255
27214
4853
14820
51569
30175
15447
32325
19558
12702
41645
22295
53437
42791
22111
49012
31265
33815
49942
18292
42823
42912
31533
30475
38582
35105
50810
24818
43772
37812
12720
48581
32040
38073
42019
6715
30075
8133
42890
2755
32649
24660
48308
25275
19234
6414
25202
50463
22992
6257
44986
52671
32592
15275
1463
11940
44202
31312
23418
50380
43006
45161
4342
38540
3205
23964
52163
2908
22785
23842
12759
33016
12014
52486
34624
10336
27614
29738
365
22629
23350
15386
27328
36493
23921
540
18563
9578
5399
39627
21700
38704
6352
50401
41038
48954
29178
26415
20730
6708
39500
53932
13984
19375
40371
3484
36385
3316
47583
31401
50473
44111
35768
23152
42965
27446
51064
44814
43878
19062
17933
3007
29095
26073
48165
50407
20624
52431
43703
15481
45520
45556
27554
46652
25758
13067
32127
14351
23736
34642
18638
15327
23036
48590
15013
18599
17850
12715
26163
28129
3373
32280
40383
24354
43651
14855
719
7320
20987
54007
26123
20664
39970
35080
45098
18448
27470
45348
7588
42240
24736
14154
31617
44925
23456
545
51229
33284
9070
15886
885
20401
13684
46466
2654
14894
14502
41662
53163
40854
53467
20738
21821
28542
20017
22411
3285
8938
41546
16083
29692
51815
25843
16550
2004
47526
10228
30588
51329
33000
42928
9497
40725
19263
22268
11584
5995
32063
32103
20994
14944
10749
21600
52685
11010
7812
48326
19320
35445
20822
49325
49645
29235
46772
43534
52971
5848
51825
17716
10275
37373
39484
857
18546
43301
22415
33148
43968
16985
43175
24065
35478
18888
17564
34736
1172
50064
46043
22395
39940
35119
2733
35582
2887
28498
28770
1307
43863
235
7984
7486
2939
23673
14290
25830
23092
13696
12649
35943
34358
31328
50130
35197
39663
31510
40352
19895
3398
51953
24901
43001
23018
27612
44695
16533
51454
47630
32520
50071
14446
49539
28473
16247
14118
50413
4161
45492
41943
9945
36351
41566
34005
37398
28354
42439
2825
18068
20549
24050
19575
26927
1432
37651
2165
37817
19251
46621
43578
2062
23167
8412
3554
33560
28348
31084
35532
52054
35244
40320
24828
2579
34118
52035
25147
23672
48925
29552
1062
54307
3974
31520
51846
34172
48432
8562
42336
4716
38878
49953
39678
6977
27339
8709
16573
42628
33241
37870
31798
10556
38948
49488
31156
48130
52805
30002
51344
20707
43030
30445
53776
11366
49130
44534
13046
6930
30140
51653
16639
16797
54335
9582
50362
4909
17431
11115
29370
17943
4052
40801
13994
15484
161
547
1336
8766
30747
28992
33454
23351
12881
21158
41442
17704
31653
45280
37068
15148
31623
33376
29246
36568
25511
54137
43734
21368
51758
14602
21143
21322
38380
6856
40769
54364
41671
50795
4330
12218
54110
2436
19674
33270
40149
51055
51969
49593
50856
27513
7499
43378
34430
5311
28839
25628
5142
7834
9180
45428
51387
1251
30565
38394
19363
25014
41942
32701
32221
25750
41280
39330
13222
54227
38163
17638
47002
10125
33326
34784
48851
20324
43068
20043
50993
43168
18810
26795
53734
32626
4577
48904
33928
49825
19100
37998
13990
21511
51295
47775
9091
6014
52636
8212
2499
33406
38752
18227
52154
37530
13736
35204
6581
19372
28091
40995
34458
25965
23499
29338
37891
2991
48129
28886
1478
26257
53620
24479
31122
15599
29801
6511
2850
53151
28190
30459
18551
45135
20301
35228
906
39476
21956
52451
38205
54726
26653
38466
36282
2894
46204
45650
39571
54552
46596
10180
24699
37916
22122
10159
4914
26978
51558
24933
48060
4923
31975
8470
17713
48619
40367
8819
49166
44370
8821
50698
24832
47847
950
29272
45986
16793
32259
19849
16076
417
42836
51557
45819
44500
36462
34933
43728
2935
28786
45906
13571
20450
45625
29406
5126
52366
33119
11342
10975
20177
41383
27652
47650
24987
44106
30008
13369
27254
13349
1323
54373
19507
9102
48818
17874
18266
12916
3664
27496
8619
9900
31291
9384
46543
3006
48967
1970
26004
53451
12458
6774
50948
4647
29287
27950
17500
6568
48073
7966
22977
41655
32942
45745
13828
13499
38079
4542
47260
33342
48915
52819
45444
32967
23273
8092
29134
9697
52045
21721
7680
64
27130
43547
8902
41418
40566
36852
40157
39365
31637
224
10428
44848
36667
45170
28101
29490
33737
25703
40742
30623
51148
5037
8758
36860
812
18616
54152
5521
25701
11004
40753
3894
18782
2516
17489
52074
10029
12808
45232
52297
21503
38842
22256
1228
43493
41487
9679
33879
42081
43273
39427
35392
43935
26883
35035
54293
199
7816
50749
52182
5432
27303
37087
1423
10477
6245
3644
11399
31842
54121
51030
46898
46839
12812
51666
46818
45945
36347
32539
8064
38238
42935
4791
41870
18598
50153
20800
42290
14125
51623
2323
44631
8681
18630
36014
21056
53715
33108
51254
24148
35639
30848
47336
19164
38037
27300
45605
44638
25961
30270
49995
35885
14143
5604
21902
49714
48006
11201
5337
22335
17014
8405
803
53547
73
45937
18449
38268
51178
14560
33415
16482
53188
2487
34265
52707
43901
5776
41113
28699
9409
45715
41543
16238
37696
48688
37840
45691
2493
30059
6803
7019
23231
536
22945
6448
11106
22023
52810
36692
38505
24009
38121
816
46406
37737
52345
32957
18107
41952
27343
24380
350
25788
1374
52125
26405
53286
27603
6137
19682
22328
50961
32732
52287
53223
20480
49196
11866
4998
14726
39069
41568
31904
15402
42087
22252
43947
27765
48316
36596
26788
23300
3425
29216
31396
26617
13056
37147
23773
42231
15635
53283
32559
8897
30054
17769
8850
12929
33260
32873
27586
34267
4358
53849
15612
24161
16785
27564
31048
39416
14736
41066
53311
2701
51045
4206
44725
14341
11486
4118
4391
38715
17911
42699
48896
41288
19273
38637
53251
24333
38827
52000
32179
11314
51020
35307
36810
29809
36873
21692
4660
49123
19036
24756
27094
18238
1013
18930
3899
7908
52399
26177
23680
51265
6181
3745
46425
36926
25380
39109
19123
49179
27123
28514
44147
28845
23866
42462
30814
558
34035
51174
53195
50164
11579
44007
53636
24596
32784
29831
38209
32392
40961
12944
33191
44615
42377
21592
20774
45283
11577
1057
53723
33912
17995
12788
7363
50635
20027
46214
5624
33636
15353
3
37211
39143
54643
5301
17334
15438
51510
16883
7292
29617
40575
31252
37952
5098
51530
26944
52380
32413
30185
27236
53511
49073
20396
31715
40500
45588
34622
6232
1542
289
41693
26570
11260
30431
26034
37476
21575
26831
51431
42638
51411
24339
14254
42430
40428
44811
18714
41991
19757
1859
8960
36840
36825
19648
21850
21865
27270
47328
8254
3837
30907
23688
21547
43060
35787
33864
48548
52304
6523
33671
53270
40922
52888
49673
21151
37189
44801
22666
38650
25925
41320
29227
10186
47507
11801
40164
50989
43293
47361
19799
13108
4754
37100
16717
7940
30151
50169
983
12739
29328
17471
49090
3877
9962
29264
14120
40268
19020
51944
32250
33809
41935
4107
45535
52946
4223
38966
16677
13204
1359
6993
32334
9279
4579
36960
38008
53412
5751
32622
613
44550
13151
9421
20381
17623
46074
11371
22233
13717
40650
18846
17342
49069
8603
52320
2606
9541
47410
20645
10076
11258
12901
44355
30283
20486
41851
573
21325
43887
4803
7592
23187
33249
15396
27425
15243
3232
40214
18134
49543
4105
13507
16735
20029
12328
21388
6590
22170
30316
34683
53376
34385
38680
1935
4887
39080
35558
47420
10300
52097
38898
29058
8827
40101
46240
43524
47529
18677
18377
5030
36262
53948
53259
22863
33531
41359
4325
21530
48743
8294
14261
13591
52150
16341
5631
46986
36971
26741
24512
16517
34026
22450
25457
46100
51772
5873
54622
46007
12455
45995
9039
46142
16998
23292
8051
11461
48274
20742
25922
50131
44437
43634
1243
4400
327
13894
30343
39027
2651
4522
3382
33224
52089
30036
20119
40219
40359
33787
1077
32073
38215
8591
9668
18985
46776
51776
38325
11555
2881
41605
3864
8449
46556
28367
9649
32211
44134
41469
30700
17696
49404
32498
36802
38436
13093
30443
34667
16529
52370
28873
8890
897
17045
42694
54479
9147
51904
15944
16693
54514
37033
27728
27895
730
47913
20924
41900
35051
22824
41611
41598
652
45836
51491
39468
41426
47738
13861
37440
35512
48827
2364
22716
27480
10181
49857
18301
25742
850
33469
12830
31225
44050
4009
34182
27871
41559
26817
22150
17095
17037
38036
40997
31298
15828
39607
7640
10194
35719
9072
50954
31969
18993
48352
35452
32927
43382
41273
47987
40992
45686
10725
18456
29508
34686
3029
29668
32530
35263
46512
37887
14939
51643
34975
6920
46031
316
20423
13220
51999
25661
11534
18145
52531
43566
43186
49493
48835
47633
20025
32253
48225
12497
32505
42956
38888
1219
38126
30507
49344
49047
40374
39422
6281
13548
51057
10122
35775
42391
38474
12376
26161
1023
19244
54607
11599
48529
42689
44526
14777
36051
9454
52092
941
22538
20713
40929
23063
39174
46234
13631
20744
17219
36318
25662
36407
46411
45203
10615
22266
17980
14615
35771
3613
51805
30574
33506
27746
18569
22336
48363
2860
29411
18633
27960
12317
34251
18136
12749
51274
44074
39653
48495
51490
29394
29632
52991
32283
9977
48564
8740
27385
3174
41824
17104
51417
20460
14307
24826
18207
43471
49022
11820
30841
26499
45253
24802
25974
19208
52009
35086
37550
38359
35622
28679
33851
14336
49868
14053
38869
12550
18447
4676
31104
22760
51753
31797
46317
12250
26450
6800
30521
38723
8810
42674
20348
54671
19743
34762
45977
8872
25743
31180
28233
52895
101
1758
12622
2806
10468
37128
11092
35343
45350
10587
30291
44966
14491
17780
52660
8596
26647
30390
23172
46155
715
44043
22100
30084
43677
47684
31429
43105
34138
54250
12843
37962
2116
1641
35254
14755
37989
17284
33893
54630
51143
43087
29907
18324
24792
43232
49430
48992
30998
48294
11744
27655
15318
48594
48244
49831
45031
11205
5709
21051
46713
8131
39849
22984
13044
20299
33437
40699
50621
20604
43642
20444
24052
54349
40335
42763
13047
52849
4822
2839
32030
22873
4953
39639
47668
54215
38294
43503
29116
45882
13605
54732
43667
36650
18425
1284
41311
51566
31690
526
50824
12980
6591
7849
45040
47541
48010
5102
37514
32023
31613
12953
37138
133
11585
31433
45418
30514
30067
18080
40958
22138
31363
40878
29270
37775
33592
3313
51083
28170
31621
53114
1094
1101
19464
155
44908
49799
38057
39862
23798
24094
3505
42620
15648
12162
16962
33817
26134
1581
53202
6613
33054
51979
1516
15312
45632
42359
53873
38976
53304
44412
26678
21569
43282
2815
50431
9243
36736
12315
7058
42525
53783
40401
5212
39513
51372
42256
37434
22577
16147
45673
40014
47030
2422
33782
28673
39076
37831
6821
41922
14570
36760
49635
35955
4571
24388
4724
46309
32598
7389
23840
5156
35626
3541
40661
1640
16015
15267
51215
43188
7132
35667
30633
25340
16826
17671
25243
2124
40356
34915
14731
19282
21725
3086
41577
51595
9570
30295
28257
18465
48345
45990
21177
23039
41353
353
38194
42786
30647
17503
36026
25896
10770
45764
46907
35808
230
45798
28384
49888
4638
50339
42046
25710
25016
29807
21671
50771
41367
42214
50704
35648
12093
45631
40168
1709
18203
17320
26400
15097
3953
13225
9205
39464
37658
41151
25239
49001
12122
53899
23717
54449
2175
31263
1150
53206
12807
45409
5597
45266
48768
54136
24879
3305
24026
43853
40415
45596
20968
25963
453
146
17603
45695
46
37595
35218
21965
39188
20998
30754
37926
37635
2956
4179
15536
49414
40564
30878
32840
29606
21381
8380
20485
23710
6236
45388
28144
32061
19246
31094
30350
38780
1966
15702
35207
28312
40567
25606
16574
54540
41233
7610
3790
44157
19337
18739
1526
45104
53423
15372
34831
2413
2959
17023
486
410
22558
6510
16133
35507
16144
1637
39589
30884
10673
42404
15534
41833
634
50102
35809
53472
3752
37947
40307
44574
26873
8396
32426
21291
8352
34238
43483
46421
12168
18186
12421
1367
3149
34075
39173
10041
37599
32246
51365
48522
26583
14487
10213
52620
33025
22082
5746
44578
43488
14762
3481
5553
47969
3299
16683
28317
37271
54094
39289
29014
12924
53337
39534
32078
18429
51861
42878
11108
25325
4315
22129
46165
21504
733
36374
44949
44988
7734
15268
49804
39200
49281
23245
3094
22321
1501
46877
31557
36488
13592
1009
52693
18501
26591
41977
11098
5177
10393
47350
29863
10906
34551
2506
16150
27694
28797
2002
7099
5924
38790
13809
14865
600
51468
31346
884
23391
45050
43035
51093
3230
5256
48882
29715
26912
14834
11267
19136
47103
11712
52803
4906
3981
42917
35601
20580
45351
21842
13517
53577
9268
51310
1846
6470
38939
19926
46341
1604
16073
40052
49005
46566
31355
7878
53442
2764
31424
13855
44365
37179
9104
35677
17106
43812
22883
13262
26552
31411
13227
5239
13598
27596
21870
8747
34348
19070
36114
51591
28819
9744
43343
49582
14652
12041
3265
37602
41238
46663
30696
33619
11445
30058
41222
36680
48644
27098
46045
39520
2793
35617
40326
38274
24281
19302
36297
22932
18937
32901
47804
18347
49213
4702
12655
25038
35103
37934
35525
970
11899
47636
5664
32954
48858
15301
36224
17233
50069
2345
10800
21107
24565
13916
21803
21183
51722
44191
45486
8717
32191
34719
38415
35358
30195
20762
40913
374
29541
26771
47626
34259
42900
29756
13169
6372
40237
24074
19646
43916
40550
25861
1510
29612
17208
19898
28068
12260
22375
54156
50501
5787
12919
51154
7879
6651
23102
28741
39065
30166
11831
6187
9155
34412
52405
6438
47077
23613
46451
17394
13749
8010
32152
6084
30
44936
19839
5861
23977
6188
7706
45513
53759
47879
18999
42320
160
52240
7379
41513
53682
20295
21615
18191
6219
40020
17223
54717
28649
16719
43051
42008
47064
52863
4238
40112
29429
25248
40671
21480
40853
3503
8670
307
27779
25392
31894
49095
25310
48236
17414
52450
25609
3276
10316
24371
34701
39167
53839
48079
9714
5426
37580
38737
45316
1894
36066
31876
10563
5436
50836
9743
7843
7864
48838
17294
32442
13079
2625
43735
30321
5632
41322
39364
19861
33587
40597
514
39376
26047
12771
20515
7188
49384
51264
30371
50268
46716
9515
38735
6620
5621
11885
17768
52394
5859
27083
52701
2797
26797
11973
49553
14207
9386
35312
24399
42679
34628
13615
40803
24529
33348
44868
39094
50207
8995
3585
52026
50452
44058
16767
878
30119
36798
26297
1612
54353
19454
44121
42108
17085
8820
9200
23830
26460
18451
37819
7696
39709
13654
12752
53981
54496
19158
9192
50323
7162
22962
24016
2782
214
41048
49355
7280
43113
52499
37905
23269
4694
28935
27912
6660
50663
3444
11824
31950
14958
4709
44091
7006
17607
12869
13347
4031
15591
13835
38389
6668
5941
30089
4140
39319
33094
42183
52938
32236
54064
27748
738
27115
52333
41534
31545
924
23860
13862
48050
28004
45250
395
48961
50360
18050
30590
26474
1816
26876
5081
43498
24708
29141
32882
29583
48748
13530
27044
1947
34630
15712
37668
5543
6118
14964
31348
1140
34022
15616
39018
52212
52667
46037
12674
7777
9413
27359
29025
4286
6082
53106
12386
31875
52438
36796
10240
39995
21890
4492
13429
14632
48797
51403
26749
44686
26688
37850
4407
1716
2547
15890
51508
8997
25159
43358
38738
37266
38565
6608
51262
22775
36368
20209
11612
19816
37462
37589
24177
3231
29085
49919
33829
33233
26160
50812
25826
46880
14524
10718
1388
30900
27994
33847
42569
33647
27289
26726
50433
16956
24648
37346
43758
13971
19720
24638
51475
2293
43737
7037
48192
37861
28855
19288
29057
31676
49072
2409
50197
53246
39757
32135
9961
41975
31706
9816
52566
41156
42941
43766
18666
2012
18766
38002
48941
31576
37414
37061
42626
51336
44555
2003
20693
53062
39310
50543
32845
23948
5781
47752
8112
6109
873
42026
9048
26150
38018
23482
45018
15162
36119
31304
38909
37808
8910
36645
25187
18125
47945
9443
27918
39613
7648
37724
46980
51420
10287
3605
20528
48046
13574
32792
8369
14032
52961
1164
46792
4612
41773
24622
36186
18483
15303
37469
30474
23452
28411
31232
8208
44393
752
10979
11792
30691
42796
8252
35304
7226
2355
24653
42362
17507
19787
23415
51357
31111
85
50609
28970
45960
24443
8571
40030
1197
38641
4023
15593
47491
22004
47853
28629
49315
13562
49444
11088
30845
23389
50284
28467
17978
3173
50101
18701
31418
32952
43442
25244
34810
40049
27175
42590
16297
12480
31271
48942
36095
23135
27136
43955
52138
50764
95
53351
54532
53393
19565
19618
49136
26761
13185
36816
52780
22724
20840
29109
46184
1978
8969
53415
44391
42838
49841
1392
47519
29207
51690
25802
21519
2446
31208
10000
45003
53690
25902
17281
20524
37540
20803
9504
35420
39728
50240
47939
51324
15643
2994
16947
52723
37047
22283
46685
22064
22089
14361
15473
45748
8297
39890
45724
36173
34148
42408
49941
52877
23888
1837
17999
50122
48390
41330
39156
1222
49652
39133
8556
3676
10406
7284
53456
2720
30737
7987
52889
18395
15182
6699
27581
50181
22498
18409
30562
6595
45865
29402
36270
49145
43473
44176
32868
21098
43834
29131
26468
5830
33346
6457
35851
54427
25813
27288
36532
30251
12308
17935
16331
38184
24080
43348
34321
54325
16492
10064
39521
24447
48911
13535
45469
17243
9642
10892
48095
23598
12197
25307
40339
36614
39116
29097
17921
39403
16410
12970
7065
15663
14539
2555
19605
41779
25287
5356
14811
13913
41663
44522
51843
48007
26816
30832
20681
26284
29784
30501
481
30761
51079
5089
1130
43117
42755
8776
18624
24782
29476
12581
36893
16115
1767
31127
13727
44845
17107
37198
53403
49438
13134
45564
2384
15754
7552
50877
13027
39019
52108
9029
46105
45800
28517
28740
9605
14522
24000
39917
32376
31659
20180
8590
8167
41182
37216
53022
43447
5069
26427
21518
11753
44454
51123
49080
4670
17465
7930
114
32745
15657
28905
23628
27725
5468
7478
33991
9224
2676
50685
7718
32763
32408
9753
24269
36389
26881
30925
49828
51638
27629
51106
52409
34984
13323
15691
19536
14838
50629
20501
44416
37389
36964
20606
39268
23647
38947
24950
45342
35434
18176
49608
34311
668
24030
34855
52524
28202
31700
39101
43685
8675
46821
23818
1658
27373
6263
33280
12155
35999
1376
30979
34780
16023
50484
8928
50312
8538
2949
29725
52902
21167
54337
1184
46447
7218
26354
46995
20894
48634
9617
12630
10850
54507
44063
17476
53999
47459
40517
48200
48824
47356
38457
13250
47120
13336
49439
34876
19224
8595
33922
47152
27297
48224
53896
17571
38449
43073
1903
27524
10554
14179
15775
4189
43258
8704
22857
11692
50019
26796
27092
5777
14472
50817
46760
25297
49630
23476
18932
33715
19817
32552
49272
24867
15173
6028
22572
25990
14241
49570
2634
2898
47394
28272
5141
27087
14542
40
16117
2511
13244
11109
50911
28266
43729
12334
46610
14205
31991
4930
10928
520
47188
9523
18634
33105
37922
577
5736
54
40921
54431
27433
34441
28851
22464
51571
2034
32431
35953
5580
50137
26157
35984
7346
7182
52887
10450
7030
29149
6965
2669
52271
53048
40279
52728
31942
10068
34703
14408
382
18878
17627
30450
13570
22592
35296
22937
46861
3133
38027
29514
29161
5202
53538
46994
30596
6193
14452
1462
32659
42044
45740
52921
41621
50159
8203
2044
38439
24321
44835
18705
21416
42607
12636
25872
8343
21545
43076
53820
38746
48758
449
51237
3024
22961
17809
17661
53750
4130
39191
47678
11965
46048
19955
15625
54183
22014
54107
16194
53095
9433
15999
38178
35160
52495
49361
33172
43352
22524
42881
1011
38926
45710
42449
36279
49160
36642
23343
30970
7579
76
36181
41493
28609
250
40447
5146
10860
19418
26432
53299
32781
26844
22032
37521
33925
43111
39354
12528
26508
34675
27333
53385
49225
53650
22639
36520
50912
27597
39339
20123
18606
2343
22534
16863
48834
20350
51294
25769
23656
48336
23621
20100
11811
48803
2295
43694
48969
41782
25911
31722
38356
34416
21025
43537
14257
13885
7433
20916
33902
18541
5887
3015
34616
9506
44435
51349
47037
53237
20234
9784
29810
26307
7519
11703
43960
29218
53463
52104
1884
17173
48756
39802
13778
14038
42423
34222
14469
20001
1468
18946
31199
46633
14801
8222
54631
27715
8685
4101
40340
47814
404
36135
49203
48289
36604
32049
17080
28239
30779
30783
34632
19343
23320
17616
13391
37194
47029
47786
17344
27003
22970
9916
20675
9114
35564
35095
40939
455
6881
1730
30020
1147
36154
38257
50785
47090
19475
34845
47215
42943
23663
48683
24884
43571
18431
48933
14451
47309
35745
10584
13123
38983
51246
13194
51670
7537
21529
3346
33035
47112
14225
48513
17760
48479
25933
23239
32402
23356
4966
45066
34277
33629
3944
13243
12138
47611
51089
3252
14923
33826
5010
13756
31121
10260
27969
32368
37664
50734
42813
11296
27692
16618
36621
8946
27160
51457
44957
15185
34870
36059
27571
50041
2099
22821
10877
39441
44388
50879
425
54487
32318
9800
5668
49974
40536
9264
32917
3109
16065
26920
352
1572
50696
41727
18559
9536
26596
43715
47082
28123
40591
42553
5221
11789
7699
34846
52228
18973
52798
18954
40350
30931
4431
32365
48771
25416
47487
41750
41201
13179
37369
46323
34314
50853
50105
7238
41582
41503
53916
39352
26953
34650
13793
32005
54406
42071
28456
34053
13346
49615
23882
13887
35647
5255
17182
44592
29487
50646
47093
17735
29169
1721
38303
37342
17699
19749
50298
46063
5760
41984
43767
44597
1746
797
52189
38834
17725
38665
40968
32594
6401
41835
29199
19922
9797
44481
12960
14202
28560
39777
30599
5340
2448
24931
28005
572
2488
1181
6779
50583
2113
6250
502
42305
15254
29955
52183
14271
46670
24763
46627
11722
5937
54162
19402
21430
7894
7124
7097
5646
9391
42393
54265
50196
42975
34081
53717
3832
33939
26030
19216
42583
36102
1956
2272
44595
32992
27783
50779
23373
27645
52951
29006
12021
12470
24253
13918
3427
36435
916
42810
19011
10920
9175
15385
8113
38598
15699
32640
45658
31820
11240
40905
47873
2263
37899
46180
16834
15427
37619
33480
11188
1317
18803
47373
36858
35542
23081
16932
53064
31466
35212
51898
34087
2404
44465
2399
39278
6826
37505
45081
239
29359
48451
46912
27179
36145
1668
37869
27488
1387
43843
13100
6873
9864
2888
3499
53829
20084
27771
26241
52219
47371
5570
5569
37653
294
13987
9445
30046
27311
51098
31788
34752
2891
18519
49455
51537
14646
54009
33493
52158
25288
45315
29969
39311
29193
19201
28559
16914
53865
17285
49511
54205
39900
29981
20752
6913
24279
50505
21299
10133
48214
8231
47660
19643
52118
9002
36233
1132
31600
38004
29936
53016
9586
29390
9955
23029
47432
7787
48182
51012
20615
18158
7842
42454
27249
27834
47386
45684
18547
40004
16218
2971
23748
37699
6525
13690
31244
10949
7405
46032
16173
10143
24077
21625
43684
18498
50305
48103
15998
28000
12872
26861
36588
11390
38919
43987
3577
14627
28428
15762
17531
6002
2747
8918
15336
42217
9371
41209
9422
16753
18903
24612
12590
36743
19451
1533
49733
14933
18361
52624
41379
10187
24037
51014
11675
18053
23832
9190
42610
8940
17263
26135
34386
35028
17163
22242
7545
47982
52191
21833
52087
46952
47160
40589
5857
35692
45374
14682
24421
27112
397
9879
28228
43250
21072
37713
32617
32161
3592
17128
14397
54223
35975
15461
8334
54020
49641
12323
41266
1361
50710
36263
23104
17494
40194
4555
36214
44163
18790
30933
45477
45760
16307
10708
37768
53594
51992
42153
2137
34041
8124
15306
50443
52614
48877
39302
27156
11122
9086
22895
5323
26543
3955
19726
54464
15639
5245
28077
1447
46956
24855
2827
27465
29435
49691
50252
49056
14555
2199
50000
24383
38050
37396
32171
7272
12240
40849
42646
6034
30306
16412
36383
51752
22729
2862
20570
10096
164
31888
24830
34566
48975
6889
4862
689
20833
16039
31665
22912
3489
51806
20162
11125
18200
47483
22067
44654
22631
52489
41057
32582
31825
3800
1386
28745
34801
7874
3200
44846
4631
16518
20674
12863
18774
45274
11840
6381
19870
21969
13762
51673
39857
8563
54071
34999
9891
15525
51548
21579
274
38469
21207
6484
1675
14017
6791
31374
47892
15358
16562
42249
39096
46550
30792
53796
14495
6694
5005
15851
12201
54560
47676
461
50372
41070
16050
15169
28653
1802
13911
52980
8500
34431
30492
18815
16198
29823
19390
50613
3510
7137
33680
23126
28483
42321
25492
8959
39335
38687
3350
8195
16447
13133
26287
197
8785
35440
38609
15339
16635
35044
20334
33211
22675
8433
39092
54046
6387
2257
35202
12795
3846
54382
3301
27267
30533
37288
51452
2831
7618
49784
18825
35604
32140
44015
4936
1418
15811
34774
35255
54442
40129
25584
12802
24300
26735
19407
23210
21789
9912
33158
43801
10004
10139
18689
39033
29963
23910
30577
2986
35499
20492
25682
6368
34742
30298
49750
20771
10691
6410
15679
29707
31442
51285
10359
10319
45157
8072
8460
23089
42203
10102
35920
45731
1221
40813
12231
25756
30093
28217
1494
37035
8086
37422
51927
8376
45994
44997
38287
26193
9482
18401
43322
16575
20527
8801
41172
25884
7673
11945
25327
16891
3900
19628
25193
35833
48399
27245
14417
19140
38066
16667
33885
9161
51032
13307
45501
52977
47474
8356
5077
52338
9920
52759
47652
7989
29791
19026
35406
48040
40637
32241
33727
20161
33291
38945
26360
36685
20374
11530
50897
48272
15454
29497
22153
37433
53039
26853
41912
20353
32111
51732
34289
2076
11595
18795
20278
51646
26179
40548
788
23966
35827
8295
27521
25591
898
1689
33920
24659
5461
9236
5002
52648
45521
16700
41843
34236
45859
9363
38510
22207
7701
7725
34437
29122
47548
52064
50864
39448
33390
9775
42105
36011
50352
18307
53162
46639
40600
47046
48599
1471
15325
2196
24992
3476
34600
1306
18418
48960
51503
18424
38407
40508
47953
28161
53269
12692
24666
6629
14907
52603
11640
30290
32978
12887
15833
53291
36319
47374
25020
13676
2285
21084
23427
37645
10112
12343
44755
28594
11788
10061
26696
41041
22299
46082
22555
46357
13480
37016
47442
36728
17514
52627
4213
11324
43408
5036
3698
31865
44942
40794
3342
51994
17070
23339
4081
32349
32320
14794
48739
49528
12520
28595
38964
12283
25623
19146
28810
5280
50026
16803
9503
38083
39461
22202
37774
4144
25093
23336
9442
37500
48916
41930
43366
18372
32576
48891
54523
31485
36535
15652
17958
35236
47923
25627
50967
32988
24805
23077
22187
38993
46285
49895
8581
28036
18562
37654
29355
3611
21826
4593
16585
15291
19385
11859
33745
24718
23484
48354
29208
22752
37801
4437
15224
2762
497
18697
38522
30938
49132
35389
46768
15498
25869
24951
19126
25366
53940
47095
23197
9134
17068
48016
44229
19416
257
8994
246
52471
47257
49735
10650
45182
6863
34130
46119
6824
42119
8427
31449
6691
52267
8143
27663
22695
9969
8099
49447
17484
17673
38214
47014
34394
31026
52142
46386
18215
45053
17544
34163
34671
29992
19907
39321
7569
4262
26913
263
42560
24214
45193
41084
32770
4295
19091
8292
21895
3757
47074
45163
33240
29472
32782
30709
31345
21914
9660
22094
1919
13558
25316
43180
14387
11608
19073
14673
51883
15073
43988
48039
28704
37904
11146
48300
440
46653
32783
27458
26467
14233
35734
1628
4512
50861
25555
23387
26042
31737
25778
32099
9839
34014
30299
16463
7601
10411
39159
20139
12617
4893
8008
15561
22273
26385
18438
19438
19851
5617
46742
36044
11914
37772
18045
20821
30079
2132
7491
47622
48615
41639
13402
33789
21883
7765
2699
51162
14237
41955
47559
330
1103
33606
17190
48372
46581
45177
6570
16182
21375
44415
16566
39649
26317
36787
11094
52769
49516
53499
53135
25088
27982
9870
20831
31780
6336
21712
24240
46394
44530
46269
16153
43289
50959
10740
13059
8285
15580
44127
46485
35598
12834
14756
3927
21089
14641
30279
51935
2584
42505
6490
27184
5271
15958
37883
43010
40828
41758
15541
30162
13490
30694
48408
10642
36394
29451
50599
37072
52885
23279
7525
18941
31663
40841
31073
10528
10591
45386
21477
18019
18607
50225
41657
8921
40750
2882
2896
41094
15119
16180
44505
14076
9469
20415
51446
10323
43374
31855
28711
16464
26662
27363
20775
9080
52218
26887
29537
8024
23653
15034
20911
53031
43822
46167
31381
51135
16204
31337
23454
1216
10869
20047
24922
25852
12082
29261
35286
9346
50829
35022
37492
3726
48554
35699
178
37009
30049
54707
53699
23636
13115
32309
13539
46398
25499
18400
44096
24459
7743
21116
41142
10913
48001
47821
43424
35576
39747
43705
45913
36273
45503
7234
47269
53432
45841
47863
13550
34986
10682
33707
44273
45675
41164
14507
35571
9623
14457
27410
38996
616
23021
25110
16979
41778
37767
1639
25163
39507
38794
8745
44473
19003
37029
11549
53317
10491
3001
12729
15429
12360
18026
16159
9096
28424
12026
39555
11200
3827
17774
2374
8615
8316
49482
48856
20954
22397
49726
21538
41289
40083
30407
37310
41291
53077
43981
31547
11645
24546
2521
4736
42485
6764
2769
15527
32772
47555
53509
26251
4422
44536
7768
37856
15584
19768
14158
3307
13110
29093
1886
5643
46017
24090
38347
4418
53018
50563
14610
17554
20780
36774
9025
53233
9423
41926
6435
31301
33839
43148
30192
48784
39884
41525
40860
30358
25044
108
19477
19615
36575
44214
18139
30847
52773
27550
23371
28168
6574
38480
17286
47137
16579
27052
33624
26719
41814
5548
9849
40644
31368
35979
54603
46172
53556
19480
33235
47764
21335
16887
3257
40252
19978
11
37046
15206
29676
52753
31008
54354
39266
17210
26449
2083
43532
32319
35593
15333
12350
2218
27459
20391
23981
13607
51301
198
42053
47497
27968
45305
24480
17271
24606
10310
35032
14585
54193
38743
3716
1427
35612
36834
42112
29951
1622
5538
19968
1234
29558
24629
42324
15289
13140
29640
27230
33640
22541
11622
46195
53001
29148
14082
46264
18369
50784
15285
18639
49954
42499
8738
6273
49955
5505
20753
51742
31011
37237
22526
16378
27870
45136
54390
14115
42593
3160
28929
44683
35624
11025
6635
20314
25423
43395
946
11248
16543
53883
36556
3534
24969
19306
11646
20098
51188
1563
4979
29013
30881
40678
28516
25605
20685
39815
16320
7915
21849
46784
38168
11493
41760
46965
26265
11403
7334
28420
39374
14665
26981
7145
4739
46191
25473
35935
37693
43212
10662
30362
7031
48153
609
10616
45829
14679
24536
32526
16067
19399
9926
34377
17876
2810
12446
8027
3525
33778
47378
29458
45509
7826
11479
19134
575
49335
43771
21224
23463
10638
32267
34520
8020
42015
50671
11234
33515
56
45730
6003
32548
20405
37703
1782
9763
11464
4956
19292
4499
4870
47008
39811
34714
42308
53921
17790
33752
35332
9301
10430
20117
15017
36633
15952
15213
31892
35481
22791
26532
54679
43978
10458
30086
16636
9168
8862
38250
5535
46227
20128
5523
28022
15176
18653
50027
29469
24978
16999
5122
27416
6812
14896
48259
14283
20461
49779
8999
12432
31603
36289
54301
16631
25024
53478
15784
358
27173
29302
30586
11334
22634
13952
2730
51212
42166
15861
9998
37329
49769
28869
53196
44207
6808
18024
16623
3772
5295
7712
21668
17563
39389
50555
34450
11352
4779
6739
17798
28535
25402
51917
32708
3818
25230
13233
45241
5931
4305
39703
727
48712
49220
18062
47590
29877
2604
26702
40557
30062
11932
31205
34824
38717
13287
7774
10841
32464
12641
43130
41650
48860
3357
30241
1316
10883
4548
20899
28293
42295
12666
47910
37278
17744
34571
28313
2916
12997
46087
16506
34056
3247
21041
2943
44252
54077
6097
34580
45808
5915
20249
46474
32493
28116
36455
18086
9275
51500
7050
38148
34659
9234
31356
9303
24635
29813
48119
13149
35081
9225
39622
305
52259
40358
41344
8242
12629
40060
40301
39440
32039
10731
36309
33483
20878
50923
33522
13477
36886
33355
3689
11511
34941
14909
13853
44672
40479
23142
6202
24486
22492
21055
19875
51700
44885
22193
34756
46218
23283
20541
41872
49370
39115
36936
46458
27799
3563
44782
25125
24815
36557
4046
16972
10828
16087
23783
6088
11784
4089
40523
13610
46347
43266
3622
22366
5366
7381
13401
12268
28014
6291
38493
36541
10208
6226
19999
5466
50843
30323
7434
46892
48250
22360
23216
33350
21412
28140
6534
51311
504
49079
26756
28639
42561
761
21212
10623
36315
42826
21242
24846
46424
31035
35320
53383
6937
54650
40085
40553
32805
15049
2621
2068
28804
9882
51879
5950
22905
3886
48541
28584
43187
30387
17175
12051
48781
9474
21227
48700
5497
28999
14148
36788
42334
385
11195
46693
53602
687
18550
51574
32137
24725
6128
4796
5635
36515
14057
29308
4881
28099
20
6256
18073
20982
25956
6298
53487
34951
39716
12038
21281
48572
4858
1105
43784
14598
50593
29890
17897
16273
28310
625
5056
25373
47537
15280
29805
36377
29066
47054
29179
23985
44901
54414
28979
38416
467
22219
54172
6120
39117
18982
37965
18392
29117
11496
16437
48847
7237
43854
54472
22954
17779
32437
39923
54145
24349
24234
28338
5165
40274
19157
21436
21342
32461
19719
29080
27506
48423
3934
43776
48725
23854
9527
42447
46923
35750
13954
42265
51282
54087
6326
780
19247
11170
21846
39767
45189
24243
31166
22054
45150
2100
32564
36115
38986
32481
11658
21643
13720
16913
7792
6012
6359
51830
22165
34794
4116
7900
42977
23134
29577
26140
48213
30405
38342
53262
17606
39118
48946
14418
7301
35726
3707
23568
38494
49231
20217
40069
44082
12767
20330
53059
24376
47205
31470
5960
3755
30584
10573
33398
27972
18535
33310
2238
24452
11648
16777
27683
37120
49699
40634
49295
10170
50422
24098
32417
24364
19581
11950
8441
2029
1603
49805
32695
48210
10057
33686
52132
13907
38129
15549
14167
14970
28684
37157
41798
18962
5331
41687
30425
30914
539
46481
47931
27808
35429
47802
39205
49632
46331
49109
54177
6959
30954
10966
27086
50220
43661
3037
33432
31235
22358
29919
47816
12430
40253
19959
20224
27282
11893
47234
12388
1452
8257
14410
34952
20009
23591
7810
2536
33719
35164
26988
45064
32229
45190
27302
21134
10066
33006
17135
36676
9062
16760
47557
10426
47593
25521
43491
25000
49151
44825
33220
9897
3765
37297
47758
831
51438
14670
4035
44457
13935
44662
34699
20596
43102
48085
48485
37937
23168
26507
34604
13223
32658
24284
50520
50574
31500
2737
28053
12405
33125
23811
21350
19171
20959
34611
35858
21749
22440
53803
21646
9318
2964
33820
37572
13042
24944
42834
38656
6315
14172
25386
16226
37683
27064
31878
42337
4988
36878
25669
46922
39978
37255
32301
46846
25278
45370
25537
25893
26113
27319
46376
13191
21364
3926
47197
5347
12757
49874
889
7507
29766
39430
39987
4771
29479
35468
51053
201
34105
2689
35994
21029
22626
50655
33804
20031
21619
473
15244
2925
43203
40489
6558
42578
53069
21764
20059
3550
53544
44585
30860
40457
12665
13211
25762
18047
19544
54619
37744
39179
11273
28209
1549
19596
50972
7368
23409
38398
4446
34482
531
53492
23246
46021
44266
15449
13050
13188
38487
46625
2490
54441
37675
27587
3418
16422
24840
43794
3671
49538
6500
13788
25383
50146
9633
31592
20826
44712
15127
19710
29037
51708
27902
35794
10005
17351
25874
19118
24475
9901
11068
9986
54684
35583
35337
33164
3700
7441
35714
29713
41552
15916
46000
44659
24537
32000
16904
33965
42773
47429
44718
54010
28085
36077
27428
25056
31264
8267
50680
28551
46129
36158
45780
16774
16661
9174
40674
33180
38388
35662
21459
8629
24540
47104
32512
17218
26794
15139
46243
21816
44490
51582
27051
22495
32833
23740
17828
19153
50226
22312
25912
9343
7475
41896
30530
50533
7015
40762
30232
43140
6111
2425
23534
27537
40456
11031
22035
54606
12686
27398
19395
51809
23902
14430
270
1791
20902
1155
17684
12437
34710
22623
29911
25487
24619
8192
24809
21708
54500
41015
50930
11171
35929
14253
28151
8647
1453
42538
33133
47574
586
12415
5032
41792
22291
34862
53294
24087
6777
20621
11380
28307
41802
31175
21612
28282
48282
23293
41473
36580
25433
35849
41285
50687
19995
25140
3113
20784
49887
47830
13927
9553
27772
6108
15852
44739
34850
41595
36918
16995
32816
12619
29767
47569
49031
28532
34818
12225
5907
33773
41007
40970
50724
42031
44932
45534
39946
37226
18273
52059
52544
3915
23608
14534
46809
6845
35815
15697
24812
2875
31059
22966
22110
13939
33064
39008
21269
50440
45874
25506
41764
40894
34279
24587
17895
30420
11323
53481
21071
14931
11135
777
29378
26489
41585
29900
24685
11644
45955
23379
1441
35005
41323
49270
27944
49183
8305
35702
54241
134
18331
19428
26049
44222
46288
13944
27769
24732
20270
18390
31675
32011
7653
4528
45234
23696
18177
41465
29380
11044
44947
1115
20964
41964
13637
39284
26373
12382
24259
18671
45682
51051
36782
4373
41583
10325
20287
6358
23359
51397
35071
52998
47132
36519
30438
22463
43966
23897
36087
9524
30416
53966
45572
20074
17953
3323
44676
18836
30869
27720
42992
47262
11756
52785
12853
14613
4946
6903
39325
42156
8067
26840
17878
40540
3388
49350
51795
22418
15613
35866
980
19474
28394
38207
53017
37452
16094
37175
39734
49473
10487
17820
49950
45194
44385
34568
26252
9611
23586
38907
28862
28537
11429
19991
24083
45429
48596
53957
23400
45129
34523
53901
51394
15261
1459
52077
30543
42200
13668
24138
7149
12538
11690
45504
7624
2209
35514
26892
15199
24168
13383
22470
9987
13159
21804
26222
19586
4277
12818
9144
46528
39384
38330
31758
21603
24740
37534
8507
32474
45655
25976
7999
22104
26064
49529
12100
43092
37468
27934
281
52270
54290
18748
25620
7315
52655
10500
42209
23701
27807
13768
53015
20564
9762
14048
14987
46187
47692
36644
11872
5189
49878
46567
29962
2460
26098
26090
5513
31056
45360
52199
33973
15522
42800
15135
41995
20505
16355
16286
16641
37544
10813
8341
39399
20598
19700
22053
28986
12296
11774
2022
356
44614
8547
24296
27839
39602
23907
2330
44436
50246
25301
34344
16265
32851
54668
8803
8725
28827
39125
16432
30409
24808
39684
29350
15647
1420
5879
48442
8522
3791
3924
23316
50295
31134
43217
45497
52249
13330
44023
16652
19939
5453
23851
27909
564
28752
12571
50996
28377
38058
163
36241
3349
18965
20363
30203
53109
40778
42483
43538
45468
11392
27899
19497
32689
24507
10823
17582
40228
51538
33099
40243
20121
30643
5196
30809
11544
9321
27280
27015
53681
32486
21297
16609
969
31164
35339
31702
27235
40165
24327
26672
18387
22453
37234
36498
28028
49252
27989
45113
25153
996
21428
5115
36248
47302
42564
45458
37484
21066
25006
2453
21386
1756
20473
17869
32888
51611
42128
40509
44918
10977
30680
26758
51263
29021
54456
25464
10103
39042
40882
44607
22180
21684
5187
30256
28132
4176
931
32879
6757
45899
42060
41403
48386
1352
10896
30114
10254
39318
20441
12780
7088
24401
17390
8972
23330
28440
31647
16495
16231
34400
25242
29348
21779
2129
475
13105
44426
16164
29808
45892
27393
4471
9776
31768
27678
28093
32809
8156
30873
11178
45539
52415
3637
45471
24767
21793
7253
30769
9722
30307
999
39542
51751
43461
26824
30526
36372
19656
33197
24248
32293
14195
3399
12878
24058
28369
24889
728
1809
23994
29245
45057
45614
30329
51090
990
11156
25461
22916
14959
23159
20088
14334
16879
52847
29658
38608
45091
43150
46435
23242
50212
42033
41309
26370
2955
6998
38310
8300
4589
31107
5691
18833
49171
1796
10767
18506
23641
11536
33539
40473
28247
392
33042
46974
40606
34913
33875
2170
16040
12209
9457
13863
3056
4210
40948
28663
46681
10083
25544
47902
21964
34969
11425
23203
19177
45295
2864
13147
9052
43811
31662
19328
44502
52514
51632
14007
33830
43669
35324
34327
29598
42111
2874
6689
29016
21314
12599
21411
7962
13471
19695
9995
40140
7445
35061
49863
15153
8639
34354
5797
13800
5279
36707
4684
50522
54255
10519
17314
45336
46803
45100
19833
40733
40026
50738
50342
5059
43390
48850
29772
21237
27881
12588
7802
30137
45580
27885
7208
15395
40868
8364
15465
45606
16816
3786
7858
23519
34502
26482
15093
33468
27500
43910
13008
21614
30670
13521
16127
26189
7302
39028
43020
7412
35566
42515
36952
18854
4473
4170
22835
11649
37987
25119
40131
39002
3910
29524
38572
34767
50332
46266
10420
27264
14004
5693
20558
2434
37697
6540
16267
53247
15763
8532
33989
2546
27046
28289
24499
49368
45923
49850
44910
53740
36900
52277
28478
26869
29049
3696
53991
32385
12292
27058
43862
2674
8757
35841
49755
43323
17675
15883
4622
11309
36722
52367
43895
25877
9193
15802
15892
25350
42567
42227
10652
36756
12889
36461
13547
52446
48032
22483
37023
32823
6241
3948
12417
48253
31567
3184
20810
25273
27005
48660
49981
27602
30935
22687
18113
49713
49515
3077
31012
47401
23509
42386
38620
26916
3902
3251
49189
6788
48381
53988
7248
18157
36338
36423
25653
13439
49916
51156
8471
15742
44308
14901
6080
1487
21007
16345
53120
29074
32822
2421
25817
24119
7040
22678
8082
41471
51584
26172
26094
42413
11999
31804
24345
24524
52443
48868
23265
53356
37488
12999
49035
8057
48607
37625
8036
16255
21810
14272
2455
33395
20253
51641
9490
11456
47707
32451
24018
32085
10606
44895
33577
20812
50837
53105
10677
33613
28196
38697
14067
26623
51141
5152
27855
42659
52729
53140
3570
45453
16059
1917
38866
24434
16931
17693
6895
52677
38856
33766
18338
6718
54097
41393
16270
26325
46217
18093
53569
39260
25066
52018
26368
11905
22853
27754
54056
2305
50917
38849
174
6551
13069
36204
45396
14428
33207
12585
48508
19883
51718
1188
5966
5896
29909
34212
17837
53768
47468
7889
31106
2619
53280
6968
11435
42099
24414
20382
32147
1776
39579
18219
42092
30264
10397
11168
22613
26578
45801
37261
22906
29467
16208
43369
32934
22584
49474
46703
42706
3235
17441
26013
28816
38139
44792
26557
12175
4712
40039
32637
44373
36340
49653
42068
28710
603
2612
22845
54285
13707
7115
14848
7153
53542
27163
25455
10437
34295
3809
26426
22795
16314
17011
2104
51410
25031
4378
25217
16142
38932
36996
26358
11514
54225
41247
6400
14231
28566
8732
12340
3631
30484
54736
15288
4604
33077
38779
33917
4075
10630
8107
31039
26935
42723
40888
43808
22383
43241
21125
54128
6110
11687
27592
29987
28446
49380
12242
21535
10669
37721
41210
43829
32249
4654
2391
39824
46750
30707
41139
3331
31078
47780
53473
3269
35916
332
20845
39222
49307
11224
31630
7298
8165
13933
51429
4986
13452
27186
18572
1853
48017
24314
27443
40288
25220
9262
4229
8453
20586
27351
35015
18471
25689
12112
16458
53572
15056
40496
9736
50202
7912
40410
34516
36908
37221
42470
2710
43415
41449
7148
3467
21021
9057
5261
53086
4841
40978
6559
19313
23047
42348
43194
20454
36775
13744
44027
20536
42173
54188
24553
44199
49464
19268
3653
35467
25133
34966
25616
5683
36107
41692
27795
49240
53669
15188
47243
35898
437
15911
52959
20873
53527
3859
17001
30018
34681
35876
47010
53450
21907
9727
13715
49244
44235
22438
10177
40392
9704
54605
5107
21493
4012
23407
8698
11604
35401
30850
34160
34326
21856
50855
19010
28090
4679
28576
51617
53310
22145
41371
47728
53052
38762
35126
26754
11204
15502
23011
46251
24747
245
40798
12009
11797
42460
9331
30723
54659
43577
21485
36981
4746
37056
41886
7976
23496
37610
36998
3564
591
1086
26312
35928
44633
43251
34065
32358
5850
35961
18874
9512
17479
9435
46843
16361
7423
36663
1060
36553
37992
4125
41456
54475
22069
32585
34355
17754
34025
24525
28956
5809
37781
31680
31248
38154
15628
11704
22869
40297
17488
11700
34815
50021
43925
30202
33762
11533
18167
48270
19053
42202
23654
46257
26465
35178
6070
25668
17301
51871
1133
41075
26806
37835
2479
26081
35552
12737
51920
51594
6736
3303
21946
34232
38245
8204
53816
43099
18122
3059
15343
3779
3785
26603
12399
46785
24695
23180
18148
34847
49262
2980
17327
52328
16151
42372
22232
42880
13743
35817
34302
5993
22474
17241
51519
32185
33377
24466
43592
4506
27888
46056
40006
35278
17816
49964
14188
33772
15376
21012
23256
2759
1421
35743
36652
7258
28525
6319
15696
41881
40445
16333
30440
21523
14378
26331
12487
41736
47765
52982
34421
10354
43451
17904
37258
9325
38515
12302
28186
20731
34471
9019
15024
49018
1537
653
19983
29401
22769
7922
50157
41482
11630
44360
35798
22696
29721
5975
53559
14829
40694
6685
25887
21260
41299
19884
34916
47087
40685
20697
26632
45707
24842
21732
22044
16911
6195
44261
32819
33382
1078
9124
12263
6044
36359
53680
34963
19636
39909
16708
29318
34635
53706
51912
47298
13463
24942
36198
49187
15934
16391
25180
45851
7330
38314
20115
5046
29774
15179
7572
14396
17381
2804
41966
39651
21967
14040
17810
46628
4463
43957
38811
50457
48734
37893
11058
19099
20746
11504
2121
18282
1926
7
20310
14835
13358
35970
17859
38803
44093
5310
33300
31732
9829
13444
29562
11279
22214
49598
14890
48143
5169
11569
1922
17648
31022
18861
37202
30828
25130
10150
30161
11077
29368
47845
35687
13875
2009
52232
23563
7228
30859
26428
52209
42666
53792
12156
3580
8153
23969
15103
88
38305
10802
22350
27456
32601
50396
4768
6477
21778
52577
45412
54723
47641
42907
23767
30144
14696
38957
10442
47454
39839
52838
37004
2333
21039
29794
362
13575
24044
7012
2379
4002
24877
22810
44327
27037
48805
30258
54505
28730
50758
1394
31188
44569
38911
40659
19293
13870
29699
38749
39955
10929
27019
40433
28299
19658
23976
40422
33860
20057
28892
7318
4850
45329
11983
52492
39597
16339
38514
37983
11958
40094
15863
53118
23274
18042
2565
14787
41123
44402
30732
48415
49625
1028
4459
45024
52300
926
2189
14875
21244
37907
32016
1113
16556
35128
52414
34590
5703
49906
26131
29280
3165
20474
52694
2371
45212
11017
5368
30661
1825
23528
23930
35461
19423
44748
11876
2928
10908
13279
48982
54029
42268
27922
17505
31931
39150
8390
38817
20721
38105
15667
33668
39977
3420
13851
38855
42398
51785
44541
46094
17112
11993
16371
17453
14466
41953
48670
9687
12056
29445
31277
7758
35491
2427
49298
12738
44619
37081
40818
25842
27755
31814
34367
123
17122
33289
28219
42143
13795
14655
769
8606
12938
11158
30109
6021
41413
13009
13726
52002
10535
54282
36546
18434
53657
17376
10463
47564
42354
15234
49045
12474
7310
20050
28900
51116
39312
43044
31319
23139
5371
28757
47450
46679
49743
48959
51631
10227
5869
49330
14062
22428
1409
21155
26233
24409
43613
23311
52909
20627
49390
8956
22830
4903
31157
47727
10188
54694
13963
49970
34557
5285
2160
43944
1119
13357
50256
38045
20545
7749
14381
48138
31043
33952
11878
4820
32635
53005
34496
1778
48157
1650
17305
6516
16811
19733
41257
14547
49050
11244
43618
13316
51695
24574
5982
53813
23822
39830
12845
21573
864
48141
14200
30686
3483
27633
45547
15411
34533
4994
32632
28833
50643
44978
44625
7075
6836
15819
33075
24307
34954
15054
24908
53343
43114
40183
47645
10933
8223
49394
4583
963
28
18922
50890
47973
38202
3873
25937
18027
54287
18242
6835
49718
38023
40686
45772
51765
12083
50318
26641
19189
15066
15980
54343
27691
39044
28327
6847
53630
28881
3677
45524
52536
16591
24858
39724
14323
11415
20194
41130
48348
30339
8478
30026
6163
1988
50907
39451
12563
2035
28919
1047
43583
34137
6655
48729
3815
31834
29649
15722
21409
8526
42867
49815
35822
27053
46114
24365
13645
37988
45230
49622
24127
48456
12273
30733
36094
42136
54315
2514
14621
51415
12908
13921
11764
50232
27740
19744
3597
20636
29297
1346
38459
18644
10757
27847
19180
1565
28194
30552
22657
23109
6310
36009
22604
54637
47447
21305
5066
47820
17478
23545
52265
657
24291
36662
40616
41111
19191
24353
7089
19485
18252
50035
52828
37126
34018
52314
39552
25129
31222
12694
43821
19495
40204
37059
40594
28616
32271
8661
26516
44141
8175
5880
25986
34987
27609
39694
29420
46645
42731
4955
26779
11561
37734
44759
18913
40399
54580
30047
11723
10831
32340
12072
18731
53976
12553
17257
28109
44634
37427
17747
14087
8272
33253
36112
15989
41191
48628
5585
3680
41478
3013
24358
26945
43795
9936
22092
54269
53728
14689
6677
554
4539
9810
17033
46291
22030
11301
25630
38364
20167
47679
45755
14096
23543
18895
4134
23809
45630
21649
54617
30714
684
34047
18528
14029
12512
37751
9253
5844
6395
30177
8373
52549
36024
28778
522
46644
25074
13167
16745
30212
33448
33138
36431
34154
19111
9338
2843
28476
3130
37969
19916
33633
11521
12319
13459
660
53842
17508
17757
23212
4758
28915
3437
24760
30569
5410
4014
22203
9913
31740
45793
24099
1206
44035
13119
8509
14127
37408
31219
52709
19893
9886
39086
1045
28760
12321
2566
4517
6148
28460
23913
6742
31006
4334
22704
45293
20240
19253
46593
15687
39215
38772
30424
30419
1739
34247
32755
25527
43401
29027
11838
17843
27454
43178
43906
49421
4184
3069
51915
3463
44470
22707
47223
25717
18722
25855
49932
14299
11038
26074
28508
8394
20347
30887
23615
10047
27672
29544
19547
16330
22516
14315
30616
40835
32120
10600
50291
8179
15110
7860
8324
21249
31196
1472
16451
9465
13660
7207
15873
20341
32614
38361
41521
18445
26958
6987
21659
31142
31152
26395
36665
53845
32799
2899
38277
18037
19925
43867
654
16843
53610
20936
30559
41581
38074
25947
31959
1371
18234
42035
15099
3634
20069
41745
41601
49518
22744
2527
11463
34542
1214
17649
5811
5815
49356
34215
10982
43796
16898
44298
43611
433
53926
1997
1165
19472
28436
17965
271
15841
3158
34511
33335
29369
5203
8234
41334
17596
13270
16263
4151
3140
31914
46886
52462
49068
8517
30712
27818
39490
44108
26046
45398
21451
1539
1331
35635
11732
47745
45144
40187
52632
5362
8885
41522
8979
9288
2933
40174
14404
30380
17804
47887
15793
45526
1914
19880
34995
21448
20655
874
39277
34192
39342
10750
7556
33083
41518
16473
13102
39787
21979
12627
13730
35150
50276
26963
27528
50112
25404
52793
29858
19528
39531
38611
38503
48924
45379
29197
53906
29253
15605
23399
12369
43931
27869
44056
54495
39672
45257
13296
27106
46362
7198
23460
24744
46067
16597
40897
14250
53584
16394
43151
19345
5767
12062
51948
52505
39132
42275
47930
45291
51960
42474
37116
30224
42875
29375
11032
19809
47291
6350
14486
24407
30918
16114
54498
23758
50216
39912
5341
40262
6060
16383
35521
41862
50078
19441
38568
1209
3409
46547
46734
53825
23054
23490
35462
52973
19780
46617
8119
43628
4797
9215
17534
26807
36304
16191
33696
10344
17368
20929
41678
10775
3770
38531
29849
43720
25478
36910
49901
45408
23118
14279
15512
15875
22647
4534
25599
34840
36299
22228
25645
29105
31984
12183
26275
40695
3405
13646
26227
13621
9740
16031
53030
21994
5676
3294
30349
12974
50745
1063
42267
35375
26440
20424
33553
14754
47227
54597
28362
10085
54587
25336
2970
48811
7085
32909
40788
42728
6934
48068
36469
43507
25343
43083
53312
7179
19228
36712
46135
25695
41388
44731
54685
13252
15131
5504
43058
37251
40126
10958
17461
39867
37093
50010
54658
50085
6748
20470
5838
16274
18657
10733
27104
52274
36928
29521
27930
18144
32892
26814
3287
26345
33661
7944
1597
47492
10543
10169
48679
4414
18172
47279
47617
23235
7105
44821
5118
45120
495
21385
10547
37877
21599
7169
42817
12547
16348
1688
6377
11111
15574
10507
12237
3454
40078
35931
53366
41235
4455
29572
35705
13973
10753
15362
37760
31549
29444
17252
54418
54273
48469
10783
23604
53326
9455
22306
36506
30398
16922
17199
13810
17591
4867
43434
27620
40848
14867
22342
5718
22387
4198
2564
15732
37256
3386
9407
18866
15453
47824
10655
43871
6854
4445
308
13712
20274
22504
34497
27072
13975
8030
14412
41282
45964
33704
2053
16290
49838
42937
25738
33473
10991
44068
12941
45815
13818
40712
30470
8651
29709
23472
26760
17522
32677
53125
52262
4364
24918
44974
26267
44858
15893
13616
15571
54703
23074
4878
48785
24911
11528
295
48460
38591
3995
35893
5685
16870
29041
24556
47355
44424
9656
17449
5375
24886
36630
7641
5489
33228
14915
45643
36483
28963
31907
34895
31069
12467
27397
44790
49445
46778
26197
54236
14515
22073
51834
6343
40464
44878
46145
44337
14577
10218
43681
30607
9654
14977
3215
11287
28329
51521
24591
24960
36923
23801
11735
49066
48698
34003
35862
32609
3773
50481
6419
5471
21759
19502
15081
28692
692
11917
3047
36019
29868
54221
19013
21920
18353
19442
52586
51172
53607
9675
19043
42122
44582
10374
22570
51019
6949
4269
38426
43740
23836
50054
31480
13858
33653
3956
37393
52387
51535
51316
26337
30899
37483
43339
12393
6645
9595
16507
37212
34465
52173
27143
27789
204
35652
49043
34569
23727
38442
21276
26198
31100
25360
15562
4239
26610
9559
39178
29622
20366
41918
14745
53570
24132
49577
43022
188
33998
18758
51366
744
44775
26409
15039
25602
20855
25103
17635
35137
28402
21740
52733
39463
14481
44168
26536
3193
36869
53141
3292
16599
25807
53517
45363
30989
12506
3171
54043
48409
17888
1256
21681
3208
24676
17562
47413
2248
11143
34198
42546
9856
14719
51741
25082
6462
40231
9231
41112
42851
25729
11356
16402
1332
2388
52460
4038
12148
37166
18101
41434
6429
35685
32570
29747
53653
7931
21510
51784
50919
38547
614
22514
6733
51196
36987
17378
35381
1679
3267
28996
49651
17059
7342
24796
3092
23449
39460
2594
16357
20949
53172
41190
47122
49216
39049
5231
3353
4352
35382
26212
7398
27824
10332
34646
9312
27149
4060
28061
26586
37319
2572
46601
39652
40889
9771
30895
33775
39962
27194
1594
20820
47517
14702
6922
39640
34338
4048
41219
41101
971
24277
19791
52613
37823
25451
24711
15968
52123
20185
7561
43089
11926
9258
42346
49560
21577
46536
12029
22561
53066
33699
35413
10612
26775
52641
47178
28951
53663
36034
4255
48027
49971
15422
2338
30101
18041
46443
11961
21441
20626
21357
37307
18259
16861
19770
38183
37977
51381
47020
41631
10604
11214
47169
2623
8199
54234
37350
27862
2644
24582
12608
8419
10367
36752
30272
32843
50618
47993
50345
9556
52678
19792
54050
512
10577
2682
24111
23069
46503
5480
40136
33933
45437
45697
35052
38725
10776
54570
29439
9282
51226
39253
15384
44428
51816
51206
52715
10244
7028
40783
50263
39530
11992
30656
20105
48264
36075
13263
33425
34409
50060
29151
413
9116
7690
1568
53893
15676
47278
17592
40718
44246
5528
38674
4515
10701
29534
45403
44311
5015
33943
51088
23677
17054
16665
29591
33725
13362
25170
54165
43602
13898
35360
18838
3515
5136
31582
6394
1124
17865
3969
10279
49489
8878
35348
14252
11794
50631
4947
12144
642
1832
19879
576
33650
47965
30944
52856
45636
21769
7674
31847
38835
24672
35175
10230
565
34925
45919
4813
39245
16527
22499
46855
50283
26059
11454
15768
15415
44281
44982
43124
40530
43332
53179
38340
22736
21253
40123
1783
6603
38261
23576
38553
49976
52510
36167
17154
2469
51984
31285
1875
14113
53214
25568
30875
18590
13013
48790
32905
19520
8151
42018
4785
20434
14712
50742
21874
19493
10856
22990
41994
52796
10033
38629
36504
38946
11087
19348
33389
956
3139
53155
37990
19850
47837
46799
22161
20727
31770
8160
46780
10871
2136
9397
21467
36731
47041
44769
28622
49503
46600
52762
41712
19814
44445
37975
46590
25211
24789
14691
44506
42492
35878
14798
49853
2161
35146
50885
28707
17216
37612
18525
11208
51104
4065
34204
2876
33048
33458
24517
33116
28943
3337
23222
16485
26379
21868
47485
10023
48610
22817
50538
23571
8308
20649
14019
21078
40118
42437
6050
14023
41703
34331
49960
42186
15558
13413
45817
25459
35811
4247
5020
31344
9823
37558
1942
41812
37858
21320
49663
16899
14770
13705
25413
26889
24788
26202
4385
5315
42459
9375
37459
19826
54677
32735
34956
51661
20864
18009
2205
37445
45789
31924
33317
1582
368
27079
7692
40809
28040
35309
44181
49590
6971
14836
22621
24275
16411
39931
41857
33143
42648
136
45754
17101
23301
52799
21217
19689
29928
52559
14976
15946
24694
5807
3537
50491
50006
34361
5384
10997
3661
10830
8953
9629
7114
34549
16851
7452
26646
5128
26567
8230
13310
16727
42740
9011
40593
6142
7534
11054
49377
52743
17834
12896
53302
2788
22923
20794
50247
45546
4575
24101
36417
31493
13436
35194
19739
17145
31719
33495
5978
8787
10198
25477
53859
8278
12151
4991
13019
41990
27048
22803
30391
23955
22332
25551
42947
50531
2772
1727
19214
341
52871
15752
29367
16934
7465
50012
27403
10791
54295
33599
13379
28179
11393
34006
34506
25563
36329
5416
26995
34728
13748
33870
22948
21908
16645
15925
3223
34905
52930
33029
29729
44515
44646
842
32055
51467
19476
548
2377
37382
49100
19150
46869
23908
23943
26968
37568
26424
40703
44735
38100
50191
12188
51133
2282
10182
8493
48382
29185
45933
24430
54150
16939
40676
38093
2153
12822
10383
36769
29837
35784
28922
37791
29286
10951
35879
39407
1
14883
33368
39015
36561
29561
47795
8841
21113
34510
21419
19932
15057
2802
3120
26033
36475
54012
13403
30819
12141
31158
15004
13340
24195
8860
50092
33478
34124
15088
40267
19081
42000
42710
30866
13843
35704
30128
33022
3735
40138
12987
36527
54204
43998
5406
38590
709
7456
29942
39723
33362
4937
13462
38971
1400
46311
22545
47959
11488
46521
23051
21634
26943
48654
33568
38231
50980
52086
12711
42745
30342
37778
29787
43162
13037
15364
8041
10808
9906
54226
35889
45732
3763
16276
6572
41717
21191
50648
22404
1920
27710
2509
43314
53362
20375
4357
51601
47281
26295
31933
22270
38133
38765
26021
11411
14869
3366
49676
51768
21311
17423
38316
45375
46299
11566
40599
45621
48702
46081
5822
676
21582
5068
22999
7663
22601
49683
45666
23947
7953
34147
46889
21327
20516
53700
5298
47602
45642
6106
30698
12103
4557
47299
6141
32209
49116
46656
20080
53712
11850
39057
6717
53811
17464
38555
29978
44291
38374
41254
29838
25994
39612
50553
21986
46933
13582
34403
50429
54195
18490
1301
26106
12267
48337
5446
44564
25835
22578
26711
26902
32791
46370
17493
10252
32668
46942
49986
44889
25578
17988
50939
53404
3104
17970
14353
39876
27737
13299
46277
25391
27376
49070
42600
31457
51042
41368
33205
18830
25151
31550
25122
15830
51681
34491
7607
20974
49096
50515
33440
6784
39740
20153
19550
28049
46572
317
46876
5593
52126
4266
43306
51596
26253
27643
39768
45012
31322
51485
19510
10015
53490
29578
36001
32787
11668
33071
16340
6943
28773
22120
28787
36425
24462
1293
8035
42719
8539
29712
53331
1067
1266
5986
32686
24114
44066
23876
48730
14590
25726
49822
28475
27276