17334
33160
24276
28161
51861
53021
6599
2833
53426
47505
32537
4034
36705
20305
24182
12003
50979
50130
23762
30620
31581
37455
20374
41917
30891
5411
42335
16279
35835
38368
32663
15538
26905
17324
11703
14728
31255
43455
19402
16733
17370
38276
24816
40917
46987
49643
44255
13149
26043
24857
32767
40091
27675
23694
21705
23497
37681
48603
44227
26826
20442
48520
43826
18191
20782
4650
5648
13598
40081
30278
14827
33370
44790
31684
4547
36815
17236
20739
46764
48942
14299
21739
28110
36101
2081
31745
13429
43148
43308
32136
16049
32795
25108
50444
24401
27569
32452
54390
8983
16231
30723
1334
7819
22878
38716
40525
10556
34182
12522
44120
4996
8371
36302
28827
8877
5257
28286
14468
51910
19262
380
5593
43564
21279
41751
42486
28677
29073
26739
29042
6726
12304
49980
18801
18011
21300
10933
51828
32127
52439
30456
3312
9097
42235
40737
4419
42529
14235
50230
43219
40927
36386
3957
47431
42834
26968
40392
10368
9255
6707
32180
45241
53681
560
12900
23463
2210
25021
48693
5650
48785
15750
27174
8232
17930
31174
10821
15584
17911
11301
34104
38980
20984
4022
52024
50722
31332
31756
49102
34188
5207
35502
32435
38923
47963
46461
53898
17839
43291
16842
997
471
43059
32969
17595
43673
14264
54233
21453
52189
4787
12618
15577
27372
46992
14364
47492
3959
18939
18142
30188
40323
43508
24827
36194
48048
18377
48769
46132
40780
31103
23192
22182
28002
47578
19126
21509
15347
25319
53031
1600
7702
28428
37705
31207
11134
44539
19095
21485
4836
32227
10853
17524
23851
38757
16262
21494
21890
48189
47869
25045
48808
15987
1590
22992
15367
13109
22965
53638
46486
30032
16275
26544
35522
34121
13837
52584
35356
39932
32458
23902
6174
39574
34764
53378
33010
38229
10460
4049
30518
25653
40570
54600
22539
16062
37429
43071
50114
1018
3137
10505
38468
33563
38379
8817
15475
48513
45199
7891
10801
35040
48154
9106
51767
35758
54738
10042
7680
53841
3329
24588
39875
44910
52608
51185
29344
17249
37910
33285
35220
39760
13638
12587
19689
12281
30851
27657
35526
51423
32842
5714
34294
17151
27020
956
35997
50263
36958
40004
45584
41889
5635
40011
51639
28330
44425
54084
19265
52834
7362
17538
47727
39849
38120
27518
27539
39310
41944
52863
39613
54266
2474
37034
45213
43351
34900
32822
12665
53383
48929
3080
52633
46701
50123
53022
17820
33628
50899
3136
53587
325
19748
30943
49830
24114
43815
15017
53394
16586
34066
23031
35265
1536
53885
32608
19715
31247
22345
46133
19475
28973
481
46378
43908
2720
39948
18333
53563
33046
23079
13544
50117
49458
38087
21174
6202
38629
53499
26778
47942
22581
3551
46442
47626
30359
7278
4510
36337
46628
39143
8522
17350
18447
13297
22722
36153
50676
39713
16520
50778
42192
39055
41683
41796
37779
52566
33529
30801
166
54637
51999
33833
14423
34560
37860
21946
41556
33782
7199
24286
51898
19831
21210
54639
42924
32586
17617
53358
23398
32466
14144
4737
1628
28462
18660
38703
2894
23841
12445
11294
37492
45464
31973
40332
13620
29070
33895
19077
31888
10622
43829
30109
35687
19114
41692
39015
28036
47328
28752
5216
40855
24107
2582
33114
54028
46770
35500
1944
45106
13113
39435
25544
24171
23234
54645
37965
43130
50760
35010
14898
9600
7059
29340
33856
42700
43029
17981
47672
36091
27661
44045
31435
10833
32926
26024
49443
18216
48209
36913
39418
18408
4971
1614
17984
36531
17061
54183
17127
39176
5698
30435
17295
49858
29828
16389
35049
17466
27942
6877
39351
3505
24802
26394
12092
50128
29687
19421
13321
44820
6081
28542
39447
43964
17830
26698
18398
24888
2127
28763
3146
49063
41967
34567
29547
35067
20965
2920
26403
22955
18406
53303
45079
50336
37151
12295
31696
10649
18921
10153
33643
31376
23448
12873
33144
43982
36179
33346
44647
13067
7855
5326
33228
6602
50351
23948
20616
10925
11821
10919
4295
29132
28498
50755
46837
33417
24313
46256
4724
36598
4283
20863
1769
24329
43384
18597
8491
53752
16964
52390
12983
4764
30676
21878
51160
42743
46729
592
39211
41744
19029
20151
35451
19587
14361
37057
23928
48767
39042
12759
29998
22936
23504
10972
17071
7845
20057
34374
34254
33062
35153
36713
2256
28518
34979
11466
30321
48824
28270
24558
46405
38572
48448
27716
48005
8783
42096
9559
54394
13502
51468
50424
13418
18912
30375
33326
21083
52825
46397
28631
26972
33569
38017
26624
27350
12435
39914
53157
17565
31669
15778
54024
53335
15248
39680
37751
27772
45192
27781
53971
25848
6108
48926
6185
27154
31770
6945
7998
4280
34207
11933
39080
52738
52781
53205
10186
18760
27766
4712
42742
22461
6920
34293
54139
24815
37955
45365
33032
44982
23838
28930
45993
4303
7534
44813
26742
50541
201
33927
7084
8647
28105
27290
48477
901
12030
53735
47441
42382
6413
19466
9424
52684
42399
52401
38813
48751
11021
50834
52432
20246
54613
32014
28384
20906
37570
33388
48145
52246
31298
20262
25284
44412
5977
19036
50975
24776
54589
17364
36163
47307
27185
37285
32531
12065
32477
25117
41212
39227
28084
30197
13011
46917
50759
242
25406
40116
7979
8513
45207
44705
15082
1797
29332
8086
20502
32465
25899
39769
27520
6069
6749
10891
32674
53772
54662
19934
50501
2059
36777
12331
17585
48018
915
45391
45575
16441
7638
45097
34686
23154
49801
7809
35551
46095
30276
40223
39072
11407
24835
14166
15898
7864
30225
47195
9577
38833
6892
49266
53569
32001
37406
42862
32258
49129
44912
39292
39934
37299
45036
9496
44112
15615
33592
38898
37305
53586
23737
48514
50405
15872
49899
15492
22315
6910
11923
52297
37279
26401
22887
25009
43652
14320
14443
18175
7484
51712
41386
51681
28342
29014
2660
53959
22618
25863
47842
13711
14612
46611
33410
42906
10434
18072
23455
41068
47110
3842
12069
11582
48681
52028
15272
43592
23172
27864
24549
29949
36968
34509
25887
48286
54661
43878
1107
11231
38349
2869
14657
12089
8914
32802
12149
5812
4287
20981
39857
1607
48590
40480
43304
38135
35709
18906
46650
47527
17418
49108
26436
17969
17504
11990
52869
43281
46857
13001
7922
32601
22595
30848
1953
28962
10197
24078
25495
48954
46982
27347
40497
44943
52657
53311
32444
13682
32026
12406
1259
21604
23111
21994
11853
5164
53999
16067
27705
37474
16154
48348
54496
32852
14120
42296
50326
7790
27425
25355
1216
145
41673
44542
24906
6827
53620
33577
34080
350
50730
34355
52981
10349
40260
13674
5063
378
16809
10298
8870
52312
45375
28533
20872
48627
34461
45527
2108
29167
49277
47677
5660
34797
47421
3179
33450
47654
44218
1272
6275
34113
47066
19813
7065
49573
2685
43587
44065
9677
50196
41783
45926
40618
43980
37121
5190
39279
16912
31046
9898
22772
42725
37837
38008
44689
43187
46235
49926
49409
12674
40346
6146
5266
28340
6912
49191
578
26232
52425
3000
37055
12327
20930
23691
1375
252
53603
51769
45880
43985
14158
53791
20936
52202
44488
48364
24057
18427
52045
13703
48902
53931
50278
47760
38232
40306
6258
29526
27731
21669
53992
3653
7516
51969
37443
3730
35009
29299
53085
41604
22252
24768
36110
52353
38211
31366
52699
40976
30699
12781
12298
40052
39720
52254
20048
16599
39153
43318
621
27386
14918
29983
44934
43296
11721
45919
41460
28622
51694
3196
51451
27068
54504
51316
24977
5264
35557
23577
9694
47661
37157
39243
19702
2178
16405
6211
24897
10726
30541
9243
24303
41372
223
54240
19567
32384
28897
52035
9448
42845
13723
13949
26961
29973
50311
16512
52541
12098
12270
16672
31928
16879
28106
13803
53878
17777
25347
21698
53445
2400
13408
38310
22132
9471
39795
25620
16591
39059
53218
30376
41710
3036
19793
12285
29506
48889
31855
54278
37174
47172
37364
51690
19183
33302
20850
49629
8668
27227
51130
22977
8861
42907
41631
30693
43921
21840
23628
42638
9264
45534
31806
22007
31135
44694
28167
35237
5965
54064
52142
34235
33677
30438
48136
48540
18794
11747
30104
6348
30524
15469
53456
46935
43171
33863
35718
18671
19014
42288
21660
14023
52561
38090
32202
43939
33538
24136
33168
49915
20622
32320
26806
52152
45122
19024
5325
9180
1002
46542
26847
2286
14309
19837
54283
9087
44420
2653
46037
51847
53697
41866
10881
23301
49759
31530
6224
20252
42122
47416
27315
14756
5390
28134
45654
15886
52728
1871
43975
4479
16243
38809
50360
10192
22569
18372
38471
51927
19209
18367
24531
9962
27036
48043
28488
16206
11184
22921
42456
6860
42662
27787
32037
43227
19305
16560
28362
20744
9238
34472
54245
40427
30668
49624
5946
27899
4885
44437
49145
28771
54644
21317
28104
32268
42446
1315
41265
42870
42964
31519
24404
16413
25743
17230
2327
24964
47612
17810
53263
48672
21039
33353
30041
39729
53185
40747
44204
49595
48647
34708
28072
49691
35988
39165
33808
1003
21280
23518
34055
7274
30910
6659
2978
10690
2716
32387
54364
42041
5275
54103
3687
33690
36454
52239
45771
37229
37396
23488
3587
28419
1037
34026
50866
10304
20179
49532
47475
45113
9074
47649
46484
13925
3895
3833
39027
7646
23066
180
33527
54694
53051
5508
49717
48975
11484
24600
48912
14148
16346
46943
54748
21476
52008
46058
44582
20916
48882
46105
36787
23424
25427
39718
28574
50185
11103
1863
443
20671
21026
15819
41662
43164
10235
19611
52850
25130
34150
29761
19984
27572
39785
32805
9357
32165
20247
6611
33113
1562
24631
42273
49299
23942
1634
31996
51732
43889
52004
52170
37931
73
52596
1194
17924
46267
8993
53096
53056
13572
36278
44134
42403
40658
14095
53674
24099
6859
46142
32163
38143
53805
751
193
47406
436
10750
1444
44361
20822
37639
28232
45462
12966
15321
8693
19996
48410
47518
23251
54458
24748
53142
39339
7002
8103
44914
48543
23705
17801
41261
36055
42901
8439
41355
32984
30644
46150
31203
10698
23179
4496
26760
14192
18549
1541
12404
12082
46614
33364
40348
10882
13392
8420
8062
21576
38433
50807
14837
21934
45639
53420
25376
49522
3417
35615
46336
25500
38460
39186
51098
48654
31320
28026
19250
43367
29363
53911
36464
8855
54512
25453
51846
45645
46545
6437
11256
29541
14999
7394
53406
37397
26245
53591
4227
52923
29092
2568
30089
10709
52758
30204
14680
51074
21491
43609
28849
11826
53172
48300
38442
15725
47836
1175
22175
32213
10024
25386
40167
51551
31522
24914
8130
53852
8458
33977
34969
13464
21254
9199
15569
43520
38044
19325
40025
37522
28838
53642
19644
21826
48511
2870
38092
1433
36642
34485
45269
43906
5667
10964
39021
17340
6425
4768
34646
33191
4814
28154
26559
28712
40923
39989
7049
32832
44410
1907
39756
7553
3076
26553
23211
47982
35330
52885
53133
5141
40142
39509
19969
4586
46506
36645
20717
8605
1710
19981
47470
41927
38940
4640
16327
32980
24474
53984
19401
40664
16116
1858
33945
24849
12718
8720
39289
45911
35386
45855
42988
14641
23592
46121
9958
36748
3921
34835
16019
44000
47855
33587
6733
38994
17798
21512
11412
20206
7482
43222
35362
30475
37793
23311
21347
51933
40107
28035
46557
7121
29153
38792
48056
52651
54302
51348
15019
45481
13474
18282
50203
42761
37896
7826
20589
36928
27949
31947
39697
51662
28308
36423
48026
10588
23637
31979
17571
45687
20089
10533
32797
52709
37770
13524
19483
32871
17448
5850
19169
4989
34795
44780
46762
42913
26180
18112
25962
46181
52361
22205
209
30288
32239
30714
20457
11772
41888
49242
54627
24423
35145
51052
42632
33511
30948
12348
44231
39025
45474
36987
1779
23348
38091
2124
12234
21151
29847
38865
52120
46028
33951
43503
50641
15209
54727
17708
22521
39460
6103
22786
38954
36557
42469
31793
54411
37347
30760
2634
9584
16862
24320
54346
1355
30771
11147
17789
15134
25585
33445
45087
29992
12824
48731
898
21690
39738
41030
54129
11980
44611
42690
27833
19882
3303
43774
16737
45769
12907
38726
15108
40185
5463
26603
16277
17120
53038
30860
37823
33821
808
43022
5274
32149
37108
5969
48485
1187
6
48772
31639
50383
17100
34180
2277
50177
500
32294
46368
21530
19673
2957
31011
47829
9636
38902
40324
53115
10802
13589
42973
831
8162
11846
13738
38340
19622
18200
30532
32891
38917
23854
45349
45371
35389
32419
34915
9859
42046
46482
32138
49231
30841
42413
16647
53033
34353
52160
27534
54148
44511
26676
38113
29819
51802
22837
43573
32889
2396
38513
33466
48333
10029
50346
48281
15348
53746
39591
4594
9328
44153
46502
30415
46059
49998
28414
49690
48749
5184
28119
42756
50373
41663
7301
42615
11002
12692
50814
1972
34348
34168
32051
42747
15466
17999
33749
17372
5166
13308
35602
18972
17884
31070
50019
40689
6799
14540
30924
48918
32811
29168
40645
21728
39711
23718
41123
43391
42086
7383
47027
32614
52282
21419
47238
23148
11345
6518
4321
28383
46623
99
31631
15542
14737
28024
6396
23433
17687
7158
38678
22335
43793
34340
13399
6417
24091
54518
18721
798
45844
664
41949
13029
10596
12702
41771
16157
20730
45763
34544
5957
6428
14602
42385
27476
21081
24364
44712
53435
17723
21919
40854
40040
6710
53701
28079
31351
7077
5436
16531
35655
51053
29755
45416
52
34650
13858
31136
27710
50000
50670
39119
53830
15909
12832
6887
48707
1883
50318
45684
21370
35219
17050
9927
42172
19053
28240
35488
16754
42004
45745
22373
9971
10675
24267
10137
21010
46831
40882
54234
28905
6557
21497
3927
21804
43204
43137
10901
21532
48393
15191
16265
51015
40045
29142
39979
46659
27444
49892
18663
44178
31551
46642
10097
846
36292
50035
29125
46781
34680
39308
48815
22291
38981
9510
27685
13838
20390
5875
8449
21458
53797
5824
26519
8090
49823
53214
11963
17430
30641
17455
3294
32513
16373
29749
32327
10102
39802
23221
11286
39317
34051
45545
29589
21185
23289
4041
53663
32154
20536
45311
30272
5186
34741
26842
5735
6964
52688
39296
27398
12541
30717
41228
37022
12475
28164
16201
2559
29082
15600
18693
25629
19582
943
51745
44591
8496
47993
6848
24616
33915
11987
29046
12912
12416
5370
42999
14836
1746
7011
450
8724
44208
40874
23353
54421
54303
45282
13304
6852
22999
33199
48944
13337
43052
1454
13753
30730
20760
43398
39251
24645
11617
28840
32580
6114
15994
50445
49180
12368
41001
8399
35312
47914
42671
12631
18029
25712
35273
18289
49005
12649
27365
52198
17439
23887
52459
2772
12933
49543
15684
30367
30563
22100
25454
3948
46246
36586
4673
19918
30749
19349
33481
19986
32025
43339
36259
12728
50901
31160
52426
50113
12539
25641
27288
54761
5505
11863
1624
5896
4856
46434
27120
14979
16609
48433
20133
38457
6664
11178
47999
27887
18100
36951
29732
15073
17021
52532
27912
26855
10613
53077
16578
22599
52054
7754
21270
52805
10781
6024
26636
50923
45497
54038
11446
44314
30128
32562
41555
45884
16521
38222
37069
3915
20533
21834
1526
30469
29952
32393
1442
23652
22705
15288
5314
53114
49372
39398
51240
19865
8034
49886
27747
18698
51532
24738
54330
3116
52453
54666
4488
48640
37891
23188
52399
12362
44623
37508
44298
41827
24998
38588
33711
30209
39366
16613
39104
22333
25460
48661
34569
35925
2407
16684
37794
12047
15952
8946
53368
13198
1860
48033
14582
837
14087
49999
13715
15311
19389
47183
45289
18059
28464
51725
45180
19960
30800
19725
6961
16404
5477
5348
50239
33608
49772
51482
54021
15338
38220
26628
50393
33976
45516
33901
45466
30161
106
37692
30679
35250
25646
18576
53616
8033
16090
40017
48859
4637
31153
24758
26265
21200
15205
22439
29746
20040
40415
31446
19057
23927
36021
19437
33879
14973
51737
46758
10228
31487
10088
28338
1763
51763
14889
36767
29212
7667
5604
15187
5914
42324
32308
45046
7456
14108
45431
27498
40448
31356
21929
23605
27587
21701
18985
23165
45114
23973
33506
432
14693
21135
35323
19677
40047
29454
48459
40521
9638
5332
40454
13372
33151
25950
2906
23558
52753
29931
30460
37565
20726
34057
9191
47826
24037
2697
41687
38321
42472
35174
8148
13693
50029
8430
49637
34854
49261
47984
37232
11727
21503
38730
42874
46345
19630
39864
31749
25123
508
46551
22089
15971
30393
33250
31526
13605
20173
42946
46014
49662
3741
33668
38562
20837
10635
45303
9340
26706
34754
11350
20298
54095
25338
21566
10046
1285
3648
45810
26070
39256
47948
23088
44763
13476
28291
7263
39839
30120
35996
22760
1824
52510
17537
44850
46103
12586
1043
26812
14799
18471
680
39371
31988
1834
41900
51191
27045
52816
54388
39708
20214
36697
687
27058
22968
6601
30903
21673
4304
29939
47335
15640
9872
49162
16365
30811
5525
48469
23777
5324
44187
54542
39485
53707
50474
7245
19235
32884
15375
20991
39470
43745
20897
28503
53595
53861
43154
53858
37915
4558
49663
28648
23772
26515
28724
54342
1115
31765
7332
54006
28606
39188
8787
38346
42305
25416
51250
39748
23820
43932
54407
42205
40581
34679
38445
17422
48098
15991
18304
52562
29162
9489
50063
50749
50193
22447
32641
21930
47703
30232
17225
26473
48783
24253
25908
12547
46514
15552
9010
51987
41099
54467
43501
7526
20569
27435
17040
23292
9224
40556
32504
11288
11074
25115
8256
29399
50551
339
37140
20697
14640
44088
14480
25943
40660
51812
54224
30365
50161
25309
45297
6404
35417
16107
24309
34252
23051
3288
53997
21407
24933
35510
52937
30179
19823
4002
34019
50734
18230
26459
22503
18343
60
49849
49416
43839
45742
43704
8504
8223
53910
25062
28352
22200
11417
10811
22894
35973
47276
1845
30762
14209
5151
10117
4309
6729
36475
30409
39803
21315
33888
27666
28612
18132
45212
15446
20750
50505
12048
6097
18601
25801
46954
29018
40768
21351
24023
51431
51343
4867
52215
49706
28588
396
7126
29968
3849
4381
34297
32722
7724
22155
32751
36215
29906
7235
54646
14400
48227
38766
34610
33946
1990
33042
37595
35901
13316
5619
27092
32369
51066
16641
22224
11232
14205
24005
49909
24609
29872
50746
49780
10949
8924
52321
31724
48608
28126
22092
7110
9318
47015
53348
28454
540
20685
865
881
21442
41525
35780
50485
13140
17369
53512
26118
45709
29220
42619
24163
39533
41087
51687
35192
14513
54262
40220
15985
42079
21098
5494
40077
32188
43546
11112
22146
36048
37145
29187
45231
48863
5307
8355
38682
42576
8546
26490
45783
2860
2665
39497
36240
30052
10081
26873
28950
17624
53010
43618
41332
37586
44246
40514
6702
24512
40439
32901
4604
27937
49715
26344
44014
40400
21138
5747
38936
9522
42175
52967
14991
12279
5235
23135
6127
37341
39892
54405
34822
44839
10243
44037
53299
9415
16146
29257
33600
1062
28478
43870
11027
46976
30186
34426
23454
44407
34519
1246
45922
27200
53171
36702
51008
50833
142
51223
4193
32019
34814
16691
35770
1651
25652
42016
45865
16871
9120
34582
26797
9373
9703
10946
49864
2592
25521
31601
53650
40403
519
6533
43942
21987
51374
22914
30116
11310
45612
23983
37399
31627
28909
41890
29938
30859
15862
15766
15773
42106
36392
16123
26099
50302
1365
50914
37876
30156
54198
1573
47507
42606
46355
36624
23201
20790
19124
35548
23362
26208
15740
40876
11549
11065
31277
25979
27828
32713
18539
6310
53739
6380
22762
14908
37736
46888
8245
25581
54789
7744
33556
30521
36576
45720
52988
10991
43476
4953
9530
36566
47211
2137
2509
12038
49322
48288
24713
31513
23339
16029
38197
46789
10733
25988
9284
10743
37500
51325
36538
17199
36600
16893
43915
26835
14661
31289
49089
17109
35888
31045
40518
8310
5528
2443
4435
52974
39519
19394
40873
13400
39476
2381
6372
5018
12793
44652
36284
44601
44447
37820
40158
30385
30458
48505
28411
7179
35760
24598
18824
36734
16998
37247
3254
51113
38078
52301
11553
15008
10320
34895
20926
15823
34440
3987
21398
52234
53489
42820
8395
1873
14404
4077
16078
52629
15848
14717
35437
39867
7936
12068
39410
38964
30412
49313
51962
15833
38208
50624
44373
48444
37538
2366
45998
30894
42422
38870
16063
50905
12957
5844
616
50618
6714
37184
23275
19873
2348
13044
53922
34311
13168
28732
8710
31473
25728
11225
45811
5928
14219
49519
9572
43295
46359
21769
15242
52914
13403
32768
22562
37046
52871
28222
5790
42696
51383
10052
26202
17161
41243
38167
12767
41
27416
28925
54571
26157
25452
22063
40137
33795
2365
22834
3604
47905
10890
12769
41546
34041
39133
9865
579
23568
24047
50061
43636
15099
4611
22431
31102
20462
1247
43602
22399
7947
17650
13020
45398
22495
5556
11566
37804
22929
44642
44699
12894
35198
17217
9399
39324
8290
22752
12519
52725
6049
12482
24260
41955
14351
32783
19618
40824
19155
44544
53131
51519
48714
14251
39898
35035
26375
15502
10066
43195
3781
2483
32469
18616
36994
7807
10313
50027
9990
52675
50894
21122
16311
46169
26081
50269
6220
12633
1101
45505
13126
41271
38260
15050
45104
28348
6430
3623
9391
8563
15617
48565
42828
26528
10255
51888
21779
44777
46247
49202
53629
29246
17654
5281
54229
47787
29606
7099
35893
4476
36824
45734
21881
27968
53518
37054
14816
45420
10654
44334
25181
12352
36203
47092
47005
50419
4574
51697
33526
30053
11199
35468
31235
4131
29537
41736
20639
51168
11984
47084
17187
3756
10180
50493
40214
50910
12013
13338
51463
415
52840
11394
41675
6513
35348
15792
2603
33309
13083
10680
38946
7546
19834
44019
46292
2928
51332
33702
7415
20143
31164
21896
23059
15418
17008
39304
39198
34223
9135
35280
45134
24466
51467
34866
12452
14174
35636
19382
50105
51644
18220
18182
48320
5922
15923
4253
39598
5428
26209
33620
14336
44867
11935
19274
1279
29354
26983
37548
40551
24124
39553
30240
39825
23434
5466
10889
29554
44731
48716
34143
23600
38825
12733
3067
33735
530
32958
323
36701
45803
4305
36670
6207
9043
36988
10700
15697
52242
18249
27528
34825
28739
5907
18082
727
21977
30094
22265
3576
32430
39332
40937
42471
41478
18893
6823
41002
16434
53328
47935
40384
37677
33539
44472
1085
52167
30791
20282
14134
22826
24288
36608
13897
12193
52370
1464
15455
47303
37448
40730
9308
19842
47622
51940
42710
2810
25839
14497
19377
41285
50600
7030
35939
49731
17383
39908
40632
19409
35107
39439
9232
35208
37358
37024
8768
17581
34608
22645
34392
54710
19658
46214
21361
14787
26007
14692
52317
15416
46740
53188
40135
692
10938
10057
38105
22547
26054
26531
31577
48274
21249
10900
41597
36432
37688
52177
28665
21762
37011
44708
54757
26714
44571
31358
12504
49718
260
38772
10993
41138
35102
15646
4263
44784
51591
33471
30269
51013
1632
45641
50824
9316
49378
35296
45597
8700
38697
13966
4359
25931
27193
5448
32410
217
3885
34561
51273
304
54013
16943
12577
17231
36691
50609
33135
6899
23142
3132
20841
27233
36957
10720
3160
47585
51635
52276
763
44659
26781
43310
48896
41254
41849
41041
12976
40532
23581
49041
934
12684
6029
31260
22656
53607
25260
50692
26950
9479
51336
44927
12321
51599
47380
45793
52271
50752
31441
20280
30182
22332
1414
11008
850
42629
3771
51025
38280
25536
46436
46017
43449
31464
24410
18673
14773
3528
10209
40701
48435
25072
44715
29277
40892
9588
5168
52350
29271
35409
13599
54070
29724
8150
3649
40997
31565
7734
10796
36936
49270
17659
34740
8547
45011
368
15161
15876
15662
4331
35813
3493
44556
48849
8024
47682
13810
16900
19295
17550
13103
34729
49699
27908
38979
21140
25356
27477
20594
13282
3976
21195
9129
33360
51632
49602
39666
40542
20335
3492
27292
50605
41691
5901
50634
2880
1833
47958
42112
14965
10355
30108
12888
45587
48541
17462
9767
34861
13295
20083
52899
43374
54714
35148
39689
38847
18044
19803
2357
39
53322
50879
588
19462
24393
16383
35681
49358
20507
45002
40191
9660
52376
23218
27479
23618
26480
12340
17279
3823
37270
28201
127
49616
42395
35725
3001
31650
17016
32102
45853
54439
44079
50568
48560
5680
46755
47687
11573
2162
4379
15198
36268
2728
136
4067
24477
36006
19165
35446
50199
54168
46210
18630
45280
13301
3515
29911
29602
24800
22985
48702
6314
13237
12200
51433
19575
31327
43473
36333
43400
7622
36190
42306
17024
27002
13498
38139
41596
18363
28718
16744
51779
13342
50560
3662
50071
1474
37722
4214
44512
36537
45348
43368
31686
3389
40482
27331
26955
20362
19899
1076
43952
27296
23472
51176
27169
26364
54315
38257
2617
51541
38367
7897
31916
44819
3189
20183
15799
11148
44632
42226
8838
20000
51610
29203
11781
31503
31463
52122
51407
9473
10387
11973
36758
7420
9670
44017
24568
40947
21816
20343
26613
1688
35958
26038
47734
16471
34229
26591
40282
41586
50525
1125
49119
53207
25189
51081
15436
37672
32361
20581
14101
49842
49832
46700
22455
4167
5618
29631
1268
27102
44665
19670
40546
32247
39393
50698
23650
9457
39833
42772
25834
17579
47798
7513
28245
36901
6002
49777
15060
48803
10661
23999
51201
10213
15933
1896
40705
41459
35357
39235
11646
33827
25680
8722
2762
25472
52501
28775
41169
35019
45152
48257
16176
27027
31523
24848
18668
35751
51953
13943
25289
21968
2627
50632
25944
25489
30580
50168
6763
18865
19446
5057
11669
54308
44238
33710
31389
45829
17854
20509
27395
20769
37578
34903
53253
47550
31656
30613
18740
22074
39218
46192
36378
52325
48120
15147
2291
27199
44455
6150
20351
15150
49346
2199
3043
38737
13374
30071
5379
34694
5116
53657
30044
2752
28509
51011
22816
4451
35742
36662
34005
33242
44787
2643
48723
30311
33209
673
42839
45699
49496
9519
5893
33919
52448
42569
24569
25155
13975
25394
2250
4535
4652
47288
9188
31196
36983
41803
21218
33350
11913
13064
25437
34216
36889
51676
24580
22662
3690
22158
45129
24987
4181
16889
25761
23640
49541
48553
12598
53442
38799
23030
49267
16623
26029
3830
31005
15810
6778
26078
16305
11979
42140
34875
50432
29325
13624
30662
52078
54322
46287
40100
25688
7480
9143
15619
23416
34919
6583
19347
40008
10863
8085
16491
4312
22424
15704
2851
54106
30152
40471
4624
4833
29432
38196
5476
43279
11291
34248
20327
23761
12442
42752
12049
6384
44295
28815
20122
3345
42042
4671
37050
31227
40561
3657
15962
51793
54204
21750
7021
13075
3445
18455
47150
48928
31209
19429
17078
18783
28811
46048
16372
14283
34275
45968
49464
6232
21800
46381
46950
3278
31867
41464
28761
47580
22169
43421
44460
22766
14017
5122
38447
1312
14118
25633
14863
12680
3284
52421
27961
277
11625
51984
4736
5996
15757
32346
4958
19876
52009
45142
47201
45076
10339
17259
16555
21646
40490
3573
32942
18155
5852
49344
24923
53164
48685
27407
1024
33380
28441
35136
48197
42475
51000
9280
28768
53888
6319
53170
2929
16917
2577
27451
10325
20101
9970
51851
30935
13833
41157
41775
15221
17641
32753
22208
17704
47220
47899
39433
33524
36273
13256
43542
47515
41075
37156
20482
36469
19775
53353
6333
23784
50586
47506
48184
10427
40578
15426
47863
53410
9186
11527
18844
36534
23658
22311
27260
50143
32774
48476
6039
27872
41929
47838
36892
39394
22406
6471
46319
15215
35629
27610
47249
6840
14852
46503
33497
45836
42132
42303
21160
12659
43948
47258
8271
36120
27871
11087
11889
5731
36357
6358
42128
30879
49481
17289
296
4646
343
43907
20106
29492
29855
6684
35525
10598
45877
52185
22473
2835
8156
12940
9563
21417
8664
25952
34885
54698
29712
19559
14290
34592
51033
22359
8389
20988
50434
37727
9629
1412
48939
13246
41205
24976
51543
34670
51565
32838
12771
47564
4233
7595
35985
41199
22386
16186
30402
7934
31641
48116
37434
16010
33903
39536
24503
42215
37943
8070
49673
49952
11763
6879
17286
28704
40338
3447
30902
26176
29719
10129
49188
12412
1295
28967
50390
40965
33997
16499
49964
10371
24637
31117
11360
46677
16047
6216
1150
50093
15135
21032
48739
47349
7570
44048
13276
16726
25552
6718
16030
8807
35397
29244
9537
9025
36102
42390
49553
17460
11655
2750
40216
42401
16847
17246
44950
22788
39063
25209
51841
24606
24212
26644
27758
27847
4217
3704
34140
40122
28123
33696
21543
35303
25708
37382
35998
30326
30951
18490
50
7119
41302
11906
8596
23149
12532
30785
47619
3613
46259
49589
29650
31361
37765
14986
38020
45944
2983
42378
25752
16540
3511
52884
51088
27010
51256
20193
10561
40462
871
49872
17601
1481
11370
38547
12290
14504
47022
18453
50246
33120
35167
7024
38160
2585
18464
15892
41577
19698
34629
20073
47082
2308
29810
24756
13763
4176
17890
721
17751
42196
12134
10005
27725
10208
53528
1430
39189
30781
6242
45145
27919
14333
46197
50309
37648
7623
30249
1386
10127
51862
31158
37349
28649
12343
13312
24817
40319
44475
27609
18825
29036
9561
12185
4016
22053
27620
47031
25055
4862
28231
49942
10474
11157
9935
34959
43668
19280
24275
34443
9886
12224
38748
23257
21584
45779
45514
26268
22273
48813
15948
50761
14155
38480
19365
38739
93
13449
29462
31676
40898
20369
37290
427
43532
4395
50579
26195
14598
52211
47121
231
7908
35831
1854
26370
32042
28274
34372
8100
3058
21044
17132
5051
49166
46984
1663
15362
42893
27367
23537
48500
13826
31377
31061
17351
33564
24206
37724
15289
51415
43101
52907
7748
45194
31302
29660
48834
23440
29101
19023
13207
37987
4012
19619
54334
25670
46668
35133
53873
18880
26241
11758
26937
53036
11985
256
11670
21897
33777
17666
30069
21519
397
50795
6768
11282
23160
38126
3229
12253
13475
50513
45166
31316
51486
49241
3500
14904
51054
45183
36688
25561
30794
23720
2118
28250
15590
416
2689
5627
23167
54617
48492
1185
3089
40472
1054
16568
1577
40654
42560
587
68
43984
35851
38621
6139
35209
16397
37511
10276
14515
46463
20416
49251
1420
38187
29569
46473
26096
51190
22709
31945
50989
26779
11039
11454
16966
20450
24566
49550
14295
42055
35702
51107
21383
15520
50012
41109
10603
14413
20307
13138
12842
28412
33019
1210
47778
5110
10043
20409
23527
2964
46589
1729
25824
45052
40716
16071
31187
28530
29621
35515
42567
33831
33738
26385
32943
49936
12639
35803
51219
4516
23984
49515
50610
8334
17849
21904
24031
46086
18317
25933
30715
12568
44058
1042
29836
29059
17858
10546
54784
173
12056
14520
30925
46180
23173
28906
3737
21623
23711
48531
46160
46227
27728
45905
52775
22884
52929
27601
5614
39029
11319
35818
12305
26799
46453
39987
9383
7378
26137
53950
10827
19846
18989
25857
16461
42311
32061
34748
50212
6786
1842
39118
49223
36973
26498
39624
16851
48051
20056
18184
12173
22339
7437
32089
4798
30805
34010
49870
5586
2260
44847
36249
25171
37253
42514
22328
39548
8930
30176
19253
22029
1072
51280
29777
52881
35454
13919
10957
23293
19935
6289
2995
7247
43332
13186
18110
8181
41186
28985
37319
12611
2990
18497
21073
8112
16267
45203
46893
8623
6183
23885
33941
49308
7184
23675
52540
543
9720
22960
38026
5676
17937
42361
26666
52070
35289
34273
17357
17094
29317
38991
44920
36679
53025
20413
20798
11636
12222
49476
38059
13652
11271
29448
84
3054
20491
10397
54505
2939
27173
25531
36477
18747
47896
2727
9337
39047
47095
16084
8197
34334
48235
46328
14638
39969
38890
26940
18274
25791
10223
10109
31941
28707
37864
13692
46633
1093
36455
10515
3475
32787
5865
31664
11013
39940
2237
27857
22672
30918
28006
35917
14632
4577
38741
13640
30880
6158
45446
23452
15611
555
42318
36828
6739
49768
13086
34982
9782
23387
23062
40314
13265
42800
11434
48373
36145
54537
40278
17991
34750
14241
33991
19890
43442
2842
32078
21876
2768
19732
4245
53776
16972
11921
18179
48890
34634
30757
3774
28148
13797
34553
11143
36903
24956
21214
24354
44097
53622
52111
24554
18068
52696
36836
54043
14587
40814
20986
41325
45067
37805
1738
4129
35001
2097
16575
29688
18423
44337
15325
43244
7491
53453
6062
44196
52344
22468
50956
50903
15139
13653
31865
17143
36959
4203
24980
14330
3859
27582
16701
16220
5530
18441
35778
2466
608
46598
12210
26132
27837
46804
4122
18966
33729
19321
43375
3872
51264
7433
37761
4788
27305
44769
23669
54447
43959
37600
303
29307
1869
14959
48843
24586
43464
6648
24842
48582
51600
20550
33179
24837
13455
27354
23828
41985
3427
29705
19395
29291
42854
18503
50152
37559
11560
8003
47543
49034
38681
25083
24925
44688
50869
22976
40671
18731
3886
49173
47521
54564
23635
10210
25768
49869
35671
27278
31147
20802
38861
46241
31115
20718
25039
28899
27840
26568
11691
5480
15268
17977
8585
5443
15937
23868
31845
2375
11570
53162
158
49652
26631
45955
32300
53762
21520
18008
25249
20208
52108
9733
5002
2971
12432
49490
39544
5011
14656
44526
10264
1702
37630
34312
50402
25591
43720
29499
51748
54091
43237
21607
32056
40797
45892
14433
27532
49991
1887
41252
52754
1956
24626
28472
21326
7605
33619
51059
11554
44252
42540
24698
27820
359
40756
18449
36136
53478
11733
46285
2745
41534
49427
45408
43997
5385
20289
36040
34480
41999
32518
405
43623
43955
42461
53481
8685
24989
44070
35077
4909
3258
14796
15231
50431
51043
24967
43491
6193
45692
22695
40726
9225
11994
43981
38853
19651
31786
24150
52607
21784
19909
37155
1898
50461
35999
47603
49609
18114
41315
39484
51441
42439
41603
32522
31268
39295
469
22843
9277
29223
22774
10479
6503
52613
4462
44160
27692
40393
22777
11575
355
17612
48088
41353
8954
19497
36262
38353
19757
31177
53565
22946
46581
20016
1308
35910
52487
6026
4480
5225
48464
37130
41915
50594
14528
6836
13629
9384
28397
37472
28814
25311
41536
46962
9844
53850
7320
11492
20937
9558
43638
4898
15528
40201
21060
41408
34307
35045
10422
17782
42496
37215
54584
48078
13356
2836
36591
1202
21614
32295
29971
54301
20104
9040
3803
16336
17941
23516
29368
24821
29148
25075
32276
37004
17904
8412
4269
49506
13817
7656
20349
23549
6526
26882
34602
32160
30572
23073
52953
34839
12181
35255
15861
36172
7971
8352
44562
46686
8577
31653
35907
46493
54122
1693
12517
114
16126
2552
23116
19769
43499
25146
45954
20028
54642
22016
3104
25683
53784
26122
54540
15793
31012
14193
33409
6386
43972
33221
49400
21912
2819
12250
4911
37920
16451
19242
23052
1265
36721
22031
44365
31733
2428
709
20708
53540
6488
18579
5900
30660
17397
30252
26432
7146
18712
46774
21537
20187
44525
7252
9272
2537
7883
54675
23898
53196
39466
21344
27341
14559
18798
7268
27697
22801
32592
36225
48067
14113
52798
21290
6341
38487
23729
36750
4452
41563
5517
25687
2422
54255
7406
30950
30869
40863
31796
9851
7214
987
30513
31139
33884
48750
34310
14105
1347
27379
23573
19346
3563
14747
924
27744
38677
4943
14380
29784
20075
33870
41203
18637
54686
28047
41757
45754
40229
14024
13217
35295
34721
21241
47542
46667
14396
18923
22480
33424
17779
33282
2715
51978
40773
28618
18298
15244
46692
9004
27508
53668
28804
30955
32070
10305
4564
22462
21451
28682
38782
48144
39033
49172
15399
10451
11737
4468
53856
7982
19682
37658
17470
32700
42024
9953
14605
3572
9616
36367
33912
3937
21548
33235
18038
18520
10075
38520
2540
20889
5839
40283
22568
2631
43648
52976
30485
39274
45661
2449
11259
8115
3614
27076
44925
33091
14646
52960
18364
18775
52895
3485
16945
53723
10470
27049
43649
21206
30832
29176
42142
16813
48617
2217
53279
44222
25277
10496
25082
48240
52535
17800
41584
10413
32285
20826
47972
37889
45796
19229
542
24688
8756
12792
4411
20285
5717
24202
2183
33545
39424
14242
18742
48425
3764
7772
23332
52666
20946
41938
28049
19776
50238
21066
37079
48202
25867
37205
17557
44386
7716
2938
52410
45144
12400
52996
23808
45452
23659
19805
24707
47364
45552
32648
8474
48966
36039
29865
2512
21528
41948
11500
38510
46926
43679
23966
3177
18302
34407
45863
1180
47047
44418
13439
12477
38294
5198
20363
8275
53138
39959
11950
36484
25333
28633
7283
35085
35964
19135
22571
19173
29205
13231
39667
41937
31025
20220
16632
19659
48420
3816
15345
23859
30889
52944
54472
8006
26908
12624
8483
27952
10301
46721
24452
19759
24141
19546
18883
25487
40990
43251
13959
37833
13545
29053
44004
18770
31375
7644
41167
39706
11587
45677
30709
46431
24955
9918
11702
38035
37530
49811
34451
46948
47073
17573
53941
20680
982
19739
32126
29927
14672
32404
49463
2789
23404
7040
2091
10159
25845
37373
44429
53715
21552
11035
14438
25023
44352
41837
3220
39608
15385
17770
33955
43145
45366
52873
36052
54728
12742
47318
52436
48204
22477
4145
50581
50221
44956
42195
21731
28322
8243
48358
4500
34832
18611
28271
1234
50703
30079
35808
8833
6478
48170
37504
32321
25963
12801
11440
50684
28364
29842
15598
22
37545
25566
52808
10666
38657
6303
39869
48575
27083
12514
25514
53070
31125
41418
5887
2389
47105
17276
37516
4805
18791
9685
45083
16502
29570
19653
20426
22740
40019
35427
3745
29517
10034
28916
11220
483
48407
36247
3862
6622
39675
20268
1997
29671
47484
41013
47255
18897
27998
25877
47577
32639
7075
25401
19085
36012
26140
22646
41096
18925
34494
25657
946
29407
27641
17957
35339
24130
9612
27464
40437
24339
4427
49392
7032
52102
19070
49814
14578
6929
8293
46026
18150
6775
1277
8739
5049
28044
43347
11610
14560
5478
5455
16916
8058
4201
11218
40656
43710
1231
16915
9758
10476
34781
37716
16321
47769
8750
15256
39955
12014
12073
43806
19595
10032
34537
13482
27313
19605
15899
26757
33376
18327
40805
37743
6567
51571
33
32453
9712
17209
51
5932
37916
37315
3330
20871
4859
20633
13848
38150
30551
15562
40209
11508
18272
23751
5066
39131
9644
31932
1932
20976
43616
47704
5064
46005
23506
38518
24407
11800
43313
8405
48457
42237
49073
29001
16689
20234
3010
25305
1225
8294
36870
42758
46415
44573
35785
16660
1949
3239
45324
40539
38667
33411
27181
43110
16239
36807
54386
36513
39179
48440
27488
21954
37460
39493
26382
5402
31910
11723
49879
2361
41880
15240
12996
18451
23394
28639
25817
25201
33318
811
6500
30024
726
2432
28991
26420
11090
28527
38997
28210
30974
3122
15982
15836
9117
22071
14420
47772
11245
8042
1036
5939
5295
45071
33813
38175
1586
1962
26549
52570
4665
40835
49085
47851
54491
47119
18512
37194
12794
36865
8905
7664
11711
6166
7370
1787
7166
9153
51996
50435
42148
27470
40417
32970
38970
28872
7241
4847
25259
3639
18312
8210
17878
37193
15298
20010
4424
41144
10493
47854
36207
4511
17346
10308
30838
19312
30419
26584
39643
31964
49568
44130
17488
9058
44902
10285
33847
713
3015
26453
17235
25270
768
25150
30394
54166
12856
45441
22512
18948
3108
16284
47954
46110
31956
31338
51363
7814
40492
974
37662
9905
15033
29116
34994
23323
42230
3645
16929
46799
22080
50455
41473
14458
26413
7926
3740
10377
34625
35457
38711
15709
12465
15063
36408
38341
14489
5357
6909
43131
23290
46966
9017
40642
35184
51231
36654
51643
45294
22996
52601
47221
16989
17997
23313
51701
13994
43765
15495
53407
50279
33001
39401
10615
3839
17292
9959
46903
28880
46866
27040
38241
10910
41098
34776
26136
37974
20414
38578
45868
42651
49281
46576
36579
43728
7969
26080
50657
28760
47200
12195
40032
337
1794
33837
4861
34660
51741
23479
41843
31987
26857
46201
32045
320
40787
36345
14273
743
8008
19099
48175
26353
5767
51574
13610
12411
44913
14652
40507
9810
1531
41572
1339
52060
43899
48140
16645
29011
25574
36222
26463
13985
11871
23279
14226
42377
5701
53937
9776
44985
44521
22859
4059
19492
4900
8887
13223
19951
36348
16792
45392
41298
49721
4109
12116
9827
4782
29470
53918
34171
13921
14702
7715
13005
28501
20623
28313
16990
7692
46044
32541
53818
32350
23071
13993
44833
26508
52667
41817
25265
12757
42539
4607
23379
26000
34215
14165
17515
21106
1033
38288
26290
27632
47057
793
14307
49363
11518
46877
9246
28004
22054
45959
28434
3906
33287
49749
49791
8673
28829
37715
8301
11216
38717
24874
32932
7965
31085
20472
20168
48207
22105
20209
6703
28806
29741
20034
9739
9294
26214
28101
9862
45014
23875
29280
11908
26949
35129
9351
30226
46959
50656
33227
43736
21306
49739
21713
7162
8965
45319
1511
26642
32161
2416
43786
39397
21721
34987
8313
52465
33077
22283
37970
45809
41506
20037
33948
10369
1708
2910
34269
49328
14073
21003
25492
7019
43467
2562
46126
37725
44741
26660
8401
24462
18658
34176
23343
7474
36752
18092
44973
50851
19303
47141
15089
29237
26328
3722
29228
13425
47009
50748
46839
47230
45209
49478
20772
20233
25497
25298
23019
52228
28577
12001
7762
15906
17901
52517
30523
23098
31872
18857
10571
15160
28942
38663
48264
11333
49095
41115
51711
33653
23893
20353
20080
6177
34253
17055
38720
27192
29111
15749
16427
41306
39564
27316
22305
37288
17737
1135
37089
1329
35660
19163
14966
6735
21670
14568
45627
43179
45250
17891
637
49729
22116
54427
12712
34717
41176
24377
9774
31242
25031
52324
20244
47741
20968
16
20019
9594
44751
3419
52711
20178
38419
21790
45766
6874
14858
9821
40166
27974
6295
7735
24680
7580
3651
22679
39278
36855
50563
11873
25640
5145
5963
9137
54630
9717
20317
23747
9834
1366
38067
26741
25110
20395
33183
46821
21164
33334
2016
46422
36230
41327
43090
17866
47129
42600
14357
31281
28215
13284
1006
10015
42939
24015
45287
891
2679
46616
6284
34790
5169
12664
24483
44484
15942
41083
36436
8376
13332
28584
18103
14878
26849
35126
18852
17696
44760
7495
7958
36127
10848
51499
10036
14586
13095
34502
45492
44549
34946
19181
10334
30063
8538
27547
647
5097
1406
42369
314
26278
15739
47928
53047
51813
30307
54324
30560
25090
5338
15301
1069
40280
9986
24719
2030
48873
16142
51790
28785
43971
5286
45978
49047
1051
16927
15438
43004
53906
31269
37603
7293
48460
772
5048
22354
3537
24176
11753
21993
31694
33767
27875
9554
29173
54548
34586
6209
15634
54404
53921
35850
4582
22380
17951
15363
31948
8637
16537
39181
51149
51751
7945
32402
42249
11125
21329
22803
33963
32835
23795
44685
53270
50900
22214
28186
43434
5972
43526
32316
1008
34871
39561
24723
31584
43693
18810
26182
14002
30331
11118
19130
3358
10620
32991
44895
8940
28946
20668
10849
50411
1348
54075
26790
459
24230
21626
30597
25094
16136
53982
11206
31398
51140
4713
19217
1862
52653
3267
24604
3993
21431
2520
43098
46570
22916
16826
51302
7060
48383
734
16953
40757
44283
49434
47520
27736
35478
52416
418
4389
20094
11422
22865
50484
21051
31592
4981
40286
1504
16515
35524
8560
3275
11235
45522
7229
5543
32818
23576
38841
10267
34682
830
52097
11338
24434
18521
11872
29217
10711
12489
7710
30443
47451
22460
27328
6120
9371
53295
36920
1362
47867
16590
9487
23636
210
34396
4747
5100
9333
7441
6589
30567
42810
3044
45599
29211
17110
53821
28711
41975
54160
38554
42467
19329
20333
47374
12988
43121
782
28081
22901
43329
28552
27494
14175
21498
51492
12209
54374
6266
1563
54576
6444
23952
54295
3176
39811
18019
33023
33791
29392
8206
23542
8250
49326
15239
3647
11540
11801
30017
13193
49032
30652
48997
11374
37638
8687
8619
34460
19855
7631
18644
35882
30965
5502
10837
21439
121
14169
19456
47138
13160
9461
33804
48057
16477
31494
47648
13329
42168
28298
27309
1166
36981
51458
37260
6807
31068
49972
19192
7503
24302
50086
53245
14870
1302
4751
25419
43069
3804
31381
22596
41364
39373
195
20519
42065
51207
52526
25525
3968
34202
54766
17391
2663
17483
33342
30499
50325
24405
47279
49644
38690
42074
33098
6674
31044
40175
47500
20943
31010
23308
31777
36063
8928
18651
35261
25322
2227
19864
45400
47750
37040
564
53065
312
19529
36088
52497
6201
9595
1712
11825
27253
47738
35630
24675
54531
42550
41151
46733
16774
29453
38097
22022
6954
26284
42960
1496
30168
867
44468
26061
2781
9891
40563
24809
49049
35315
30142
27560
48127
35498
51615
13210
13352
38423
47547
21259
8975
15512
11191
22701
20892
45443
30606
12747
51590
38635
22231
11401
23855
18815
41594
38411
34934
34088
18308
47261
8552
21556
11197
48296
44117
7835
1388
43800
25464
28426
40069
35566
24082
47463
26934
26357
20807
23157
19709
33873
8588
41815
17314
32744
8684
20158
5115
11092
30892
17658
17290
49379
34944
20732
5269
31080
43660
12501
26164
11478
54680
23262
5617
15485
33658
18662
96
21466
12152
21089
52135
37929
10756
10554
5784
29793
44317
30417
18173
41095
972
2189
13028
16303
11358
24140
21748
12219
48307
42503
32519
2320
17375
23689
49022
42225
49580
24195
3892
24297
46603
51869
36756
11595
41859
27430
33343
16606
52867
11880
25332
12053
12269
36796
49417
18380
44678
36080
5955
4369
34515
12887
4659
47510
39942
48275
15349
3679
28247
42257
1648
40777
21887
5723
36147
22680
40827
34327
19273
23839
13270
20242
22375
5248
6012
16783
52582
42768
38282
20756
18491
23126
10626
46867
37228
25866
24443
14950
40617
31021
49288
16100
41346
24256
51651
32707
43320
37465
11479
4829
22002
11895
42157
41786
40764
26173
51837
45069
41891
38907
859
34383
47594
34598
19390
52795
36494
5765
4699
26822
14927
20604
52334
22888
9437
52481
50691
10222
52623
29779
17477
5688
4629
37669
32629
14126
50843
7403
14053
31035
23377
32439
37898
19339
5335
28391
14723
31828
30617
26618
5088
54482
11712
2903
24783
42010
54272
18215
14184
30212
20578
28805
20553
38648
13687
492
4551
4817
46449
51309
31430
22416
43626
5779
32573
49212
30004
19370
23938
49789
39358
27109
46149
29267
40709
2491
33967
13786
53831
15323
50007
47817
46897
24191
17252
6494
25718
54155
37746
37867
45360
5410
31533
1077
6620
42796
48991
5933
36379
7255
48669
9547
11955
3791
43077
38068
5490
6815
5879
1252
48628
39163
42319
3630
31394
24880
6651
36217
32621
36614
29066
32115
27991
4354
41383
46711
10791
12392
46183
18031
10174
9803
19784
50671
30351
2661
5158
52755
419
47168
20997
27881
43901
21590
26534
45355
6972
13888
13773
46849
13254
15840
2023
3847
29260
9061
31575
9082
28173
37996
26993
25164
4155
4337
20400
3026
47241
39518
40968
46200
22553
12693
10205
44605
2268
15391
53469
11436
20086
16482
32212
24515
29486
40603
36450
25442
47377
10361
34799
53578
44860
8765
51239
23144
40096
10767
4502
31690
7093
15264
18544
36380
34467
52461
16643
20879
42915
32653
42994
22126
20609
13504
43073
43214
38177
16191
271
2070
28278
39438
10963
12529
51217
7986
34322
39899
23250
8797
21261
44503
35161
13535
6615
12847
40765
54652
7823
37845
12162
23921
52712
51504
8362
16000
36747
24731
26730
23494
16055
7988
17530
16717
15719
6928
54289
5594
20813
821
22798
26890
32862
36867
7197
36520
33094
6870
12559
39956
38680
33399
40268
41919
10641
50765
33746
32692
50712
4619
12372
7
2611
13597
28888
184
29664
13117
41500
4734
11700
35245
5420
5792
36939
32302
78
35059
26576
52766
40957
25435
15085
38617
5076
45469
26964
53912
18392
1
49055
21940
9996
14941
52984
25619
50622
45415
45135
43261
7561
26653
6653
29412
12026
12881
21914
6881
42594
37941
43637
42584
16884
14346
35625
23612
14439
41344
41218
12284
19927
26691
44131
42131
6588
12443
3024
24864
23428
46937
25196
43038
15027
3979
4164
23481
34144
51443
30698
15606
12243
14549
36543
3320
48503
13382
43866
5419
42245
25174
40131
35734
34050
23008
32495
2686
28184
33082
33216
51946
36305
50254
29611
17457
5578
38958
14475
34578
53398
30588
43780
52578
28659
49805
5813
29498
38319
17491
29964
25223
8845
32950
27038
25446
3382
11302
7913
41381
42117
7355
33823
42655
52786
20199
7763
48280
17072
45974
54165
4707
27965
19290
44619
15042
33434
46176
34618
11049
20693
878
43882
43825
5432
45934
32234
14254
19022
41112
2802
27858
40865
43995
36556
38449
10772
48248
23410
6495
22369
11945
155
32018
20530
45812
3209
38247
27145
51857
21394
6395
13518
10762
52935
17363
54123
49959
53688
23988
45327
43630
18530
17728
49383
6250
9944
39524
19515
43276
10674
31128
47729
32551
24814
51805
14983
16798
40303
42952
29530
30687
6057
31105
44809
33129
10648
36551
53225
39635
17959
38769
14034
33982
2888
42033
8471
7155
14943
51393
6996
52478
188
47840
11865
48629
53289
6808
35609
27894
2529
30457
25186
54356
22110
14808
50523
7907
3436
44568
31210
26016
50950
9528
21429
28786
31474
38253
42278
12931
6982
14451
20271
20225
23732
11811
16981
54354
18258
22072
10562
8052
7189
4933
31542
199
32491
32894
38051
37468
1192
7219
10248
19063
34298
49082
21211
1240
1416
5750
9797
8171
34928
2706
49961
8697
34127
45158
47231
5529
44673
7421
51304
41483
40687
2596
35300
10212
53957
4893
53264
46301
2058
11424
17882
34416
21681
31613
29768
27035
3110
50796
1284
47641
28940
13460
43428
47390
38563
27022
32099
2272
1639
39774
19667
32825
29322
11355
53558
24494
12106
53123
31718
3585
12543
3247
11248
23842
22531
36376
30008
31621
13177
44321
23684
446
37423
9732
7400
35504
39265
40138
33257
41288
15688
39692
4923
28257
26224
44711
12882
27218
6855
44626
42332
17983
12637
2599
51251
23023
31603
42788
31224
52593
21330
25942
41131
42048
30997
29179
18162
50663
3520
2171
13854
14063
27651
10317
2441
35142
12592
16212
33548
35096
27555
21636
10581
18043
30631
17711
50783
7795
9490
38384
4188
16954
6758
5833
27600
30839
7676
9654
3398
48793
4641
45266
32365
12923
29960
4717
28749
20971
45457
9432
45484
16711
36402
39375
1722
42841
19411
52579
36972
16418
51152
38641
17304
22781
30509
12364
3095
4458
44262
31703
15332
4404
30323
38887
27321
12998
27748
5240
27454
23042
4235
15171
32965
37098
47657
42018
37061
5574
18387
34197
38312
1889
377
34240
6638
817
9173
40255
20874
12373
46483
14906
9602
50889
27751
3214
36731
38713
32192
17164
46912
44168
50862
30428
37902
29117
53389
31239
21900
29529
27422
21855
40394
33054
8907
46656
22608
27061
3453
4326
35865
28192
21655
17058
17703
24349
26260
31452
35779
38207
11398
33814
50774
37414
35787
6329
51902
46387
26830
23032
12965
32252
46221
47504
26318
27625
30341
892
14897
13868
11474
11166
29143
44800
19220
1245
36740
43350
25700
33265
5021
49898
34359
24808
2078
2626
6457
50038
423
23622
50055
53991
712
5303
43755
21599
18964
39651
4585
53290
13882
2299
53517
51581
26089
46881
16375
11085
2336
36813
36314
5160
48761
15122
22906
49351
52220
38372
35822
45860
6038
26336
53236
14538
22044
3373
29068
51717
41902
30747
30836
42351
2069
41279
36117
32121
43556
3199
20563
7542
54049
32979
27817
29422
17634
30227
7587
52959
32335
32377
8233
15125
32788
21019
13783
37789
13548
30837
41048
47879
26770
42733
51474
42833
13992
37490
28855
49291
30822
22815
11303
33947
35877
34706
22639
604
19982
15220
13555
43089
27355
41396
18122
30994
54192
32927
1646
10981
5985
13036
2666
19521
34159
2569
5416
48158
18997
8379
5039
24330
13293
9304
36382
13468
44885
21149
15281
48218
47455
20657
18586
10524
25897
40682
30046
35817
24243
30068
33845
48522
8611
46466
34698
32012
43868
11266
35378
24156
30194
18700
19046
42268
34362
32139
7968
35845
3263
36504
1515
236
45340
25245
8740
49824
963
18331
27537
37237
4588
15309
19162
50469
4681
15095
20127
33778
22165
42718
23615
48637
53870
12815
3133
52932
5552
18557
36445
43969
33106
52268
23367
14782
35796
21102
8094
22628
22256
3716
18802
50471
13793
36542
45630
21181
10883
49564
27168
37619
399
17922
36078
8281
47514
40587
24484
4919
25973
25243
6938
16038
17729
4705
41717
48310
4688
20052
40623
29559
44344
43269
26251
42648
5537
5644
41908
11059
656
37702
18353
35226
49471
38408
36184
18383
44849
31898
16226
15489
27981
17034
49286
14541
47810
3018
47352
14012
45171
25921
47311
43045
42256
553
6986
46116
31307
53180
21175
8363
1525
28233
41646
32360
40227
48050
11953
34285
8080
13877
13563
6628
24577
14892
22040
14947
25808
25884
23799
41403
15123
44664
17101
3456
40909
32760
35002
50931
53151
17406
25778
6574
34528
22039
6087
9881
22487
43485
14622
9623
49015
49217
39584
25534
12925
7080
5776
42681
54494
26313
28686
30062
8529
33933
12865
47714
48027
48959
43533
7465
23465
20881
42885
23574
34807
4697
27158
17879
7613
47186
21314
35740
16298
1554
25503
17512
21819
36797
11153
51494
28064
53814
9405
25692
30490
17168
49038
20853
38363
23958
11323
24995
17479
4135
5395
9179
3337
34266
12948
18566
19145
40838
17130
4542
14764
20963
54719
47887
45427
17760
24060
13528
38557
16662
42807
43962
50446
38877
259
16654
1936
1923
18835
24754
48107
19938
9032
30552
50508
50991
25916
24412
39722
30449
17844
53227
17179
54778
23140
27257
36634
2676
13568
1397
31900
11656
44728
25052
3251
35042
38607
45278
43116
8805
34032
7100
24529
29243
41640
3561
49678
35343
41058
27078
32281
11576
34107
42162
12260
32794
45962
44824
1082
1644
21005
42672
22805
2212
30810
3570
38542
32907
42936
46134
54054
26931
54111
29670
11903
44532
53966
24430
17192
50686
27594
51654
22867
2046
9766
19199
10844
39451
40901
31478
26445
54214
3699
45117
19726
36522
4095
27941
30211
38334
16908
20520
4561
11967
44271
25183
9206
25366
21381
41515
21233
44290
37620
34829
19433
54068
18480
14372
21021
14689
37771
49365
783
41871
5565
16217
54608
41810
24454
15804
4872
41022
52604
8895
54382
4748
41449
33760
31563
19291
31924
33311
34951
17685
7346
12810
1807
45986
40150
23698
13362
29378
12144
46940
35572
53557
41661
42524
41012
41702
20575
50295
33396
47569
11038
51147
8266
54446
3363
19874
43863
5816
36418
18170
40459
14368
33515
49116
4683
27901
53536
48792
15406
2246
54771
8996
12126
42508
7327
3879
46309
52616
20499
44497
34291
5802
3933
44379
30738
18978
43582
47305
50806
6548
17158
18684
22269
7170
48983
43247
38933
23316
44032
874
10793
13148
42562
16764
10770
47853
34433
45330
26425
9621
38912
54174
19090
17732
131
989
25739
4846
10873
11384
41007
43482
32740
8184
34095
47558
47175
43408
3407
40030
52016
32175
40292
2563
32112
37483
33231
7522
18635
28448
42982
44329
20950
53726
8964
26862
48400
6933
33490
22027
7342
5925
34405
13054
43789
25229
26863
38292
31518
31417
40475
41189
37239
11688
23601
570
18133
15658
8889
18874
30780
48825
14521
47821
27624
29442
27920
11650
41337
11275
3543
20182
46757
16467
9975
45700
41615
7310
41656
1743
36944
2578
54736
45195
33295
35228
39204
32739
23912
8683
20691
50472
39992
24415
12393
49407
23583
10538
41047
162
1778
16005
17498
46491
2113
26974
49786
31674
32428
17354
40691
47151
50550
53091
46812
21714
6537
31371
37901
13059
11075
43849
23010
53503
54453
45900
18749
23107
20436
30625
27793
354
52746
26371
21302
13932
16053
390
13910
44753
31943
33852
37950
53105
13191
8825
30259
22301
52641
13497
32881
3926
51814
5990
23624
39834
52471
45024
33457
35382
11097
29888
13060
24578
52164
17415
50137
20543
44957
40610
10331
12043
521
19514
36182
5029
41655
3191
3216
15666
53087
22687
6078
4446
18265
37220
46268
39341
40597
2565
14082
29112
9163
25086
48591
11678
26047
23
33069
51242
42881
22318
50965
42740
40560
21847
6077
13427
40541
46529
27802
40060
31142
53345
30085
8732
44143
5283
44992
41657
35538
44029
28799
16086
17756
36672
39128
15850
36845
19579
2935
16820
21390
26074
29898
32087
51671
39874
8066
28969
32917
20954
21760
49548
48162
6795
37983
26004
1378
32480
11127
22852
29287
13630
38574
12315
376
49986
27930
51118
47797
18702
4252
30984
11867
33301
29383
21866
28373
45561
2385
10544
8368
31054
25138
41727
21464
48014
12458
32409
47354
23359
12293
5807
5757
48780
13650
4948
2207
19554
43993
42779
28796
50742
28596
11836
15544
41613
24373
267
46067
8139
38598
27268
28878
1488
37324
26916
46807
48072
11463
18748
25663
45383
7954
51030
45029
1058
25618
16546
40924
12782
52554
14043
13658
12555
1450
41993
532
45258
702
35949
18208
29921
46495
44306
38402
47161
19039
17949
39087
9978
41125
52858
37852
11597
9440
41875
54695
26188
5133
14006
1798
13292
22324
270
2502
45882
45717
25605
11532
40375
2798
32935
37881
26897
8634
26225
15940
7423
30138
5175
29194
39085
36999
12814
21184
30484
42744
28565
40202
6268
5470
22127
35582
53004
36329
16802
25099
8466
29800
25767
13580
37166
5454
1666
25731
47754
16291
38702
8782
43697
18930
1537
9363
37612
5742
44535
35694
28183
4964
53548
53314
19637
10966
32338
26108
39621
20065
21266
37556
35416
54599
19106
39297
30221
35972
45058
50535
39220
33443
4754
47000
28031
44040
9132
42173
8568
47923
28820
31097
35028
35467
15734
40703
4526
18955
24666
4881
20648
45528
29878
6065
16930
44876
51243
54400
6842
30308
30447
3905
4322
24939
40676
37051
31818
15629
47535
25218
49453
7682
21810
4726
28936
44217
24237
51624
20321
51120
29696
31711
33333
22239
47271
49641
19004
6449
31878
45727
25926
39094
48220
38523
25233
44964
10300
33759
21960
25028
1479
51758
36881
28696
10918
15044
44443
51879
32334
17017
18750
25785
26444
30034
29966
7927
20204
54435
40880
2979
31637
24792
14823
10531
509
11791
38960
2549
34329
19947
46091
44719
1160
40361
39885
22875
23767
37405
38532
39866
14573
33944
9215
43927
40779
2106
3144
16252
48957
6071
13152
5894
19971
13288
17742
30815
41962
8323
19537
50571
47228
5631
20666
54700
39633
37510
52132
17027
15654
4071
2824
28091
39446
39994
44848
19907
51509
7925
3135
49437
39778
22731
20012
1061
746
11643
44164
40365
16934
40986
19358
18049
31219
45676
47038
31444
46049
9362
43359
10985
12276
22499
18830
19313
25441
22420
43213
26165
3081
47693
25894
29457
36030
13131
3595
29476
15672
42183
17216
31449
49411
13571
44757
3550
22139
13669
331
8657
43084
6133
31257
43523
25169
4018
3167
28673
40409
38397
2984
48341
27808
46865
11546
4439
10564
9730
905
40845
41215
21095
47370
13668
41753
597
45539
42882
26914
3547
10047
41357
4453
17676
52804
26747
5082
26969
35876
7136
38490
18590
51387
30231
50076
32680
46544
2402
15919
18477
9504
15179
31284
32940
23671
52716
47802
9347
42341
39861
35930
28957
27619
10405
9112
27118
9749
44624
10166
18240
10934
39006
1817
1981
1756
10021
9317
22506
28058
21373
10955
1142
6366
17095
44403
17895
22712
50854
2036
34616
17675
235
4825
21563
14811
20164
34638
2342
35579
33621
48598
35592
42512
20404
2006
28484
15681
14997
9066
53741
12168
34133
45670
21339
20113
38316
32704
33855
4617
22745
47509
12494
23817
286
19902
6692
3669
47530
4211
2310
14207
46276
28561
8192
38701
11176
8014
27764
45521
28012
1656
22589
20935
2494
13745
27209
17212
17548
9050
47399
17171
8624
34477
5690
16857
45820
11180
54331
39807
15354
21112
54554
52836
21129
19504
14314
29303
3809
45730
15001
15016
39173
10818
37622
52639
4344
39108
4103
51157
13404
33638
2349
10252
35360
41434
49683
19042
51426
25992
42056
26308
25508
34653
31808
23570
47678
54246
25003
5369
11627
3027
31313
41034
25596
26128
51365
4144
15458
7149
3945
29026
47749
50941
27571
3402
38223
1595
40357
31151
34843
1390
18677
39384
13840
54359
37012
16535
13314
27474
7698
48735
19281
30297
43851
38293
17871
7836
41427
21037
25012
36069
51285
46184
50577
45618
9910
38501
2947
19249
29684
28262
32873
49152
47719
31837
14390
21228
33068
32218
18725
52088
29640
49993
2457
28396
38054
31145
13938
45062
20055
3801
8331
22192
48083
37986
37998
5860
21078
31093
35117
12916
31343
2460
25614
20306
33720
47298
32690
53669
6539
27573
26593
43974
7869
16682
15117
7780
5344
45647
7767
6595
6015
9216
8920
53017
29085
52263
17919
24889
24242
22337
11827
49135
41767
8041
44105
12157
20108
33274
9047
2054
26686
13508
31244
5461
4813
46433
43877
35644
49403
12023
14199
1320
27206
29513
47341
26298
13344
3354
23269
1672
8218
52382
53972
49330
43423
22619
39821
41621
39923
33197
7629
630
22243
35638
48181
4119
41580
31458
9770
32571
35530
52287
4024
50367
51787
35403
2960
37533
46568
10800
45602
24519
31425
14937
12383
5773
14885
18622
28862
23790
39661
20914
37815
22690
23614
37331
54573
6907
35654
16356
51818
53580
26376
24385
4353
13901
10745
4777
29674
41660
44276
2147
36177
13731
52549
13516
35544
45555
10145
27130
22392
24947
50047
5862
43511
29580
33173
21193
35706
24159
34479
27059
24070
38269
35661
24653
34851
32819
51523
8122
18416
49574
28014
29803
20944
34908
12605
41818
17608
24368
2736
43411
52492
1549
26746
37529
20706
42432
23000
29887
1380
39226
11660
37387
4086
49335
51357
27441
28404
53463
51918
23501
37056
13489
7557
2153
26148
39051
30500
24500
8343
40301
49918
44288
7723
48801
10001
29598
36321
14844
54528
24271
5710
44827
26851
47635
34767
34898
31407
43545
15786
35122
3707
32379
44584
26923
6240
575
45096
11607
40744
28977
51904
17269
32033
36466
17648
2436
2043
35550
4757
6465
44946
9581
35859
40247
41235
28143
13216
35092
6030
38495
1916
34738
24322
44466
35263
3748
26722
12902
1679
42478
9811
14880
7874
35872
51292
10441
3156
45223
22361
42933
5457
3694
24694
30333
43857
26381
54594
47664
27471
27839
22915
46076
51403
14596
15388
46522
14815
41492
14287
29764
52303
46558
3465
24220
11485
16835
21922
12425
19018
4082
24651
22631
11810
50286
33610
31738
44210
17136
50099
5361
17716
15972
14668
49200
35430
20898
46539
14707
20703
46746
12478
50651
40345
51559
44394
32560
38393
48329
49246
8769
27139
35369
23997
41440
23242
10489
27676
36647
10295
49558
49888
7446
48164
24902
8300
28077
36318
6408
7388
53774
16166
4154
6412
1113
1908
44421
14994
37198
8774
32010
33215
37113
30122
54399
2682
54422
20380
17088
7206
13717
38303
39505
54112
42663
34258
754
15856
35978
7797
11599
5126
43014
43686
9792
52854
21477
16022
21859
51339
32731
33449
31555
32669
32741
22572
47262
3619
34072
27243
44128
6943
45571
1055
32482
24540
23229
38331
18432
17077
40237
6086
33683
16573
50788
45935
4279
42260
20068
29250
25479
36872
38818
48289
24661
20829