2123
23031
4579
25070
15076
16305
19513
13760
23760
17050
4804
7656
19559
850
8686
26196
11012
26949
3282
5474
5948
13414
27193
14185
9364
2631
13612
26880
12485
17308
3757
4803
17137
8939
3724
14359
11738
19022
9248
24341
3911
21978
1518
7998
26992
14961
21229
15955
2098
3984
3089
1798
20246
20827
8743
19063
3698
4674
19148
17315
206
2310
22473
14673
15844
14687
8026
13584
23995
8676
13512
2641
25342
26826
8539
22180
19414
15447
11078
8924
2404
2301
26186
20222
8625
17790
3650
21710
5408
14438
23816
17372
24491
20004
21268
7629
27218
16363
24351
1581
16601
13268
18338
7470
19697
9315
8787
3368
15606
22017
8607
8408
23005
12393
20174
7372
3992
26300
7524
9762
4609
17452
27065
27021
1143
5562
3392
25736
24337
22272
11778
19373
1925
25262
135
7207
20495
15730
18655
20993
4576
11599
24707
22666
8050
25749
6341
12931
22250
20341
25552
5133
4834
1265
7274
6178
26209
19765
10398
10579
2945
20616
2984
22170
11556
17010
16406
17833
18810
22328
18392
26543
2697
5610
24143
5356
2729
2777
24002
10599
14645
4152
24174
25134
24533
3136
4493
21083
10145
20652
19237
11712
471
13156
3401
2800
12574
22048
10816
17584
16090
4066
3235
22152
6824
13653
15695
24854
11492
16124
14302
26466
4812
16989
7292
10880
4380
7799
2530
1251
20579
7251
5071
19129
291
5840
6758
10803
24523
8059
10490
5710
19727
22374
17092
26404
21380
15321
18184
22150
5895
12328
14942
10069
25684
13492
19072
5229
25580
11919
26725
7355
15412
11300
16519
24635
16149
6208
19832
9875
6573
26929
18561
19634
3636
27059
18999
20049
21794
15798
23901
11031
4690
6919
22194
19004
2155
19141
18099
8724
24385
647
23043
27145
14452
26624
9669
14375
11241
20202
13876
5331
25369
9173
12008
2371
21808
20607
8895
12836
5801
18609
10318
14769
19707
16414
26491
5818
1304
21277
6984
25785
8146
10870
23650
6639
2859
3648
22608
22386
23729
19490
8417
17189
27002
26156
11388
16169
9508
20963
5034
18811
7835
12953
15865
17252
18953
6802
4686
6771
876
1907
3887
4365
242
23549
8115
9504
5657
2380
23128
22320
21688
12627
10970
7106
24244
9661
18745
19556
14086
9325
25279
13291
15840
5521
19761
18528
17902
10790
4488
10768
1016
24524
15363
22781
20721
3413
16742
21623
25022
2705
17546
2946
18283
21286
7035
16691
17196
1048
12819
21913
8338
14051
11476
5358
24519
9394
12362
23842
20394
16649
15192
3404
15661
17401
15759
4950
499
13092
4414
17273
14204
19118
24911
10779
2520
18296
25042
18607
15200
16761
11596
23571
14232
17059
6876
23710
10695
17766
3910
15989
6993
4649
1025
22869
6032
8950
12818
16794
7690
14113
21329
4091
14496
17694
3474
16178
22506
13468
967
15831
25998
9163
10773
2295
23265
22002
17458
8434
24990
1571
10540
5113
11679
20955
2504
8077
2960
10249
26590
7201
6738
607
2343
1705
3039
12169
5045
6952
21197
20712
15714
16427
23761
24897
17534
20110
3355
23527
20610
2623
25410
2202
23932
7950
26607
14717
1633
1431
16008
5053
10159
9335
10974
3177
20657
270
15887
23596
7837
1611
25138
8081
6792
6658
14943
21748
20985
26334
17500
19748
10767
8017
7080
13560
16582
3059
10825
24134
12566
17441
5577
22214
6125
9640
1771
19392
19177
20966
15080
16480
26201
2005
2828
7534
11816
13305
11849
122
3797
9561
14332
19012
12114
18572
408
9718
17668
11962
25906
17255
8828
22131
25060
11292
21262
22416
3124
25487
24366
12331
14888
6009
7346
21942
20422
24807
12634
8860
7005
8544
25361
5367
11616
19039
9340
6496
21587
738
18150
1896
24663
23886
18016
7312
12908
571
14962
15102
4073
5428
9753
24879
10503
16003
14951
17950
23553
19850
26719
17182
4243
18899
19501
8638
15071
10364
4664
6885
14460
23987
24824
6062
9947
25159
2873
3339
9551
23980
892
15163
5947
23845
11484
15686
7242
11350
15009
9488
16729
18545
12237
23138
23911
2601
21657
4005
11215
24437
14479
24122
24321
11199
2590
750
20375
1675
19439
22795
25016
25050
9781
7463
5512
19251
10750
12179
6836
27227
24557
21466
6861
2692
21449
10888
21513
11657
12494
22578
657
7293
15734
13311
15716
20035
12822
5388
15231
3938
19213
5143
16268
6086
6245
5630
15107
204
15850
15090
10052
11908
10717
25305
280
9832
13578
24885
18322
19933
3103
25004
16769
617
13445
11619
10931
23862
23495
3592
23663
20699
702
1691
18101
15874
15389
27213
20235
20960
16064
9310
19104
15562
6806
6340
4108
8415
11628
23223
16724
14597
3030
24113
8176
23354
14896
24465
449
23074
3217
3432
7645
27241
2567
8183
26457
26091
18553
12064
6946
11643
18388
18642
18895
26976
16013
803
63
6773
6443
7805
24028
17562
21959
15897
8511
4327
26891
16637
19574
13785
27162
1953
6742
2778
13695
24317
15335
23613
21979
19989
12852
5226
12436
6303
4368
23255
23150
18498
12389
26581
13810
324
8808
16072
15505
14477
16220
23739
22096
12743
10584
27052
11699
3241
15478
6379
20930
4781
20660
26600
21717
22768
18060
15784
3713
22550
146
26299
10460
6672
24268
17085
11547
20624
21784
3764
16622
5321
2897
18541
14505
2046
8002
20789
11091
2024
22865
25833
1121
10236
4555
14728
687
26325
21279
4163
18098
9708
24833
22746
24305
13041
2895
6598
1790
20776
16243
13016
22829
13883
412
6147
10914
14993
1013
729
26988
9573
25563
2906
7891
19973
1623
11869
22460
23030
25777
12138
27075
14316
2457
23503
1832
25712
6663
7639
9039
26931
16935
5570
18335
1449
23394
22973
13206
18307
8349
7167
21295
13483
21988
5159
38
21167
26391
8232
8710
19904
15425
4782
26631
26715
8379
8240
13317
1513
4451
21481
816
26507
13751
16916
19308
9276
14337
21284
13692
16490
9626
22090
26159
18356
18934
12458
10116
18673
15268
14344
2254
10465
24160
23188
15287
21645
16936
22965
400
9370
6498
5398
12629
4902
16953
16446
8290
26044
4969
10499
17797
23791
10606
14446
21537
14604
5206
17919
26143
15494
12281
7234
15735
2823
15202
24732
25244
8904
5424
545
1616
4539
14838
11438
13068
21204
13895
3481
16442
8877
23673
390
14881
2539
4960
18081
10791
11155
21243
19040
18886
17792
21822
9983
4717
7226
12918
15380
25151
16545
8344
12721
9841
19367
23395
24291
4636
14741
11708
16107
4658
25096
22335
13986
1286
2872
1313
18423
6870
14333
2136
12350
10078
7642
13811
19611
4773
23910
8321
12398
24047
3155
2936
18716
8971
4296
13416
24930
10285
5650
9677
10844
7349
14214
11638
18180
17567
1200
6109
7111
15127
25148
16897
14664
26517
11886
9529
26101
16431
21843
10365
19361
18273
12210
22015
13897
15052
7514
14408
15097
3499
17761
1656
21570
14201
16393
3751
13567
1774
2367
9195
9627
2278
19509
18685
16679
21505
5656
18117
6042
6137
20605
10937
14844
10350
6574
13080
14646
23455
23797
24681
9065
2841
1490
4561
24956
14757
23070
21231
7937
15640
5623
15583
3164
6571
18509
17776
16521
26374
11365
24796
17355
12388
7804
24084
26317
17432
24472
7716
12668
21042
13865
12227
17635
11457
11800
7448
3978
13921
4143
26602
20125
24605
3545
10306
22614
21417
447
10513
4857
8695
1336
25916
2379
21367
10135
24541
4744
2333
8064
26410
17807
12422
15070
21558
12448
10700
16209
2105
18693
24430
21621
10440
2209
4554
19895
14533
2746
4820
21175
25924
26940
13122
22203
9435
24256
1390
9268
25259
2381
4520
16248
734
15457
25205
2885
9138
23020
9062
1564
7976
6681
22838
9453
12088
17749
2248
22834
26032
18232
25310
17558
7894
17544
18809
25504
7547
21183
20055
357
24064
25692
13465
1454
18405
9088
8376
1348
15957
4724
11344
1878
26362
5492
11077
12454
15822
2682
21142
6595
6557
13062
4776
19885
19027
10343
10950
8588
13402
11992
4214
2578
13647
27029
19838
9012
6350
7180
9802
25009
17281
26565
9112
1718
3090
18242
20280
13441
12559
17210
12989
3625
17615
5061
8168
20486
26012
329
14102
9520
15937
15222
3272
3840
17436
12187
3522
16158
20232
7743
12642
1715
5540
12205
10724
3388
9543
15207
15361
12880
10065
18157
27100
484
7079
26670
6510
10712
16415
4334
25029
11789
579
1545
22640
19918
9397
10395
3273
457
13077
22677
4030
24222
19479
14095
25330
71
11173
25090
24924
13143
15310
23286
4939
23168
17824
20945
8773
12009
19614
16824
6897
13538
23858
4527
295
26863
23625
19845
19157
16275
24952
15976
1959
13136
26310
17158
10028
1969
15434
2306
24528
6955
24230
4273
12795
18152
825
10247
19752
25285
26706
8917
9740
23826
11859
15703
17661
17927
4170
23239
23305
26169
2450
2093
21383
16381
21775
26006
25654
4900
14429
24670
10109
22937
5980
11437
23095
20573
13405
12814
11150
3606
3042
11748
7423
20778
9728
6440
6749
18849
6262
12925
5919
2224
14612
16157
18755
5860
9633
9922
9090
23757
19976
8358
5595
20065
20735
3667
19274
17882
22988
2714
23304
998
24376
16790
24470
16627
452
230
3234
22877
5934
16967
3195
25846
19335
23631
6315
2316
3975
14852
1428
3707
19944
841
13045
25188
26150
23975
5156
282
26757
1263
2862
6119
6413
13941
9354
4464
17908
4481
5129
20686
24242
19788
11721
5490
21228
15667
115
22571
10899
26422
3428
1137
7300
1188
20389
12343
11528
7089
4154
17996
17645
732
21056
17700
13427
19278
21149
19198
3725
11384
15544
15212
21043
6559
13558
897
23061
9570
3316
10919
19811
1206
6764
15516
23697
21709
1254
10542
23264
13329
19659
24240
16206
13262
19044
15694
4371
7419
10944
12532
16882
5940
14433
21427
6713
18007
12759
1083
10886
21891
8931
6273
18919
19289
24167
9462
22594
13251
5120
2169
3889
2956
19868
4176
8601
9589
8245
21134
16605
13717
24265
5886
1493
4921
10071
17638
13530
13314
23517
6218
23708
21925
26335
26480
10009
16976
21550
24572
24142
25541
22223
22918
20601
26776
7403
24547
6472
19100
18928
2007
25543
23088
5343
1935
8030
20419
23175
332
29
16765
23202
24215
4789
21255
2175
7212
20191
18051
26053
13605
20390
340
23511
2242
13057
2197
2266
19167
6059
21090
22752
5337
21106
4017
13362
20671
9566
20826
20843
14761
2493
10412
6688
9516
19380
20210
23034
24389
3807
23077
7606
255
2214
193
2016
7452
26114
3311
26714
22888
3076
8256
4118
11088
5963
17896
15503
8822
20384
10206
25261
16306
19206
8644
7584
13970
23309
134
25114
7329
867
20149
22692
9147
7555
20116
13075
24737
23178
6132
4201
3512
24327
9458
11984
14105
25622
380
3045
1151
11929
15966
15284
14821
2058
21554
9817
5320
8733
11695
4593
12083
790
14053
8090
18963
6316
13620
9606
18665
849
15396
25355
11726
6452
6730
15552
23777
8648
18366
2461
2361
15538
12968
2658
22643
20434
26870
7354
16159
8721
23390
24196
9119
274
2156
2501
4448
15349
17470
24499
6938
19397
10002
27188
15947
22212
7339
22292
16396
5178
21079
1064
21759
13978
20646
22956
2424
7453
533
2599
26838
20139
13893
16374
7773
24051
9100
1222
9610
9054
23952
11502
1323
3422
1115
21123
4306
22658
17911
14662
23098
22847
22076
341
13704
22975
6156
8522
11145
26251
2837
26633
19828
4096
24110
18055
4972
27128
24071
3126
9656
8181
24651
8529
12538
2988
14021
16231
23367
10910
10051
14262
21127
4854
21608
24401
21348
23067
2927
25965
27106
17240
7014
14031
1237
4968
22390
21448
20794
6460
22324
13521
6540
6028
19368
19026
2035
19967
11834
8272
9417
1889
22310
8466
26408
15993
22621
12568
25743
23396
6570
18943
25141
10771
7133
25957
13544
7455
4864
23976
23318
6501
21158
25272
13827
19269
17936
22396
4671
23529
12464
25594
24424
24818
627
18316
4422
9617
23002
260
23089
19242
1940
504
10652
3827
26430
2765
23246
20502
6375
6405
25465
10086
9865
24851
6176
26384
1095
13051
11415
15843
22855
18764
25077
3505
17555
23018
24552
24379
12562
4103
22364
23360
5448
7126
2688
1665
23701
23123
18802
3937
26263
12751
982
5377
3179
5631
859
349
7940
21592
19272
26433
12172
26523
19998
3814
13691
16506
10430
4618
8740
16020
3310
10137
4008
15855
2882
23080
3109
5151
22631
10628
12038
13672
3050
11258
1737
14278
21778
23869
2447
3167
18311
8802
3543
5765
23518
17739
12977
23920
20450
20680
12097
1108
17525
11287
10619
777
14584
25643
682
2483
20850
21574
4829
3578
10439
10178
2235
21375
9967
17410
11983
14389
19297
23144
5026
12058
12525
2951
11691
12677
16330
7750
19937
18134
7233
9590
25087
21220
4601
23990
7683
8421
19186
13708
14619
5090
10651
23460
6034
26471
17888
26924
11905
23680
15732
17981
7253
8456
3672
24488
532
21356
14927
17729
18660
1859
6556
20367
10381
9170
26223
12474
11451
4094
22555
23578
16498
8778
11141
25283
11330
15750
20158
16464
12147
14914
23467
11447
17475
17603
2732
6335
1174
1873
13008
12740
15621
6604
4386
19734
223
8764
14037
1035
25024
14459
15906
21404
16419
5777
18976
15657
768
398
6963
366
17384
23452
23505
6269
21178
18712
12264
12775
12341
18073
14112
13022
25071
18436
10103
11340
8876
5720
358
9347
7007
17965
4477
21117
22257
3533
22930
7655
2884
19230
12730
19817
4971
20914
25201
14559
26068
26648
712
1086
20812
8206
139
11974
20187
25979
25116
7503
14295
21938
15511
13324
11843
16322
5431
11005
723
4402
24654
8356
16004
3982
22821
6194
21291
630
26641
10558
16930
11044
22045
12851
26182
9153
47
15173
2791
1026
18004
14273
14310
21396
2611
19256
2231
8868
1966
3859
17714
17975
3852
4185
3426
2163
16733
9691
15443
26097
14809
3079
12660
9631
15983
4360
20920
18145
339
15372
17508
20755
1648
10730
3557
18661
19087
7066
8491
162
12687
18883
15240
20508
9823
25449
19139
12439
4251
27251
24814
7052
13179
19744
5787
3831
22673
2113
6906
24901
11348
14293
5097
5212
8646
24870
7602
13931
26973
6914
9598
9572
19713
24764
14983
3253
24769
7145
1769
18293
26272
6575
21495
13497
4616
668
7633
13216
25859
7623
9647
16123
6491
19098
24046
20356
18378
14254
27176
3075
23878
26258
25972
4570
26366
16831
1904
15536
10237
2556
8277
18900
11982
8911
11081
19803
14198
5201
23184
10333
12828
19295
17946
26707
1872
315
2399
2763
17211
13153
8505
9997
13736
22073
15768
6526
11319
23926
16813
5867
2390
4221
3120
13281
13641
12594
27242
5958
16127
15416
5188
113
7241
25098
2851
9317
13837
6018
12472
19601
25757
11359
14488
12715
11154
20467
25769
20625
25243
21636
14062
8555
9496
14239
5414
25394
18478
21165
17455
27056
21852
177
22652
6647
21026
13773
9221
22467
24801
11736
25572
2542
4631
13659
26808
10505
16093
4211
23214
19923
20359
23539
19742
19458
24274
9020
21319
21868
7406
17073
24691
13812
7076
128
20736
21282
4027
1156
18536
24927
24754
22376
7626
14384
16290
14268
19641
22709
16681
3844
21173
14162
11684
23275
8467
1387
8854
17304
10806
21298
20518
11058
18596
14972
10603
18399
14638
17427
1589
1342
14785
19115
14521
1430
1785
5276
11043
25208
18252
22710
14707
7855
7388
26345
17681
5586
18298
23163
24200
7993
20888
26824
4732
19006
15809
11264
22005
12772
7099
17875
7851
16591
5533
11823
8474
23543
463
26444
542
2006
8930
12073
18474
24400
10851
26942
14859
10129
22108
15541
24869
25920
15339
17690
5435
26173
14032
23782
10996
19878
18451
26023
16613
12152
19569
6328
13863
23296
17101
6189
7264
1461
16433
23478
24086
19448
11170
453
13355
25881
6855
26238
14587
9375
18675
22563
3615
888
19685
11867
19472
17030
14271
2044
4472
14307
7177
14872
20307
951
14131
18909
24077
20560
14905
16051
20528
6431
25952
20023
18488
26684
5508
12245
24974
3728
7393
2652
14412
11268
15590
13192
26694
14147
23690
26107
7966
16228
21798
25875
13451
2774
13039
5218
4026
6916
2353
20690
12144
21388
3321
11939
21070
10604
25741
24457
12567
14775
15181
16841
9904
16236
5659
8443
13370
8945
22329
9821
26596
23561
15492
1505
15864
3776
2061
5996
15438
25480
6076
24069
240
23442
16217
5985
20707
16898
6652
21100
8797
7215
19622
18783
3722
5642
25468
10964
14539
2179
15036
2204
56
21436
16563
9725
17851
9846
100
13032
25604
13701
22052
26443
5036
2819
5395
20265
1038
19077
25673
20193
2071
26524
18109
22881
106
10222
5210
18376
23887
11251
7611
19660
1232
20370
19093
10548
18797
4298
20300
23378
4683
11925
18192
18087
23357
12569
26657
404
9217
4560
24282
9579
16511
26962
13026
5440
11903
24410
11109
26553
6446
24100
18204
19035
18328
26730
10267
8842
25854
16295
6319
9032
17362
4989
17652
13740
5830
5834
17849
10738
12299
19240
24938
10130
12607
14169
10872
11194
12503
4888
25443
17012
19407
20104
3826
1538
12484
9699
1300
18626
21207
26793
5750
5688
2920
6154
8979
21260
13781
14721
22226
2975
19499
7413
1481
26000
12890
22809
22438
18680
20271
6487
20436
25032
10328
6264
7205
26688
11663
15525
15523
17148
3025
7310
3899
12505
3727
23942
16803
12997
6943
22739
24507
9214
22928
22741
5235
5083
27153
11351
11156
1034
8071
16518
6470
17571
15487
23249
17336
8575
13378
1374
12355
7691
6962
8720
23458
3873
19652
21009
6457
759
26022
9235
25903
17969
18893
15534
26417
12514
3770
1733
22701
25350
1602
11582
15791
8048
557
14790
154
15931
3773
22819
6226
18504
5459
22458
510
20318
7802
5757
3927
9016
25983
24805
22287
19859
25701
14369
7559
16018
17515
17181
5258
21566
10431
5013
1491
21650
18863
13646
1184
21360
9353
7673
12054
11542
13598
18853
24577
3657
637
26509
12428
18225
5539
21003
21923
13761
7192
25702
9205
17318
9854
14726
11065
16816
15852
21440
22036
5905
15932
20028
24587
2673
22030
12805
23857
8957
24338
17023
17866
22301
25475
10860
21344
8383
10175
16144
21096
17444
7911
9893
3365
17637
18599
6815
18649
9155
19905
23634
25183
16099
26832
9142
8140
14736
17877
4320
25636
23338
18347
6580
24777
17521
24272
4427
16709
23523
13195
7078
26857
25583
9231
20204
3755
24843
10992
19798
8328
22185
2998
20045
26883
10669
4878
23587
23892
13411
24717
9376
6852
5046
20872
5602
234
1249
22492
21714
4981
24053
25892
16039
23376
12939
20636
2720
3867
21511
14655
22448
20181
9149
22632
19950
13117
9121
7905
25290
7569
13634
24420
12830
19629
16891
5015
20084
5487
2146
8658
13802
8107
15913
1114
11276
16565
26815
13589
12200
20183
9749
8175
7440
20756
23328
27262
11609
13157
25198
17643
24964
13309
26259
27272
26749
18448
19468
12595
17097
5523
21615
22056
21336
7059
25168
26667
20443
83
25949
14410
23021
13413
12412
16323
23344
15153
1056
20325
26215
17419
2090
22896
4264
18041
21764
3207
18071
14420
15774
17049
25276
10126
4078
1209
1366
4344
16344
19582
13999
9409
21681
4528
18790
1583
24700
6696
26277
18633
25568
23029
3456
12085
23639
18430
14549
19702
21247
4188
11956
12709
6679
23751
12523
20896
17594
1
12785
21307
25110
12959
15327
1944
8398
18042
24260
17074
10062
25416
21898
19111
12442
8038
26120
11935
14799
6398
21628
18212
13980
19485
5670
4055
20550
17984
10668
11827
9662
10264
18814
26365
5696
17246
15277
2147
1924
4186
22426
13671
13964
4330
27182
6146
16462
8753
5785
7023
9068
15648
14848
2437
245
5617
12936
1358
25420
4735
13365
6827
20262
10066
17322
14738
3349
5954
15360
5877
16082
2839
24207
13250
14143
24263
991
25292
1772
16753
4754
23187
23386
216
25433
3882
3146
5714
16701
12013
11763
2062
22125
6238
14510
14194
7163
8837
6517
17343
25936
8453
22534
14897
23107
1148
5507
3084
20909
23212
7707
10093
9642
16122
5774
3790
10295
5261
2232
26293
6683
17334
10453
13853
3775
9915
11444
4289
1165
16836
12736
23769
25225
2026
15293
6528
27197
10901
20519
25569
25384
25406
975
21519
22588
20094
93
4281
22099
13345
14043
4045
5405
25818
6355
25200
11074
8701
24075
21733
11338
20253
1006
8880
8794
12623
25797
20593
13098
6617
1042
7067
22602
26184
6466
3774
24682
14395
4877
18839
3583
5308
25334
16940
15224
13600
1407
22239
15099
21066
11917
14072
8444
13614
3199
5500
23099
13822
19784
15722
6296
21304
25614
12515
8313
19722
10038
9293
13907
11946
1997
12248
22236
9223
17132
7824
18396
4772
20427
10541
7319
10470
25377
7881
17186
20451
15547
8995
22360
23475
8212
23670
17375
16658
21491
8500
16373
25176
19535
9026
15923
11397
19815
24603
4229
21668
11769
24787
12949
7027
13443
23110
9751
7235
5470
4938
14386
18594
22754
14675
12318
11021
4945
7902
7138
1416
17929
269
5662
20743
6004
24848
2663
15019
3300
10574
15101
8741
588
12105
19266
7260
20606
11887
21699
10796
8037
2970
10486
3785
7593
17143
25531
23767
24450
20868
24514
18214
16059
25124
12000
22805
7141
16757
24246
15622
5702
4790
19362
17391
12119
3464
7156
26538
16389
21271
13956
5467
24914
23810
23484
13572
17309
15301
7480
23411
12304
18297
21998
22117
566
8712
27084
23116
14601
17230
10419
23333
17412
2787
11486
7701
27136
15117
669
26760
26467
10480
26606
9472
16575
3644
8392
9789
4700
11489
9796
2135
25494
5745
9242
20469
8334
1074
26458
15512
21600
886
24788
10782
26139
8438
4370
24947
4083
2622
6839
11375
18170
26969
12297
13784
21857
10647
14831
26304
2548
22720
1255
23052
4531
875
13277
9787
10496
20532
4915
25842
7543
20264
9003
25647
11731
19
2670
17612
17015
21948
4129
9345
24347
12017
23430
3066
25950
15975
15027
8261
24975
11049
26951
9110
19187
10702
8890
3260
23552
26561
5000
21742
6706
1397
24628
11332
16011
18710
11948
26111
3914
12691
3952
11781
24622
22198
9899
21970
20209
2471
10046
18990
21838
15046
7045
21721
25679
9733
2741
17898
2263
6684
4632
15149
22688
18031
21315
19134
17482
11512
16862
15134
21756
26986
17264
428
12014
7535
3901
15988
14912
5271
13165
20290
13816
12103
3765
24183
15460
26957
4994
21389
16438
12313
924
12888
6621
24782
17960
21489
14138
13130
24055
8756
14017
23011
13914
8008
661
7916
20021
13244
14581
25102
3959
8289
22352
9920
12149
17344
18417
20821
21771
17399
10095
22162
24445
6164
1553
5478
19325
14552
2244
10245
20540
13106
18932
18409
12584
9976
19520
26595
22465
17614
1993
4133
13510
24092
26354
3742
6025
16746
19609
5458
16288
18120
14363
1842
23966
17115
6786
10355
12330
3532
2072
9914
4192
18444
19318
19536
2430
19690
6981
9536
26713
13826
1528
1216
9190
3399
12957
23605
22475
3688
6546
14574
1929
13344
5282
8614
25919
2790
1822
793
21866
1394
16924
16950
9613
2957
24584
9648
10313
3917
16392
16667
12291
2288
19825
27091
5249
8647
9018
23196
1877
26534
16875
11787
11972
18736
24863
5728
20708
4816
26389
9828
10671
10165
23016
7182
11127
18914
20771
15190
834
18727
24018
3897
6101
26019
8630
6428
25809
6572
22518
17486
20011
8619
11014
3503
24368
5737
9049
25423
15717
1985
1757
19430
12996
25315
12046
16982
16177
24361
11037
15103
14974
23618
1190
12750
5311
19183
15637
22050
21354
2748
19728
7165
22407
8849
5552
13977
15000
22327
10406
18167
17518
6423
9884
26082
22432
21954
6386
14223
25379
1225
26244
523
678
16029
15263
19887
22514
5381
24803
10531
16546
1507
16049
1766
74
6968
4164
13000
7783
10764
23957
25896
15407
5640
19231
11133
9771
21527
4855
489
11162
5542
13420
714
21903
20335
23231
22140
3330
4708
21719
26131
1102
26078
18070
18100
16354
25347
14168
18971
3990
12643
8254
22642
19525
11889
12175
8964
10742
195
19352
14246
7975
15470
9993
5132
14326
7047
4751
17785
18621
26188
10958
3601
520
15704
14403
15371
20320
1869
26761
13794
8226
7732
16858
26147
25628
1841
24743
22280
7506
12253
901
17704
10713
19303
6779
4438
6096
158
26847
1949
8134
2745
18881
5244
18670
12663
3286
8420
14080
5348
25010
5848
24186
16353
19740
20975
27259
3327
18215
22691
21931
10984
12857
21670
14667
440
11221
23775
10590
10488
20041
19663
918
21884
26938
24203
17066
27095
15062
6928
17289
12701
23660
21814
4299
23037
1405
9445
23719
23646
3078
5925
635
5102
13669
3489
8042
8216
26321
9994
5541
10188
23158
6395
10269
5965
5304
26501
4512
5821
7769
9284
16283
8546
13910
13289
4288
5051
14469
24009
17005
2580
13687
17173
5192
10615
9431
19677
8583
7250
8307
13475
4315
15746
9314
11387
15323
4278
13115
22023
23709
15238
12673
17630
14226
16850
15485
10523
21523
16714
13843
14936
375
16455
15566
18459
19758
3178
18872
5300
8369
20404
552
19669
20121
9931
13433
13397
19282
4473
1778
7428
24722
12898
13457
26740
17559
11877
11653
22399
19621
2050
3631
5776
14465
24672
3677
9731
11117
9270
24126
15563
17351
9301
15816
16907
12468
15
16872
26818
18582
1996
18591
11418
4113
3684
26386
19675
21950
25556
16900
14867
12213
15249
26737
2116
16958
23358
7239
25458
3454
16472
27113
22660
22524
9687
24021
2
20629
7785
20446
22245
16786
19960
20731
14123
26675
22047
7615
12316
13188
19988
2620
24079
13025
11807
1418
20881
26056
3564
10663
4940
10838
18936
7637
9790
7579
9385
4065
10189
4233
15719
23765
16135
13339
7862
16727
11099
4127
4503
3202
19486
12219
16887
23944
17040
11541
6099
1554
11757
12766
25539
5796
21297
14177
14228
3752
15805
25928
9128
20412
16865
17136
2480
11573
12638
10154
14818
11312
8196
4871
20440
22317
695
25089
16258
17206
7284
14007
17972
27166
18615
19465
24804
14373
19034
3492
10296
23633
9518
5851
8817
943
14071
3006
20317
10564
7959
20242
5989
8300
1642
7967
140
1746
6583
7149
3203
5262
8866
11224
21596
14697
26479
18130
960
1971
18981
4898
22544
27120
8732
6920
21830
7990
12196
18719
8255
5150
14652
13389
6192
16473
5168
15467
19586
9258
24593
17292
1381
16196
4039
18754
16928
25990
11537
3299
11614
27086
2189
24774
16555
12548
14157
18748
9186
23315
21473
23419
13199
7498
718
16192
741
2964
16675
9804
17841
478
4771
27045
20852
27050
20132
10755
7873
17806
21652
4396
18967
9405
26904
15587
15445
435
25738
25386
3139
8361
19532
24399
4322
16113
27172
9938
6976
2180
6479
13174
8593
3542
21515
14748
12405
7093
3798
22264
24611
8570
21408
12336
12590
6283
13726
7760
10422
14237
5455
8986
25218
22921
6634
2696
17861
1245
19212
1597
26399
5214
22946
26908
23439
4639
3068
21240
21785
13503
18946
7734
7866
11671
1522
12191
21647
10450
21018
15440
21878
26115
3387
17884
19105
7119
10957
22762
11296
1343
19648
4762
19345
3966
1318
12272
22901
11847
18725
10688
21964
1726
19033
4844
16412
8189
2132
19796
14825
1326
14930
4456
168
26295
2250
16046
23401
285
15615
22727
14528
19882
20171
12022
15676
1945
4970
786
5811
9478
26798
9599
12358
18097
20214
26813
20782
10024
18005
8560
2810
6066
4627
1748
12381
8276
22985
9859
17897
934
2069
11895
7221
7722
21015
10684
20568
3189
24562
11881
19909
18702
18829
1756
18289
17163
23800
24296
810
7102
20024
26494
20584
14567
21033
17999
19054
6883
14284
20770
24752
5021
26448
11233
13387
24172
4793
12396
25522
25761
1812
15654
18044
1685
21047
7665
8129
24998
23277
18024
25878
25142
12615
6365
22509
25230
1145
26615
3732
185
25025
26768
118
3444
17620
17296
9371
27012
14171
7369
9412
22343
15883
7436
4304
23294
17579
5365
15258
24153
18564
1977
18420
3942
3291
26527
1917
19128
20162
2758
16776
360
10638
20840
24409
4500
1697
13234
21660
6743
14629
19979
4002
2650
8147
20746
19837
5106
22950
14933
12030
27199
3209
13995
458
21541
2326
670
8217
27185
1474
9862
12653
26062
17306
18823
1134
8151
23422
15597
3943
6254
5913
13857
305
12470
20424
18772
6845
1853
17105
24983
18870
6609
11308
4952
22785
4090
10424
11324
3568
13554
16199
6288
17964
22927
5749
10212
2779
1809
21690
22679
13756
6373
6568
6369
6415
24432
20479
5058
22670
18142
21190
5004
16750
3435
3098
21722
26701
10386
7815
21732
8670
5075
9532
11407
19546
19388
6854
13269
17194
10736
15574
27237
26370
10493
12128
9365
11367
15629
23604
6532
5890
12719
24617
14176
26791
6
23748
21677
20651
18200
24276
8266
5970
8519
864
1268
3970
11588
7363
23853
13845
27085
25779
12256
13256
14917
24004
25235
11795
3245
17628
24781
26123
22279
2414
16336
9839
1124
20074
19593
26764
24312
7845
921
24373
11427
10797
18202
25296
21080
25274
20998
25728
10199
17528
9957
16640
17723
12600
20991
13680
16502
18326
27122
13131
21679
25375
5692
19438
11210
22729
21453
20349
14719
27214
25513
21461
21112
13996
13248
4905
13224
4435
22085
23711
6229
9176
16999
27208
20859
10610
21476
7379
6359
6179
909
22064
2032
363
26933
6585
20804
4931
19839
14986
8286
13752
1807
10734
15228
5073
13700
13950
3119
16537
6050
24037
16388
22909
1419
7825
11565
25591
10675
16161
17752
1329
12770
8123
26899
2904
10232
15529
6721
7493
16362
10127
14252
4589
12978
770
1471
6080
26784
11467
17083
23715
15355
15751
21320
12372
12843
2910
18159
8663
12556
2604
25821
7789
7490
13014
5400
20564
1495
5680
2721
13745
2174
26820
1851
2559
2514
23066
12580
6682
5911
6202
18261
17736
11280
1980
3224
20832
1261
7437
4436
26230
9961
316
10256
25788
26284
7985
13462
3821
3378
12658
17689
11189
21192
12519
2646
10019
18552
12161
9078
14681
10226
1103
10659
9686
13870
9811
21214
8424
7926
24527
20763
15404
20937
19428
18776
597
2080
25252
13300
11209
17307
8480
16531
14064
8486
2979
25667
16314
16014
25720
8299
8158
22824
24902
9352
18517
22707
17291
25868
1555
20669
3258
21393
8099
10758
5292
17325
1441
12546
11137
26917
16191
16321
18182
20905
17563
19865
3626
14004
405
25273
20964
23536
19422
22482
2761
3772
2574
25828
25658
17815
12243
19223
18491
17460
22501
9927
23487
21583
17990
10897
24264
17122
26294
14353
11182
2374
25801
12986
4807
25396
12871
2338
4408
3268
26810
20863
16184
26840
6309
4999
16963
13084
12591
677
22994
19196
293
18266
209
20655
4156
11520
18777
17221
4034
18468
1296
4545
3554
24155
8382
25780
24888
25322
17677
23949
14512
12862
11399
18105
7813
20523
19775
10925
6629
6996
7856
7378
26556
18527
23276
8448
1040
1883
20458
26775
22778
24407
25312
14808
124
3430
26042
23833
11
10279
7933
13766
6046
24645
17805
10830
13627
9422
15739
24475
4254
17493
21206
10375
12240
15316
21901
4353
6893
27035
1276
8479
26572
477
24481
421
6538
15908
9237
2269
3015
15142
26490
25942
20273
6169
20042
25883
22986