2797
18101
23568
14427
24557
13023
17793
663
10538
14707
16923
23054
25052
3316
9275
5323
4022
5843
13047
648
15655
23588
7737
19123
18608
20045
7871
3414
21680
19570
12870
22275
18528
26932
18073
20873
26904
17848
2898
21018
20122
8455
6308
22751
13132
23583
12311
10151
7180
23600
11332
19528
10253
15897
342
2138
22469
5856
25456
3666
22809
4157
14169
2370
2657
15388
2150
6531
6596
13334
17917
17353
9131
19113
15602
698
13490
19770
24499
26896
7077
14009
823
19744
6448
9300
26153
3469
10225
784
11855
25533
15352
1229
24280
25749
24404
6339
7196
22680
22817
13848
20821
15671
4233
2494
116
22048
20017
20035
1913
10524
8865
20329
19270
21889
4529
3738
18973
25410
11169
24111
22186
21743
13468
11984
1531
20410
19961
25957
16939
22108
6259
970
8875
3968
24399
19186
7082
2573
1991
19543
11609
15023
27065
1397
1439
16262
9173
25145
22884
6829
12908
12118
9356
25787
19740
23239
25995
66
1821
21492
7843
6290
25858
16144
7900
13817
21170
1808
25313
912
18784
22376
18328
24576
9034
23677
4469
12599
24473
9602
19971
17898
6276
14258
18837
831
25544
16805
15983
24701
1562
8795
11704
23942
23081
26036
4712
26494
5461
7829
9364
20880
7047
20990
24545
26606
11292
11411
1934
9217
25282
7195
23336
26521
15475
24690
23559
1899
4648
17439
14183
2348
7397
20941
27159
1349
8187
7557
14231
16427
11155
10784
1785
15974
4412
5702
7115
11645
9522
11917
17469
19306
793
2059
27319
13588
10514
19518
5401
7621
23266
9298
9695
11355
5522
15235
5596
10273
6713
3292
7910
2598
5126
23551
20026
11825
19014
25441
7021
20957
27299
22604
18927
15128
294
25666
23886
7995
20175
4492
25600
24977
21080
22320
16343
10529
19775
23245
2313
9652
1497
13912
18707
17730
7938
23879
18678
1998
18882
27241
18833
23786
7350
26195
15170
17142
3506
22920
3616
15672
3440
19667
8743
16705
7344
11162
15091
245
137
1002
6148
11693
15282
13655
2667
10139
16829
23539
4340
562
16228
24584
24616
14497
265
11618
71
24446
6169
9390
27250
12707
6099
7766
10027
18127
13333
4299
992
22122
15034
6143
23796
14821
8649
2856
26874
23653
19843
25048
21217
14460
7651
11913
11830
26977
15160
19499
8482
22969
9787
8467
21008
9774
21900
1977
18703
18768
5236
6632
7682
653
19099
16957
25928
5389
7686
19761
21585
4067
27535
5282
3955
25895
19816
8201
20606
3266
10160
27129
20631
15737
4829
23803
2825
6333
5865
8177
17418
9434
17240
12774
13624
6702
10611
1552
17432
2038
5518
9552
20230
15491
12155
8617
6510
24973
23147
21620
18180
3765
4592
15638
20972
4393
21610
15122
10224
11953
4625
20048
9295
6723
23982
21317
9964
21649
25063
11737
21240
11651
1871
23472
23122
18900
15401
21468
23775
20691
10758
9054
11605
8289
7165
17631
12510
3986
22477
13344
409
16738
15012
23877
12550
21715
13582
14690
23130
23013
23761
1209
22041
5180
26022
7472
7173
15068
895
3503
11893
13028
20429
9911
13538
15592
5424
18820
13979
22836
21625
26685
15696
10458
7920
17158
3715
26556
8639
14826
2321
27557
18819
27370
268
20762
21022
6601
1279
22981
1458
20728
1788
24071
1316
16211
23465
27018
27333
24892
18270
13436
8427
15049
21746
15563
14443
9316
20135
2462
4032
20867
27324
3789
6892
15728
24265
10304
14448
4401
3793
21757
20057
16971
25586
15864
26380
21142
7501
26024
13862
9302
8508
2596
16369
25137
17611
10703
7509
20575
26407
9564
4564
17595
10394
13451
6050
4083
705
17850
12941
10211
9025
2088
21787
22999
20635
4894
11816
23960
12528
10689
14913
18450
25120
26064
14439
26922
19188
7612
7161
19241
19559
14233
18439
13966
26101
14127
8446
9258
14232
1377
18831
11486
12673
13283
25757
15056
21213
5465
19875
18843
21607
13369
25947
8209
25357
931
5007
16034
8857
12518
16864
11576
6178
19256
9082
7103
16777
40
11177
7282
6198
5454
26636
21253
18015
11929
22838
6686
21938
9266
9952
20665
3861
19614
21415
4085
22371
1626
21582
17023
17099
2243
7290
16610
13603
16049
21522
17230
12697
19292
17060
22287
8578
20521
21420
2333
22853
25299
22409
19405
6441
19615
19738
9212
8315
18694
18255
23184
27080
4102
12661
194
1160
8537
12081
2837
5122
19648
11806
21987
10587
16113
3923
5468
24740
17360
3741
11384
18392
7434
21016
21494
22098
9282
19472
16936
14245
13222
8720
12577
865
23360
23518
18630
777
7260
21048
26353
5868
24466
26221
12188
14340
9123
3152
10982
14648
19849
24406
5575
3999
27243
5975
6032
1466
19989
25737
11862
23382
6366
19825
17237
9030
15621
13272
18798
22784
1625
14553
5019
8111
27064
680
12545
18823
10183
16928
23956
27465
5069
16643
6741
22397
20884
4804
9114
25797
70
18590
19493
368
16438
18629
3050
24103
13349
5731
25105
22793
23864
13268
11762
9418
14100
14765
14419
26032
5245
15289
8712
7604
9223
1704
7088
13888
22020
21976
25745
13689
24453
18847
17601
11073
7205
1090
25962
25672
443
26717
27172
5837
17499
10817
18000
24272
252
2726
8365
23307
10201
11732
19119
6447
23995
6435
16224
8305
27476
9189
13367
12814
21722
19730
15603
21
16800
20863
26004
25049
6572
22741
13263
23090
17991
16768
7599
4137
4147
23200
26660
4766
3109
27212
24530
22708
23633
417
16118
9832
11631
15228
9377
21208
18874
9816
26470
11547
17179
10028
3886
11447
19134
20039
13642
6553
25861
7132
21819
1487
1482
4875
10630
1667
15890
7720
25991
5102
22070
10127
27577
2592
847
22145
18053
26956
11796
18061
5862
17859
231
125
14671
10983
10569
3564
15674
8892
6388
18034
25218
17017
23196
20538
10711
1564
8156
25273
14945
8440
15661
19719
21817
3287
20543
24158
17478
27054
20841
9398
20502
844
20161
27045
7293
148
24360
10643
24049
15254
6392
24216
23199
24451
5554
21842
5568
1414
14887
26958
3098
4839
27276
19387
303
19652
8896
20308
27523
7254
24167
24769
7028
11690
4918
7448
19560
13703
15773
18658
9005
26125
1976
12952
2339
26748
1047
16585
22702
10596
26530
18983
23850
2783
91
25395
16814
1418
25546
10397
14845
4988
2972
14385
20602
3197
10801
12029
16608
20785
3472
23695
17807
13408
25348
6951
24629
9945
21307
8011
17421
17446
1616
11979
7540
12217
15619
11131
4295
20221
23159
13922
7948
5113
15242
963
5450
26389
9590
19355
8936
24670
5381
20552
13409
4297
17998
10750
13742
10312
1729
556
5889
11120
19891
9756
23651
7752
12304
12266
9162
9320
2280
11853
20480
27091
23111
21658
4675
15522
21530
18116
22413
20986
11286
14347
5613
26196
19373
23863
12656
22782
4791
24467
689
18173
1166
7447
11347
24022
23488
4581
21118
27140
8487
19412
8562
24095
17810
22681
19585
25805
7497
27543
616
6237
15483
17173
11314
17765
10284
17874
8824
7573
11482
512
2459
1339
13096
735
138
12567
2126
20683
20247
22926
24883
24393
13622
8497
9470
19683
21805
13877
17575
9938
11237
18929
6424
25043
24539
22150
12696
13142
17714
810
13293
9078
13033
7935
8116
10412
1779
11508
7673
7492
16152
16422
15212
203
8080
27175
14174
24726
11049
8382
14838
2284
14085
17276
18895
22619
2990
26212
23921
13282
3176
9104
14214
8576
6690
13729
22904
15320
318
20334
21148
26546
2529
22844
22626
13161
21231
21927
16250
6346
9142
2946
14196
20262
21810
7791
803
10797
4719
26218
27305
27100
5099
10111
23349
11366
24614
3590
7741
11136
1239
22826
26826
5255
11530
24734
1731
6635
19809
7038
11993
4948
6733
5520
25058
4613
376
7727
5410
21562
718
1943
6561
4462
16175
25101
27179
3347
20089
11070
17163
12072
5913
5085
21368
27493
18993
26966
16091
8103
8248
5011
81
25772
2754
2872
2123
6098
19160
12557
27362
6934
15455
24132
7074
16358
11203
2122
15576
5162
8542
10357
26480
14397
6893
1039
25075
19806
4076
855
24752
10318
5758
11555
22760
17639
11785
10873
3467
4354
15144
9381
21198
3168
10486
26017
738
1350
25623
16340
15694
1677
22004
4504
14677
19380
14186
1031
15207
5294
17686
19023
3728
6044
17109
25838
14318
6297
20904
1603
6948
11528
25661
2733
22803
26878
15439
7801
427
6301
23481
9412
23232
19460
2677
19170
23993
22428
8131
15311
16717
1141
21246
18742
328
25534
18544
3014
614
14308
23368
14794
25305
6751
26647
17098
15720
6528
7361
24489
14117
20926
1394
1813
27562
16400
24822
10444
16560
12309
6697
12039
9680
12710
12835
5466
15715
13658
13086
14812
18085
3509
25285
15366
15559
10884
5300
2329
14585
12013
9244
4119
21277
5357
14813
15500
16407
8051
3331
5128
4878
7771
23503
1632
893
16578
17994
26463
17755
21510
8465
1454
2703
27337
16786
26652
25782
13755
5978
27208
14156
15836
9646
2626
5062
3561
12243
16183
10442
1347
9887
23940
10129
4134
24730
6056
24828
3887
6022
4484
23895
25401
19053
2146
17989
4635
26616
4410
6092
24035
4191
24647
16565
25486
20084
22924
21906
6491
5714
9618
3373
27462
19415
15571
23323
6058
4091
25613
17123
12863
21181
12220
20966
7236
20653
5958
2923
849
10604
1535
17553
759
23420
21407
21503
23024
12824
4277
5509
10492
25259
27034
20105
27050
18478
5991
2866
1163
22987
5820
7360
23704
11112
17938
816
6256
2041
9842
1827
20733
26974
12096
25643
3806
19316
10970
25362
320
15245
14332
11058
285
638
18095
7570
5262
19682
17722
17708
15697
14499
13084
7653
612
15425
437
25059
19115
5738
8087
12107
14613
11364
22222
10086
3215
16083
26440
22922
26625
1450
21362
3328
3816
7188
23766
22571
25324
6589
16552
16459
11956
13129
24953
25193
13707
26498
15256
16119
24631
26187
12731
22768
1266
15332
7925
4171
2109
2093
21137
10367
19398
14309
23954
21162
23211
22596
6478
20203
5954
7440
1737
4538
20642
159
24562
16482
16848
11437
20145
4059
13739
4209
23823
26174
21377
21101
5464
16300
26495
17155
7749
19659
14040
16909
2888
7476
7617
17300
18283
13213
10749
18719
13159
25850
7070
24383
8293
11401
26249
11322
24441
22259
27569
4977
23545
9350
5870
12758
8616
9614
2006
8670
17077
3076
16904
22692
7610
8531
12857
6408
15069
3003
13853
18915
11716
14472
10914
24571
21285
10664
2647
24895
6969
1964
7333
9687
16614
3748
18790
6802
22710
25243
8813
17936
25822
12151
7544
19466
11944
27165
15357
20916
14537
2711
10476
6853
4066
18138
9556
18807
2812
26264
15358
11210
12463
13464
2167
123
15077
2020
17211
12163
5527
11098
13487
16972
12119
24186
22679
9967
2932
18043
16653
20702
14292
26795
18935
5936
7976
12171
2175
19929
4182
2507
17525
20949
16472
24172
21535
14605
14362
16820
24003
4520
2212
18420
18384
2295
14461
7666
2253
5061
16452
2159
17841
25502
2194
21175
22534
10959
17118
2768
24244
3303
26841
6552
11926
24057
3962
27449
19834
180
4256
15032
11333
7762
5592
21405
16678
4680
5948
15580
2687
4773
9954
20496
2985
23530
21392
7660
4294
6488
5200
20323
17739
16496
7457
10147
15742
12061
12679
29
10845
7529
9525
1452
18066
6430
4654
11533
8216
23861
21735
5508
20198
25573
15082
6482
4852
19704
16111
19868
3529
2826
21028
17052
7548
22079
8945
2000
27256
4978
23405
9915
5335
17587
16272
23987
16234
10555
20848
4433
5832
19883
21347
10935
23255
25569
20081
26845
7140
22775
4443
9970
11495
4521
1503
16429
1912
3698
3708
23971
22318
602
23575
8263
5558
17392
20910
26752
1070
12662
3065
22174
21091
577
13078
10405
1198
14139
20342
26506
12629
25481
12097
18913
1028
14205
10387
6792
10470
27113
14344
21826
24257
25759
1245
26078
3802
24456
27200
23663
13844
20811
23925
8064
2411
4757
26984
2385
11250
21554
9861
1761
11010
1395
16393
4104
5003
3496
23341
10295
19207
12609
23735
332
12468
17510
14019
12986
5040
8314
6057
23395
2562
20270
14895
7782
939
18137
4417
27483
16540
1809
19759
4856
26081
3129
22277
9540
206
8963
7952
7387
7643
3945
6136
10441
21532
7099
6499
10018
20336
626
24253
18923
26113
27530
25056
13445
27227
10230
19873
21401
4998
25780
18909
27154
15989
26860
18218
22341
1612
25211
4272
24995
1460
10679
2951
9067
16302
17132
22369
20071
26413
25633
21433
7531
14095
24076
7018
1986
20068
2371
9147
19322
360
17666
9670
14375
15920
19711
18492
403
1296
12638
12787
12598
13051
879
14026
170
16000
26311
26938
18542
24660
13065
18556
26307
25900
16566
5784
7055
26766
13806
25730
4452
25842
9235
8020
24655
20776
4121
6763
6281
11377
25653
26227
16312
8843
11771
11256
7985
18189
20734
3038
25712
15964
8675
18598
8919
2353
7118
4924
17930
5333
24259
6643
24851
14977
26836
24749
5669
9071
7093
22117
12044
13399
14766
24914
27311
22332
23107
24621
16125
9879
26490
1373
26451
11312
3323
27347
463
12809
21357
21519
1928
8974
26731
5144
25693
5850
3406
18364
12378
17492
15820
9580
24952
7128
23905
908
6905
11114
1132
5132
22966
27023
9846
9058
9757
25018
7426
10804
21690
2441
12054
14870
1679
16475
23887
13426
1364
10428
19264
21344
11751
13335
11221
14152
10233
19777
16331
18513
12108
4352
8826
163
558
766
18517
11393
5710
2620
1182
12881
26511
11745
12874
22403
12306
15905
4735
21269
24094
13497
5794
1360
7869
4965
1248
24436
26343
21979
2452
17889
8698
2912
1906
24125
7170
25986
5006
22203
22900
12994
13761
25199
15647
5606
4287
21430
13813
10417
22246
12129
26067
18759
1723
23616
11200
5051
26401
18371
3300
27286
21545
22519
2503
11102
6383
1427
26877
1746
20673
18821
26018
27010
2760
15662
27077
14994
3699
14967
4574
14576
9474
11793
2215
17664
24776
8778
18295
470
2548
19365
1420
17539
25936
16140
19599
20471
13112
9089
16911
7854
3907
2963
746
13253
26849
5780
15200
21353
14863
6186
25115
21662
20690
3229
18354
10843
19488
11633
2118
19252
22014
8373
4651
12537
947
15594
14939
9852
14304
4311
17981
1327
7245
2131
16892
2914
4144
23985
25339
16105
4014
18130
13498
25416
15930
5748
19824
6626
7325
10125
13891
2394
15384
3350
9444
4552
14251
17918
949
15520
21177
19079
19069
12103
15510
5997
1791
10820
20744
20346
10421
50
25516
6133
15369
13939
27556
17412
13964
23509
6990
5910
26786
8102
19725
9642
11731
17266
2878
14696
25628
17842
7931
20511
11204
596
20827
22576
16101
18524
8297
23789
17654
17705
13106
8325
14736
9129
8566
278
4495
18213
24077
23572
3916
6843
18716
16383
15251
21910
2287
9767
27355
26435
7915
26706
24872
25651
8196
10751
24737
10895
27415
19758
15448
25689
5286
18267
26817
2844
5833
22994
23933
7625
5418
15532
11733
5550
378
3516
17655
18682
20078
4879
11023
3374
25815
13075
475
7061
25531
24686
3302
22843
15609
24746
16873
19607
23950
22754
6824
1953
1260
6040
943
21942
6222
6999
15416
20478
1240
13973
9373
10366
17858
25493
18024
25603
25919
2807
22552
4465
8017
26192
17042
10921
453
7392
9898
15363
26602
17913
23716
20589
25248
21934
22542
3647
12178
4957
14517
10105
20240
7078
27006
18646
1636
12579
8409
18934
22662
1036
6674
18296
4821
21164
15226
16505
3246
9818
3388
19638
16442
13101
16841
2965
3673
21060
11231
119
9427
20451
5217
4224
14458
15272
25159
19124
21922
14161
13354
5762
13057
3359
1756
5371
20362
1235
11425
25875
6898
2682
12086
1073
12321
12768
18702
12811
13683
22914
12418
6126
12215
9255
10813
1340
18656
14808
15799
17299
9823
5923
17516
15008
23801
18301
5637
26901
8424
6918
26331
9784
24699
26575
9179
18852
26564
18470
15795
4885
25710
4043
2184
14033
14947
20818
10742
1273
14717
23500
16790
19685
18670
15324
26390
13809
14786
16151
9828
19923
26438
19918
21784
26946
23261
8516
24937
17514
17965
11192
12899
11534
7486
24695
3443
18122
22603
18224
19026
16640
19474
2694
3835
12646
21328
9906
6573
25472
8259
11040
2876
11431
8399
13180
22177
17203
24792
14107
18381
2569
17624
5104
10949
26863
15209
10263
2639
4192
25969
1211
1087
26272
6619
15755
5342
17797
15262
25183
1
19796
6568
18196
20000
20852
18430
4472
3929
9993
25638
2072
14738
5866
5822
6676
22302
20152
6418
6053
13392
13878
25494
5272
9134
17024
19059
16024
21069
25555
677
14048
26529
9530
1287
24336
4684
16927
23292
3045
25596
7008
14727
19222
22610
25413
20402
26398
258
5766
12754
6796
13379
4309
35
8885
14560
27032
15632
22258
17032
12925
19772
24012
15165
10341
16243
17334
3432
13420
1834
9338
6872
2822
24905
25933
10333
15104
2580
14145
2419
15342
22965
3853
16988
20488
15850
1969
9495
10410
10464
5030
5546
27509
10879
5967
6752
349
25640
19003
978
9251
17559
6668
10876
8096
4530
5654
13594
9871
3578
19703
8118
21731
26674
12919
3193
20603
24663
3343
17251
8821
4723
23071
8986
6687
19005
15118
9207
21107
23760
5141
15887
991
23378
15574
9153
20530
13261
27292
26462
22736
5190
26471
10565
10531
2270
6863
25843
8701
4967
2407
1581
5276
19532
4239
8905
20384
10166
17007
8852
17455
23681
4244
9479
15869
5307
9059
13046
14999
11686
12400
23074
5280
22248
12003
1207
4958
26285
1869
17545
19301
13561
24646
20421
3880
27517
1330
26326
6980
9595
27
536
502
13812
1385
16914
3136
10077
20010
19789
13453
14136
6317
21189
8353
25431
2029
6497
16131
9455
22496
24319
20566
18888
4872
11674
6003
15060
13457
2049
4943
16278
18136
7083
5365
26046
19082
10661
13510
26011
25205
25397
13013
22348
23463
25851
8877
13695
4049
3588
6217
22091
26149
17147
10902
18482
26641
12978
16831
532
6101
17972
10943
6609
17372
12970
9287
26593
5174
1840
26843
7885
19031
26234
13153
7370
21890
12618
15148
7355
2563
24603
10526
12346
17556
7685
6712
25322
11722
1464
10040
23817
8629
5356
13786
9493
25588
11705
16443
23387
1544
10173
18344
12869
5229
7713
4383
15379
18234
14370
19437
4819
10732
24306
9810
10114
7582
26456
9184
20462
25251
22727
10026
16594
9198
25005
12574
22269
11297
4558
20801
2271
3568
193
7227
20482
6775
15368
4760
10073
20404
3396
551
20228
2484
16748
6016
5764
12205
2361
17338
17115
19293
16969
13668
2537
8309
26787
6246
16510
11262
7943
12935
11505
23453
2254
1812
5133
21495
25526
20117
5620
24723
3243
4285
3060
4745
10548
26139
17016
6964
13545
3926
25561
14492
24479
23897
16102
12666
5987
114
5112
24801
26592
20871
26738
10051
27329
9343
18322
3021
2298
6784
17383
11845
22162
9193
12795
18607
5494
95
5523
1271
25022
6254
23833
3619
22350
9099
12235
13950
24622
7703
14910
23369
13929
13995
13780
14236
25692
24593
5570
26882
22033
6542
7030
19141
24639
17342
3979
24515
10449
14075
10379
27398
9043
8752
25385
22581
1123
21775
22511
16293
24293
5897
19411
15132
20377
11883
26126
16575
6268
3308
15130
20186
1258
3245
2307
20585
16623
16066
25069
3552
12481
396
17193
23001
18483
14818
2470
14920
4860
1080
25040
13139
5645
14579
16694
18941
3589
6648
15702
22419
14892
3436
8005
4023
18814
17677
25639
24830
21394
26109
3995
27146
14658
25263
13245
15763
22405
21331
7856
11677
27422
20778
27391
19024
2704
23429
16975
7811
2907
1573
13659
26862
3825
27436
13347
11539
8356
4916
23384
8288
22637
24523
23968
2955
26147
6925
18036
6019
24328
9740
25881
24427
11418
27453
27257
27120
20709
20438
6469
16726
17696
8920
6947
3263
5314
24715
387
12746
24612
24375
10143
4697
3476
23811
24343
2234
23754
21315
7213
5826
17094
25641
20062
10978
10558
13771
14263
4694
16762
23064
1732
14474
23008
13198
7381
6055
19840
758
18033
18147
634
24227
21441
16797
14595
16668
22359
6749
3008
17178
22538
7732
5696
25468
11520
23101
1828
26651
26297
19773
13717
16489
7968
12623
15929
14267
27481
13242
22460
23769
19748
25762
19523
17053
25508
19328
25978
17059
6536
9797
3111
13994
11032
3275
1434
7127
2004
24550
7574
10967
16014
17509
17811
4862
22720
16364
3639
22839
3409
23729
24990
3161
19900
6537
24664
26163
21583
6165
7462
361
17058
23909
485
17549
23969
20327
21599
13331
10454
1898
11000
19801
8955
17957
13864
26442
20253
25681
9748
5154
20621
24279
13920
24878
21868
6899
20856
19709
23189
25973
468
18157
22721
7887
13616
9712
10694
7326
24180
24959
9573
4188
26371
10736
7001
10829
12841
25520
22228
19432
15845
8928
23826
5981
1078
24864
21632
25883
17280
12388
14387
22657
21199
12784
10232
21090
10011
16945
1446
9895
9933
16541
1689
7277
10
8122
22672
12933
13571
19453
24923
22431
13055
27385
18166
9159
11709
18812
20298
4569
24810
17820
8665
12466
4314
524
10278
11258
12741
16519
10249
7941
4180
3422
4377
18205
27511
14988
26176
21755
15465
5879
10988
3706
8684
1856
17775
16258
2552
21919
7374
16701
23321
5467
2521
9716
15707
18502
3250
7821
8234
3822
26335
16746
2349
7051
24365
26119
23678
7311
23973
23742
5094
12593
25096
13312
572
18504
12860
10323
8257
24311
22655
12295
19108
22463
1890
2769
22979
848
7343
8971
23610
2291
13933
3067
21960
1346
5582
10866
4476
26420
25236
26698
16309
14168
18319
27232
601
18447
14467
3480
11783
11781
11664
12670
2204
16638
15405
5526
23329
18776
6658
11535
9051
21461
4754
9985
18459
11588
12182
21485
25865
27130
15381
27443
12134
3526
19624
27378
17310
26612
10395
9932
16348
16677
27501
5685
1598
14239
104
837
5442
22340
4559
16042
4665
11304
13867
21297
12253
7592
26469
13004
8593
4906
22167
23163
12285
14955
3145
2585
135
10042
13192
22959
22292
9542
18966
7618
18361
19952
26254
8587
10885
25381
9143
7775
3691
23932
20644
22935
27408
14747
14508
15940
17048
9735
21322
4155
12981
8322
24295
5984
27402
16457
11969
985
7838
1695
22562
16205
477
24710
15536
10192
22652
14065
22236
12392
9465
12691
1659
17067
25910
21850
13418
24415
668
20372
8281
13796
8477
3870
20988
25329
1476
6881
24220
17463
6831
16775
23275
20896
24121
8891
23313
6812
9734
24807
21593
24070
19347
23649
8554
7299
24025
20997
13833
26666
18529
10426
12489
3539
4809
10638
15787
16035
18537
3952
22870
7972
13037
2422
3206
17257
2299
2378
9407
22208
15870
719
4659
695
25976
18171
26871
18455
27188
5624
6370
8689
587
17647
4509
8112
4455
13439
23033
2813
16477
21956
13289
9921
10827
7222
19693
21005
17828
495
15782
19554
14905
23175
10775
8597
106
5988
6174
27044
26342
6759
13529
12584
24840
17468
358
4170
6395
13521
2546
24583
1799
3654
21660
12511
23723
11472
24428
18111
2996
14638
15833
4038
3053
15142
18057
20657
16961
7696
8736
25129
20981
24320
15099
3163
13520
16862
874
10435
21435
6867
12804
17183
12504
7477
25032
7839
1938
21656
754
15339
26649
14281
7324
25138
9324
6117
13224
19674
2793
2986
27075
23247
27306
19193
17404
19285
18313
22507
2981
27454
19036
3031
8241
14225
8023
6472
7576
5028
14785
7416
1315
26172
3277
24297
15111
4113
22063
3623
16166
23851
707
2890
21946
26776
11081
2630
15825
18393
24194
18010
25411
5900
1932
14286
21197
4704
2519
14804
5146
17795
6218
6545
23445
2397
22146
13317
14092
14544
18865
26136
8704
7152
6208
21029
19337
4074
17620
21477
3780
12195
15047
4095
18079
9359
9488
19213
4253
24237
11183
2777
23285
8042
23748
5678
8545
12020
11601
11598
26536
18639
11020
6518
25100
21795
25289
2935
16464
25700
12244
4215
1190
25458
10617
10835
21712
5306
4129
25090
26175
10430
20766
11456
13676
24812
15183
12891
12026
9709
1111
16005
6358
27089
13260
19853
8213
8414
10063
2717
19763
26055
18081
8320
10037
15178
8346
6581
26727
9793
21291
15810
20352
17783
1060
22863
22323
5486
19836
25914
20932
10075
11015
24755
1880
6883
22139
24329
14298
13324
16854
26829
26913
16598
20292
800
12713
6323
726
4332
13875
8769
18715
23444
4599
6500
14276
19202
6770
15234
22390
6232
13608
24269
22130
3381
8929
16756
18462
24141
15775
4404
22085
27548
16323
27468
4519
5803
11585
7432
22260
21070
9620
23302
3306
13204
9183
20132
10855
24062
26753
787
3165
4731
23019
11217
12631
8058
6835
7314
713
17584
16485
18908
9337
15531
5207
21447
2798
7859
10716
21834
5536
10768
5718
15362
297
10351
19275
27482
14260
24835
314
5042
13892
16270
3046
11343
20213
15190
10003
20503
13502
1579
18855
24928
10325
6938
18577
21888
7303
27580
23274
23741
20321
1283
12773
25887
27356
24858
13633
1559
4361
23157
1908
13303
10389
16547
26999
15157
6195
23706
14122
24520
9379
17673
18385
17838
10578
8074
1242
15294
22815
10591
10920
9979
20367
13984
2028
12961
22646
211
1863
15385
21700
12264
17534
12665
18109
15137
26270
20928
5476
14930
17393
922
23417
22382
19179
9658
20718
24449
10652
24678
741
21670
15397
6900
9237
20305
27267
4424
26859
20814
20514
9076
9502
4721
2934
13651
9015
13815
20392
2629
7566
5343
24587
19447
5077
12695
16286
25722
18554
21534
22973
24426
12010
7111
1771
21641
13902
22196
16216
2229
20598
3632
22574
21235
9625
8745
19910
16073
24704
15624
4582
11596
13826
18245
11964
3235
21233
16158
19538
15194
12144
19366
6393
19629
5894
1920
26037
10220
23385
16997
12363
6296
17228
20613
2325
13808
21763
11869
8394
15997
8906
11375
19386
21454
6064
14680
1062
14357
13514
6109
5771
14404
15540
2221
17947
17403
17027
15794
17085
14056
23480
20279
14222
2752
3282
21222
20531
11307
6827
9031
1519
1100
18619
12775
23594
12277
26583
21359
24965
25746
9803
23212
7521
17897
24764
24942
23765
14331
9504
14401
13144
2180
149
20833
25582
13993
5214
3488
5434
20088
13578
26129
1438
1150
11068
856
18389
16417
9513
1021
14832
1058
4939
25424
25796
14433
12940
1411
2432
18610
11404
1365
20283
10050
1055
8228
5813
8785
12434
13458
2512
18120
2078
5595
25191
11903
20633
4344
16508
12474
15910
14700
14775
23437
23870
2606
24425
7958
13062
1510
7412
6161
25167
7406
10242
20098
18273
5631
27197
19981
9166
15748
6068
4568
13359
1949
12918
18546
26429
27440
18032
19888
12092
22464
1281
7707
21972
543
12353
23210
10485
10927
14302
13723
11266
10120
27127
9913
12228
241
25266
25408
2272
24987
23528
9270
20697
13187
26691
24283
1621
18664
20412
15889
19959
25698
19513
23840
23914
10082
359
22974
10544
11455
9929
24247
27214
430
24120
23134
16896
18560
3117
8499
25061
16361
18252
25929
20788
1180
19083
6221
25399
21127
24568
13043
5895
8171
606
20114
23140
304
20608
16984
12377
14880
9360
17325
1401
23547
15684
18107
26803
26500
22525
4392
21397
9253
1115
16096
10504
18383
6076
1802
3957
12827
19577
1713
12683
5772
13383
8138
23623
3184
15303
4542
12454
17906
14445
7880
8983
14661
14619
8434
8788
19195
2618
2892
4324
26071
7513
19505
564
11462
20091
19935
21157
2937
11757
9453
901
17125
2835
3978
19424
13171
15768
15804
22590
19091
22109
15406
4785
1633
13477
16875
15089
23293
16217
15221
7844
22449
4767
26418
22932
14530
19752
10671
24505
18569
19992
16526
12408
2264
3610
26098
20312
16734
1518
21964
26182
15784
14520
1098
5328
14628
4901
18259
23780
8334
3682
14656
1173
24210
18235
22651
21597
21110
16195
11656
8525
2277
7633
22308
17659
5194
23661
15860
9699
25228
11568
23041
6389
23491
23589
1780
12133
16688
9308
20171
8656
26394
15906
4109
21994
23098
8828
25690
22942
27061
16884
25938
10754
20791
8336
1642
27106
12335
26013
19231
23222
21603
18733
13956
25404
19329
10792
12009
11514
15690
12373
1344
6083
533
6
17420
15788
7896
8803
18728
9534
17920
22025
4667
22682
11912
4004
3181
5369
22950
5393
15430
21042
14412
25154
6089
19861
12426
957
25140
24146
24347
25507
390
26716
11145
21384
5939
18752
27427
21791
24040
1219
3122
6570
8834
17049
56
11848
21398
26759
22892
3219
16058
11808
21709
23324
18857
1962
16238
12531
3725
21475
7150
26993
14753
5700
19922
6147
2065
6454
696
24731
8110
23166
23046
14853
12849
14919
9664
8219
3421
9870
25394
1649
3600
17351
10136
26088
5617
16660
12776
2447
7292
10779
20942
15025
11276
5167
9332
12445
3088
13294
26205
18307
4902
8914
24102
17101
21571
14567
15731
24213
26672
10627
10162
19943
26316
11348
6158
15954
20177
26886
15549
1305
7003
1011
19741
4848
21058
14958
11487
5351
13120
14653
8426
1380
11918
24785
7876
10496
14144
25177
21341
5501
3772
14996
27218
15583
23643
8146
25012
187
222
18645
3379
26244
23003
162
214
13554
12441
24065
25403
9723
775
8840
15048
6463
7446
12580
13496
16473
11129
26567
26627
18285
5929
16254
17375
2625
316
6012
3447
5847
11246
10844
24538
22058
14482
6915
17431
6157
21878
4206
24150
7692
6818
12903
24845
2096
11887
2464
2314
3844
2853
887
25483
12331
17881
26811
17315
1102
18723
22450
520
7069
14052
25647
14798
3757
22632
3105
24747
3462
19475
9632
13146
9730
3896
25455
10862
16379
13842
17582
2013
22088
5688
22155
15945
12960
8995
23688
10287
13941
15935
7268
5221
16322
27578
20553
4644
16360
10096
1848
21823
25744
13470
18584
11117
15020
15290
13225
23354
23288
24087
17682
21263
894
2668
8387
27527
12523
15037
26680
17953
26361
12344
18402
14420
21858
9645
846
3937
20123
25451
25663
11938
18164
22906
10904
15203
22858
24778
11702
18338
11
24326
16535
14005
16949
14983
16707
24201
17245
16753
14898
20459
24417
9548
8729
4198
26559
6380
492
483
12272
20191
4264
19221
7710
13022
22878
21581
1589
26279
23383
14763
3453
16178
15391
8606
7605
11577
20752
2615
20093
14922
20103
6954
4615
7013
17568
18676
17482
24187
1038
21055
12723
4681
15121
12071
18950
1442
16628
19633
5721
17221
6405
6205
6971
10957
15214
14324
3348
11837
19551
8033
852
12139
15003
14526
4796
2743
11088
20893
1320
4781
1522
4934
22825
3542
3363
13748
17289
25295
11021
4603
22504
12948
12260
4421
25372
14998
20246
7163
22439
13235
10057
22513
18148
17217
23113
25462
8620
5659
3340
2099
24356
18959
10990
8770
8165
10726
18853
8271
18690
17869
20172
23174
18543
19086
20146
4733
11562
10373
17542
19046
4368
19784
7097
27495
20087
11636
13860
20885
1307
22487
9772
18410
21772
2478
9733
2971
7313
11960
19594
23672
11196
19151
25147
22493
22100
11298
15878
2746
20556
1448
11873
18804
23413
1605
25831
11626
9690
24644
3897
9404
17748
26292
3253
19246
25083
4165
17364
16189
21907
3662
21781
19485
13819
14978
21037
9095
9635
22218
9233
8761
14334
6354
25213
3078
9609
12494
20442
19483
19396
147
7565