1451
5783
42594
20362
24024
9187
38104
34246
10460
33174
7976
52292
7810
6825
2301
51508
26184
52092
34453
18644
51968
19317
37111
40077
9365
48412
25661
17521
36834
46265
28439
21025
9706
52751
28782
49081
53356
46875
144
35057
33357
29031
9760
32043
36595
29896
15710
32962
13822
34560
39159
36896
5074
20759
41362
21667
10589
34354
40388
50759
20388
13084
38448
5122
724
53798
14321
51572
8748
30075
22994
42155
54728
52755
22112
26805
35987
51005
22243
19043
15584
47378
37390
11708
39343
2896
28295
14939
54557
53979
38725
50170
21254
16111
50013
130
49358
40244
10409
22590
35274
13297
27508
28297
20163
11279
6743
8788
50522
35361
27620
36084
20911
29487
52760
23815
39959
17671
24248
47200
49421
53430
16605
44076
45888
53510
25716
27780
51498
25296
34196
37915
11764
12756
31268
21210
18971
5306
2837
29914
51877
8251
8776
1018
18833
14104
27535
190
41801
8459
26473
24974
9903
15342
48538
53569
52656
18880
11251
18097
41535
27303
49057
22607
21758
44438
4119
26440
15410
26139
42285
24897
9564
29070
9998
38752
33376
11241
11675
8483
8698
48040
39860
36061
5923
54283
10848
1717
13236
33782
33243
46275
49194
42671
9000
54640
13914
50800
11991
23412
45067
29256
21409
2508
14206
8656
45768
21576
18046
33910
49791
38536
15718
35292
2350
14243
27918
36996
51298
12527
17010
43325
19322
7769
34330
51095
25769
32145
48287
40058
17781
34933
13627
4681
27797
22346
3237
50702
47688
23101
38200
30590
27762
13588
20144
42528
10416
28635
41347
38421
48981
35695
19729
35258
11095
40797
55010
49233
53666
20100
46841
1652
40982
26878
14589
46762
44691
7229
6380
45058
12934
16993
26644
24823
51943
54616
9429
5309
41738
10276
6949
40017
33204
20332
28962
49630
20635
25450
40688
43771
36941
24670
48353
29048
47048
46405
10135
17246
29559
37523
49111
17917
46387
43278
51245
21378
2476
20555
47140
34891
25090
50789
32548
46017
3017
5184
36659
41796
4519
45926
39328
8513
42032
34996
258
13957
49127
37039
8290
39271
12673
31296
15482
29018
36622
40737
4464
44043
21736
50611
53340
53771
40680
31115
20586
3059
46007
27176
21397
48402
20714
34088
54492
35040
17529
34709
19034
29737
54764
52917
38517
43330
19576
19428
8640
37354
54627
44676
14155
49889
54095
4431
4876
32782
8957
31233
42200
54402
52307
35227
23125
34794
24320
14501
48929
31597
14065
3105
8738
37876
5175
10649
4841
36844
45703
44448
51875
43232
33903
13738
11013
30663
50675
33468
9325
23568
22222
39110
36295
18515
13333
21439
8159
29216
46059
22911
44048
37430
15119
30773
7110
2668
40229
19151
32813
37214
17348
6787
17644
33420
38554
29439
4081
41768
41743
4744
12807
8316
6415
6200
19258
16412
38588
41146
46433
32676
22448
11529
38209
21547
31977
46976
43356
41866
32078
6282
34720
9165
49809
33554
53459
20420
2765
3590
21553
25010
52615
50512
37439
52821
29329
22800
7088
13256
33268
19082
18285
5107
3457
41994
27926
42927
19908
27792
20885
6693
41087
16235
39890
26251
16027
17369
35029
33402
20513
36127
8571
15756
41124
3321
2901
52097
19814
1664
36054
26497
49950
19455
20377
1680
28425
27407
31603
45154
9651
36398
38559
15008
9861
41009
37586
51248
11221
25503
32646
44001
15338
16601
6891
42775
19312
47105
45072
23606
16637
46365
972
45004
25327
31398
38862
1041
2152
43243
40901
39388
29762
6093
54063
1412
43449
16793
5665
1571
48025
48580
53591
48515
9419
5123
47301
1725
39951
18071
14556
43290
14924
45504
37113
43224
52667
2087
49629
22160
36947
54158
14636
12613
18446
33802
28024
35774
4767
33969
37666
4065
39635
12875
47152
54101
6813
3509
28288
51020
5781
46916
6576
15797
42561
41487
17691
50165
47549
1935
53438
14945
54364
41976
13464
52665
40841
7666
53411
11047
23071
10515
22960
46284
39152
45120
28456
52910
23718
37880
16044
34164
20673
45921
13272
53021
16812
7453
11515
39202
921
46006
50818
35023
14319
40364
3447
32533
8724
32596
35702
9982
45123
37970
37502
25629
3693
54476
5219
52784
1676
38243
44908
10444
51267
28332
19397
50988
53460
53765
13033
5194
53437
41171
44916
39173
40168
47584
42265
39430
48062
42454
23753
43407
15620
49687
1782
2592
38793
29163
7433
51887
45911
49539
33682
15917
33455
28227
34488
22110
25765
43620
54237
20524
12294
17855
40380
12136
9695
33284
27374
3227
13043
41759
4455
19997
46302
1606
24524
42743
15359
42670
42279
18541
14091
28977
13050
37296
23430
4657
34952
32523
9667
42653
12161
45746
9827
17505
31750
31960
34064
21384
42712
1150
34412
14222
32138
6560
35903
29273
17753
20153
54695
8149
11780
1766
21317
34856
33018
53908
26666
38931
29362
16464
18076
7288
11348
54906
28304
42792
22163
47294
45647
2635
17436
48464
30772
53838
12218
5379
53186
48161
34258
75
40188
6647
42366
52756
45866
23944
31155
22480
4258
12421
9447
6901
27499
34576
20200
54760
44368
23629
48176
32107
28747
48864
17527
36827
44371
44743
5269
13930
41396
28885
28361
32634
51167
53971
22004
1776
42665
53469
36631
20856
47725
35964
11466
17880
48642
44724
36074
6072
29084
9182
14990
34174
10277
22045
9515
48992
3207
8252
25493
51278
16966
2980
47256
1345
14089
4474
5276
2053
31345
2878
941
2958
38731
36439
11895
7627
16252
23501
35962
50083
33631
47151
52834
39239
588
34899
41528
22351
39683
20715
22130
37713
53496
48773
40684
52411
28549
54862
23485
18335
29837
9606
45654
52031
47272
49199
5057
49420
23444
54462
30256
13878
40827
34318
50255
32998
20973
53450
6725
17807
44489
41297
3550
51422
417
44326
16193
16280
23242
14260
6146
45505
10365
31403
9804
42101
39501
13654
218
43466
21634
47791
52869
26979
7718
26079
37943
43123
25372
49610
21290
49862
46218
19283
32535
35804
3667
36046
751
38121
27871
2109
3132
23190
35016
25000
1375
2178
49555
11838
50872
692
26023
44424
30916
4973
22904
37049
30648
22918
12984
22665
12533
1146
51515
42990
10565
1926
6421
1928
36743
9595
35133
52467
35477
47915
17115
4864
11850
22557
53524
47969
46930
28567
9318
36651
54756
5833
33792
22494
21798
22322
3390
17743
21112
25265
31695
32839
32737
45112
11388
11517
54443
4886
9662
49816
41182
18400
18934
13120
28433
34625
50072
32628
14249
47053
18192
54435
43438
45498
50137
40757
18575
41022
53150
25239
14489
25389
459
34717
53482
16396
13735
42949
15421
39886
42976
44530
30181
17949
53014
23058
36557
36270
11626
40041
629
54381
53581
19268
52768
25357
34244
40623
31764
33886
38783
38057
19498
15605
21207
36874
22307
8441
6301
51024
17515
28212
48738
268
2430
21537
6648
24185
19097
54775
49375
5626
2038
11479
14644
39326
44290
43731
30534
30229
24458
15238
45939
43846
26853
53324
45277
32185
6099
15674
13231
32081
24068
44994
27734
28906
6368
32768
1163
43236
50437
39866
24478
35495
38451
244
1543
13936
30741
50409
42659
18494
38894
26015
35678
16436
48983
23548
17579
32661
45793
40871
51067
5143
53744
10676
6981
32065
18401
38723
50743
37521
34181
48488
43863
51053
37589
46926
33789
21695
53750
51777
35825
28189
2973
26196
24702
2583
27370
33920
8284
25974
16970
32042
23441
48807
5509
6037
36694
29283
18227
30035
25162
44976
38961
23643
13497
39001
21840
21989
19271
2830
20575
12826
24408
12696
8174
6408
32922
1790
10888
14338
28356
38084
38602
8843
16717
28414
11905
7015
27144
42935
30142
20658
18025
32577
16930
1411
27376
33480
52866
11822
15587
19045
4373
31493
24760
2794
47573
7702
24785
48369
47668
17279
52141
35886
32276
39063
15437
4671
37088
43078
27857
45955
38653
5454
6147
14890
37955
16327
32927
15786
40613
25482
43910
4215
3223
29954
38837
33592
1939
46592
7765
45460
47764
19601
17661
45485
30024
16511
8518
3463
54865
47793
14250
35037
36964
5605
45201
28445
44719
43692
50881
46530
7958
50891
28664
17828
863
17028
22753
32873
39452
44341
54911
33944
39938
31203
54119
33234
44556
36197
44475
52495
7667
48735
1214
10331
54586
27090
51299
13470
16161
46790
46663
52273
26032
28585
19070
43334
22190
35853
484
12262
39718
51667
15087
49047
42100
40125
26369
37251
12032
13153
40450
15324
12821
24486
23794
41917
29186
17293
26298
46611
19477
23461
44175
21699
6345
46424
10038
17450
21965
26589
50299
29445
25248
50750
15070
35099
24353
45390
52983
52065
4442
9846
28168
38641
28919
10735
40892
14006
43870
22600
51378
13481
21996
17273
31798
33110
2921
53311
31756
32354
38945
6052
40323
45247
34230
32941
19166
1289
16569
44391
29313
33092
43387
22080
11591
91
29092
26539
47360
38113
5437
9274
9602
44566
50143
42573
5338
29920
8014
50403
51331
43965
2345
20285
21248
46325
26012
44238
31854
49557
42856
17475
23081
20014
41210
24044
45499
5994
6273
35374
15703
32514
29975
12996
44307
15996
14969
32155
23677
38292
48372
19631
47535
9726
3780
49747
51251
43046
6777
38650
17182
23984
30314
47894
42769
18819
46728
17553
11890
11000
46268
6657
29155
25800
33430
26480
8368
29182
42784
28380
23479
19652
14897
53635
34598
43678
47184
3971
36429
33961
40545
37869
7135
52279
44400
2083
44896
13897
52005
508
47111
786
11998
53299
46257
13556
42226
30791
39708
12438
10375
3259
4927
20924
150
43149
14530
40370
19484
49408
17459
10126
18477
53208
7347
49220
14287
3982
38335
30167
8879
22286
18166
8973
5029
42669
47475
52015
45673
11166
13915
31826
9713
4723
47612
30972
15139
17916
51035
15426
15128
23358
46312
48454
31424
45238
27416
35485
38604
43463
24275
50636
13144
38393
48274
35581
35226
41598
46905
13715
35714
28653
19844
36143
3130
16851
48671
15877
17238
31524
14880
8829
27784
10800
19953
6057
23343
18093
37724
34687
5095
13961
14988
20977
24908
30834
50496
40134
27526
45883
13476
35717
14760
17276
52902
16342
41245
28668
21875
16676
33857
52765
40112
10307
28758
2323
23068
12544
49868
19646
22589
41611
21237
11983
32103
43367
3657
44580
20427
32369
42273
42585
36521
21972
40696
18116
37042
20372
48570
1394
29517
7529
49587
33327
3932
46114
23336
6962
37219
38734
6447
3943
17071
36529
22997
44160
1193
14753
25052
33470
9852
43681
11727
44951
48083
51799
48904
36674
53471
42490
46112
52206
4531
50446
21819
4343
39611
35358
2618
53948
36422
27253
32430
37963
2660
34058
41068
30467
15100
33976
36249
46470
8871
23091
35459
53649
19377
54448
38271
30544
1603
1888
35131
29845
23134
27185
47863
18289
2999
13595
21797
21350
30876
8623
25970
42623
51337
27197
33186
42788
37314
18478
13828
6566
25638
50108
8671
32242
22637
19223
1255
17295
54744
22281
10169
27545
29659
34554
199
32984
49073
17393
32404
19443
23926
13565
5247
19217
1750
29295
5207
27214
4311
45930
48875
50599
24238
35441
41554
49149
17766
32620
53104
24991
41090
11326
51139
34606
44899
13286
22403
41835
32918
39932
12975
23373
26939
34815
13402
44871
51838
47597
4027
52865
7265
15556
53651
7370
15648
1997
35683
44776
30219
36921
25961
38587
21040
39280
25014
33755
50088
31101
2144
32781
38578
20837
4776
38120
15749
28832
845
24685
24283
39081
51350
28787
41845
20121
23934
53650
6047
42332
27728
5914
18804
16073
16684
31938
8444
30247
45759
47862
43980
7207
36593
41908
33148
50360
43018
25611
6929
36008
4326
25286
33321
9691
39303
47476
420
50810
5593
28952
44538
9543
36277
32299
7631
49981
48527
51859
8620
12408
1182
166
454
51566
30422
23493
9083
26785
39193
25385
30324
10555
2992
10098
40273
47658
7952
9655
8336
36644
41592
39475
31725
27956
25830
51676
33101
51173
45297
42376
7626
44487
45327
34138
53618
25245
23119
38616
27436
51769
51865
9381
9122
30758
1844
23988
24787
51206
11322
24615
3359
22857
28405
47872
38355
6424
22721
24163
35045
5491
51691
52586
43308
13968
34765
20216
36966
9806
52379
16468
5976
54854
43978
36890
33308
42128
42242
44697
19692
36909
37551
33007
52749
54603
2716
34173
2778
14661
33438
47846
33294
47539
44029
32746
27130
49178
24181
10179
54585
9524
31731
29322
32032
18809
5396
19710
1170
8938
51621
10322
32245
42286
24537
27867
23891
54692
2416
30379
31564
2938
7280
50655
39406
37810
45908
43166
37057
12845
18701
49446
25841
5666
854
13997
24750
11381
5223
37135
5876
47239
37550
53054
51903
25415
39027
15923
18056
39698
46198
50127
41527
28598
28121
34641
6968
52546
37590
43951
28707
25100
21282
52230
29596
50733
7458
47952
33619
28577
46505
7369
12988
28566
37942
42917
52446
1854
41517
51078
48188
51235
42781
22023
26724
25943
48616
6522
5061
27135
12686
19292
11806
35302
53111
50329
30698
24125
8612
53544
51196
31165
17548
52485
41268
16299
15333
30523
38391
47173
16124
17169
38720
28178
3777
34521
16653
54127
722
7389
32187
33954
48910
35993
13349
13191
13208
38231
21325
20782
37792
26243
41856
53420
11713
33206
1841
5744
26062
52916
37262
11231
43641
25700
23313
37248
10839
37989
4890
3442
17733
37404
31592
21057
7062
13675
36795
37567
16309
22137
46914
17813
52596
19051
5537
25119
28020
10353
24776
3399
16354
32692
1338
46950
24251
27546
952
49372
52472
6241
50682
15196
37325
14512
52107
51509
48243
45741
53695
35623
41878
21785
54468
46526
14019
2470
2626
42191
46700
11770
15284
6972
37611
28214
35015
48966
46479
43849
5992
7903
6238
26702
20382
15435
8383
27442
28275
54275
23110
48171
30963
44813
1219
2573
46485
25211
47985
29624
44068
26948
28019
19669
8525
21900
12952
6536
20255
17680
7819
15054
2811
1588
43053
12349
22236
46544
54221
24173
13751
10465
37541
727
10489
44808
45255
28969
29189
37372
44380
41674
18267
44761
13643
38691
31555
18890
44282
50317
14795
48911
21138
16947
41779
8622
30172
713
15980
6999
19930
2748
53009
29795
669
48111
41576
31420
48124
16777
37333
31046
42475
42797
24605
48434
39261
43888
38932
6394
24223
34803
21032
30740
27325
38115
6641
7217
17145
33465
39418
32754
24585
33469
16547
12678
27832
23892
21922
17565
41230
44359
11260
48182
8238
14315
8948
19774
31796
51876
41326
25814
34073
44862
52839
44600
15275
47850
24797
46881
33531
42918
47124
53954
20354
29859
34561
44389
4549
26449
40161
12908
53850
38563
35712
44013
41509
28915
33422
19550
19177
53384
38662
21644
11123
4521
27552
39577
22788
756
5557
20742
43029
48898
31643
1974
54143
8226
23200
7981
29614
50028
53329
9466
46102
25602
31849
43892
40402
6182
37052
24727
52102
40321
19662
34020
44387
35275
40517
44019
25786
1205
40144
39524
43670
9526
21091
3900
11061
31538
48016
30830
54976
21475
6400
23368
6687
14628
45093
50461
44903
29492
2317
34017
47723
19817
313
1083
26658
27649
23376
42232
38053
20447
5156
41895
34285
27489
5828
30048
9306
6620
27202
13684
3085
54320
27411
52202
43794
47467
32311
19611
25261
39417
46831
24953
50858
235
39909
42335
7399
27453
44685
2841
13513
30890
29911
10094
30439
7044
18414
9697
14087
53831
52301
30490
14884
8352
12175
38176
7467
2313
9884
5952
41570
53032
44678
40484
25125
5498
28339
48867
16532
21016
30607
46772
27367
18125
22134
32758
3241
24874
53095
366
39877
3411
12068
11338
42499
54575
4055
4945
35515
48472
36576
39021
36855
38079
20403
38489
15370
15984
54185
19184
25758
53535
23972
39823
52023
27543
36564
46035
1987
40919
8633
39677
25189
47189
52639
54409
54766
15560
28188
53195
46741
18224
45730
43110
5764
19578
5756
51817
15844
3091
1436
27038
47427
30002
50204
49899
34725
15954
50833
48233
48498
30207
14543
15292
28733
21278
53159
30225
11490
25421
23350
43534
226
18679
35351
4101
8591
22774
521
33081
23619
40784
27104
10712
10159
32471
25857
52188
47680
21716
19615
54987
49132
16107
42812
41127
13922
33511
54550
9277
42945
2919
47194
28328
14038
48364
13929
7237
36415
53293
9333
47071
31653
47892
37706
30670
3751
7497
19707
42898
7920
40587
7300
34966
16151
15629
6842
29142
10637
48213
19959
51313
46118
12393
24138
2850
35280
39143
38952
26654
43410
16702
14285
51074
52029
34737
27691
45696
11077
35168
44060
18041
19027
831
33584
42010
3008
10525
4015
24449
29750
54542
27159
10820
39434
41991
33880
52370
49774
14918
37188
15349
1983
32603
28134
53470
4575
14844
1517
47005
11351
30100
1626
1308
41882
16169
53797
36818
22725
5873
53219
46089
43001
22372
45761
33547
30210
53526
16519
16861
54802
42302
53265
48825
48523
4225
22210
28984
38558
34039
30202
19834
18769
28696
31502
50164
38942
23433
31916
16121
38038
39154
15237
3997
27628
41216
9964
37322
12514
43842
54537
54356
12816
1949
40783
12455
49989
30660
24619
13135
47120
51073
50144
45110
20188
655
46236
26458
16319
40635
31531
4377
8274
39102
46462
15531
48924
22419
10960
26107
21085
13325
34995
39809
14825
15762
40510
153
39736
33687
8809
3912
37361
29886
53060
30463
38246
19076
10344
3815
51466
23797
1591
11104
54454
9603
6920
34572
5719
21435
43955
47459
12226
889
18242
7577
43241
19104
48830
33747
39757
26727
36975
53133
34664
701
54431
39662
34431
16372
41006
35510
48448
35513
51840
14646
48114
2355
43443
10544
31127
1429
46205
26036
53445
41445
19787
26263
52400
35877
2780
21757
55003
19892
21992
11393
33720
3799
17322
39511
47788
13420
20754
135
18674
46961
21592
28251
30043
43626
41427
51275
49215
12728
12481
35674
45550
27889
23293
12190
50263
32976
32763
25045
47215
1125
23953
3574
23932
12332
2601
52907
45040
52879
14521
12403
4785
28928
30091
52197
24921
33820
32575
14599
35624
53896
13265
5655
37557
9454
51936
21771
23175
26917
23459
45168
23599
48386
50375
17554
24698
3183
25134
13173
36253
21586
44983
4097
6947
6855
48718
36018
28643
43351
3630
24654
35905
15000
6379
53178
17978
243
6303
54262
592
42129
50760
28161
45710
23268
36175
34371
36080
8720
120
4640
24635
41695
36637
8295
52137
52928
39546
54055
34050
6258
40
15413
17099
29988
41080
51721
33435
18019
49095
43930
39197
32017
2061
23326
31622
37194
46768
28285
54209
39579
49121
37244
17197
18512
16284
25955
38061
36233
1059
5401
32992
11605
35920
33595
32612
4916
53935
48067
1268
7675
13222
22116
28028
45188
54302
53645
16002
45641
3242
51812
19921
53078
17114
44245
977
49603
20986
21481
47310
11754
27944
7596
12042
47517
41225
36066
22828
41980
38467
23392
45877
48295
23558
2883
1510
15903
5072
51028
31356
6434
32126
10990
11592
48132
38285
18908
18672
34187
15695
19002
16589
54169
27525
33559
16838
53925
33629
37051
17566
50273
53684
19194
50290
50025
1292
5543
24311
47827
13666
10434
43938
39044
12383
12571
39571
27259
31440
23975
834
22985
35081
51433
42016
35813
4593
6464
48355
52195
8022
51821
36807
490
34253
772
50997
16190
10385
43981
30735
4156
36747
2456
13689
35872
46415
31780
50048
20243
22197
23469
56
14308
54396
5703
10568
11526
42902
30871
26172
34036
3974
37172
5177
25101
50408
5706
36449
22428
8080
50058
17347
35185
2105
49954
11564
49274
45738
23946
44514
2417
51438
8910
45006
4695
45020
39320
29154
28319
37072
25237
7407
51146
14739
15731
46783
7383
21526
15532
24693
10942
23220
500
24547
16981
11399
29354
16493
20194
16444
23776
34873
12833
45278
8393
20437
21315
6080
48223
30841
4705
44420
2808
49033
3369
14148
49692
38526
5198
27348
7835
50794
9585
3294
30573
39748
6481
21595
40655
12698
4729
8332
34447
43141
49267
30722
41973
10597
4526
7879
23513
30489
43315
27990
54573
47398
23850
1005
54076
13855
49014
52339
50287
44339
11636
31999
39066
19742
11651
50529
8193
25598
49297
12474
30857
43128
20042
514
35204
1668
8967
31213
44143
32374
31056
1808
2097
5060
54794
50368
21980
31819
13158
47832
11646
50307
33277
2362
38628
11180
26314
31307
27772
49004
51306
44272
6708
26272
43886
28821
27097
47075
7644
45210
49356
54943
4616
29776
9055
30085
53899
37533
32958
49075
34788
21559
47604
20169
52308
24709
49460
49258
40162
4087
38743
4184
33443
4622
25989
34744
39986
3685
41354
5140
4162
14119
45829
17701
46708
51535
6698
10915
54719
28195
16746
9527
48349
28400
50247
37253
50353
26679
11800
17164
43421
44614
47279
42414
15459
11064
45609
31628
40763
19780
40418
45047
18632
26693
17864
17187
25954
7378
31882
35611
15314
47410
41411
1646
25642
40201
9421
50812
22758
39904
13321
12557
19278
19494
45272
46478
29344
42109
27060
26623
32232
3569
53559
25614
14138
1733
18732
25469
6803
13508
34291
9401
3068
33980
34978
4006
12513
33209
46227
29772
10965
31511
51980
36286
42373
44793
52390
45363
36036
54515
47464
7473
36498
22739
43526
48604
7250
10923
7322
39469
27290
39445
48277
17776
45
9748
25909
15550
6670
29388
17156
11936
12375
13825
5326
4932
17666
1207
25564
4018
50047
24747
17215
25455
27721
20655
26304
35976
33655
42571
19536
2916
49515
35937
44830
20005
47897
13699
43185
19147
5094
35085
15500
51048
25670
13625
27268
9985
17023
11700
24423
53711
16700
39168
13883
44522
26982
48837
53708
45553
48492
192
25317
54456
2054
22528
40030
23421
23876
32089
28930
27473
330
4529
10013
31929
16915
11350
6892
2007
21003
2757
3451
33263
18895
20494
38406
40969
775
25523
37603
27717
41390
38995
12486
11400
14270
10880
42405
35382
33566
52038
32193
19639
3704
30312
49308
52265
43215
48956
47809
7856
28027
34644
9965
28353
11268
52988
21866
37328
35166
28150
14877
22841
11867
20328
54601
28466
43469
26923
33708
24941
31813
5373
18550
12903
39533
20626
24302
29465
39588
52458
1554
6608
23949
47423
41492
52118
21198
47594
10580
7057
27603
54819
21722
40330
38986
27879
43941
51746
49903
36456
35277
12202
49802
48033
54749
40832
2085
5386
48093
52384
50396
31260
42689
19424
8031
37229
10389
39079
49503
10124
14863
5020
4834
20798
5875
45621
43555
51086
22441
23830
32034
18916
39923
22048
14009
44825
27078
27092
46715
37582
7509
48112
12459
36565
38773
24333
54594
44839
34346
43651
34945
31316
28736
53212
48703
12181
43710
804
48633
23365
36266
16421
6123
34366
9921
28659
9235
18981
11293
2941
11817
10272
21809
17612
16517
45662
12681
12827
46722
40656
39541
29994
19222
49155
31931
38545
40911
46339
5397
15012
53373
32573
52793
35559
26824
35614
22107
51750
40443
14457
10050
31973
37406
49053
2976
49024
27334
624
8565
24316
9359
32115
39822
42875
9480
22273
32652
39213
13632
17226
54177
43750
48557
17804
38351
33298
5230
17209
672
48102
49118
31560
28691
27559
11619
38233
26579
52093
21503
19219
42758
51250
40472
41296
25334
23581
24888
34443
25095
13519
3731
25747
44957
6164
27382
45178
41810
49619
11411
3115
3214
16843
27627
49933
9178
1690
65
9551
37252
29642
50211
43136
814
12369
52216
3675
35631
35055
6827
19437
37179
20876
19360
22856
12878
20959
52654
50898
30287
34111
36173
44589
31376
37861
18217
46757
28010
52697
10669
34286
3250
476
43259
13757
31711
52115
51290
48763
29431
19505
16819
46442
46651
29237
20136
7179
49491
49659
26517
20984
25568
38007
39872
40505
779
29417
43073
17990
47056
22389
13987
14429
29515
6314
43431
1700
2046
7602
21906
39842
15908
49186
24530
44881
44615
7400
1649
7926
48254
51832
18417
51919
17758
19740
26806
35151
21933
42432
26566
48565
12067
22013
51366
18842
30593
43682
1046
12182
29052
40648
54239
43377
13098
38381
7539
39188
52291
45631
50509
3836
28103
34833
41117
8004
12352
54525
11966
31772
9038
24779
5021
11310
34849
14240
16312
21360
13788
14511
50801
54028
32123
33958
51747
27686
9677
52077
2460
12267
30942
7785
42323
13451
26843
39817
23186
31665
5734
7748
21624
48785
3891
10779
50099
2077
5033
35322
30371
24768
38279
53793
14098
42513
36604
28812
46153
51344
39652
45287
13023
39429
19782
14695
12285
32382
39037
35250
32149
15969
3542
3612
23786
50935
40721
34890
42097
37689
54710
6971
12796
22030
18238
30860
32022
33041
2770
54637
32497
39494
19073
3058
34010
17046
49595
9266
25526
47171
15293
37878
29973
42676
45321
2209
30820
41731
28868
4981
10694
4248
47864
24368
23317
8993
35119
45537
6662
13867
43714
21847
3624
18619
7634
49838
21291
5084
5552
31457
9563
52288
37839
3873
35735
31448
36507
39215
50542
21334
28698
19832
46026
52746
46798
54569
7731
41700
32901
42609
51399
25561
54978
24981
26815
41336
19554
2164
4968
43151
10784
16097
8729
30865
22187
15455
29804
20931
26549
53602
19549
40662
19403
6807
11601
8681
15158
17958
30631
24092
32146
10951
24349
50842
20847
3284
30413
13167
12653
17203
29137
22948
4031
53026
33722
43039
46043
53419
14262
25227
6779
9008
15509
24546
42067
7989
17858
39207
34549
23443
22716
51595
46939
13388
54685
29266
24932
15029
44057
50916
10298
36734
47739
4721
4627
7227
28730
41547
43744
15776
53352
13019
46313
17064
29917
46895
15363
3343
18489
43971
45527
52515
27914
44668
48023
42868
38026
18455
39794
9170
5164
44769
40579
9245
44633
7416
49707
12766
54495
46252
55008
49039
28849
26634
19478
30294
46806
31225
51187
16801
4908
2031
18310
41585
34807
9868
38977
39850
38046
30270
39454
1310
7174
3752
12727
36167
5895
17270
35431
14227
50646
54441
29961
50791
34663
35347
5900
25719
32444
15537
54018
36854
35638
28153
26211
45473
24489
14158
50562
19343
22088
5618
38739
9566
21196
16785
26326
44457
52957
34063
33242
37905
30750
19981
35862
1037
43995
13955
50811
23801
45434
40941
18500
18781
3769
38185
11030
20740
27223
33488
37026
46573
47697
23042
605
8041
54036
20229
6202
35593
13059
25731
49937
36812
44256
36691
15468
46138
50692
19797
53277
17715
53687
46669
44462
31675
30125
29026
7259
33001
22859
45600
49393
10173
32654
37898
44548
47786
47022
7996
1247
40348
32058
4656
40787
21894
22888
1593
43763
7340
48172
51599
28222
47468
45377
23773
11969
38679
54581
34875
20310
10805
20272
37270
4792
48032
10189
24229
3515
10016
28795
38867
10898
24922
22250
16152
52623
7007
47404
5819
27228
13020
43420
7357
4572
41940
33492
51381
15290
29827
29227
39831
54372
5636
46921
28471
44755
282
49295
35213
19256
10200
22336
8028
6596
1098
4515
16960
42481
35726
7149
5317
32136
48963
18181
2246
15152
28068
27841
30032
14846
37622
37632
36374
33576
27898
24118
15263
48679
11300
10628
2372
19118
8759
12531
358
9632
29207
49347
5450
48383
3170
48663
35181
46707
18552
18635
6089
41769
6229
11168
41853
15687
43161
49941
16023
29568
20531
37035
1265
11148
52155
17305
19720
45162
14028
24016
41437
16026
8098
27419
35484
45339
27205
23837
18784
26045
40086
32892
11812
49481
51209
42967
13978
53436
6631
13000
9489
26866
46532
12398
26746
23691
52312
19687
1156
11611
21978
39548
20898
43027
3299
11138
19857
24812
42729
11718
7757
7502
31988
22691
18958
20373
9256
37144
48730
19458
51581
54821
41870
12110
40039
27659
4382
38088
32346
19157
38161
14567
5404
29944
50595
14184
27414
25337
9075
52692
51181
20129
38494
5364
38608
2783
11130
37619
33292
6627
9371
34897
46617
53499
3075
28077
50327
26188
4874
4292
26770
987
8191
34394
53209
50958
10175
4851
3131
44579
10613
25634
1032
13372
41060
15135
39371
35843
48304
12734
16268
24837
26050
14170
25845
4141
3309
22303
7391
44065
9975
5310
13200
42642
38492
25462
44962
52556
30013
568
42011
51288
20538
10654
14959
21452
44687
17594
34939
37847
8213
32886
17893
12277
10745
36359
10533
12116
2195
31041
46823
47964
30666
30553
45983
8974
24544
14572
19212
35338
37315
2265
9835
20274
13764
14507
442
16080
45452
10233
33932
53249
42126
37928
32352
46113
35999
38314
22522
19509
5043
38764
50427
41239
42367
12942
44829
34976
24740
11337
45011
18468
50440
7820
46990
28774
25874
18331
54418
37786
100
50220
28280
13489
45402
38790
11830
6763
43212
25808
27274
28375
3335
19517
20035
50234
2026
19563
44991
35671
4711
10610
19877
8918
45791
14357
35563
34043
6882
47774
23160
23615
23234
17783
15826
33922
20565
34498
11663
16939
43107
17905
2795
33362
18579
4584
28791
21168
54830
23284
7552
50851
12541
14580
44803
16419
18898
467
20252
9105
15813
21777
51423
10729
29403
7424
38211
24120
34915
2433
25476
18488
22681
23758
1114
51940
21310
7556
5481
4280
26736
44741
4931
30011
9650
10171
39260
1743
49848
5517
43578
27973
53674
33228
35545
15607
51892
53116
28965
29909
14807
17330
48532
1906
22454
1567
50721
53959
40410
45420
14310
2275
9093
14812
35851
26154
50377
13337
28825
25017
13771
28362
33732
17310
26071
49259
13396
18614
6799
22388
33463
21143
38034
7697
24424
11736
6293
3432
8908
12233
53549
41501
13371
9028
11872
3852
19583
14230
7024
21520
49766
28205
20571
170
39728
34780
11934
29645
18577
24578
41040
10720
47295
2375
42341
19226
18584
41626
24040
10259
40861
17356
25834
35254
17106
42038
8264
42058
29205
7336
34563
22940
4190
9135
188
37681
28860
48508
38325
8117
2537
50776
33070
4317
23767
2589
52715
14542
39969
51058
15512
9449
39767
36982
5742
48871
27464
43604
26025
46782
30335
28967
40391
19493
11424
8471
30930
21647
44558
22509
49803
42539
23019
4334
4361
20410
45614
37996
27611
27282
46173
1234
31911
40995
29114
45350
1380
38568
25071
1061
23740
22975
43546
2017
21117
309
8432
44045
46347
4448
5264
22967
32420
22923
3883
29078
33633
37083
45807
28623
13962
53223
9147
14197
2721
43611
25813
49702
45974
54137
47703
50453
29103
39506
13647
9129
33386
14299
33179
3029
12077
49102
53694
35666
25930
30310
23385
45728
2019
15445
46079
11984
16615
24597
301
26133
14910
29151
2705
1637
50716
30059
40456
36113
47960
10656
9199
35421
3472
13950
39779
33421
36378
10058
11978
41751
34224
48549
6194
28292
52580
7623
46850
47521
17198
7310
17361
39847
9304
44308
50710
8242
3608
36309
50034
9339
21800
26752
48775
19799
41196
30278
31206
28174
6020
35784
43647
19582
43274
52576
51845
49964
49282
12962
52414
27031
48266
38252
48393
52437
9922
9448
35417
32868
10226
23867
47527
38089
31175
38967
33410
9579
14783
51542
17919
683
48918
30632
34879
12972
37409
23040
50768
5652
18664
31446
4722
46362
32644
45895
22343
36319
28108
15878
54934
17989
15742
31783
14484
27338
47021
20882
43800
11111
14066
13616
28293
35789
11181
52422
23655
5997
8477
26488
44591
25782
22531
43160
21707
27932
44468
19352
23216
33381
21024
16563
47257
16921
14612
14030
41328
45575
5409
11500
31119
7897
50572
31954
15510
1799
14872
19325
35095
51276
9507
9065
19958
9376
13469
37313
10142
28173
26236
33042
1157
15597
4412
34513
27633
31039
17331
53256
52562
6519
4234
26059
19940
7973
45991
8936
10548
1742
19531
8537
245
1866
18561
43741
54313
963
48848
9751
43116
29332
38298
2737
44151
51128
32234
1
16087
39423
46547
47130
5583
10685
1965
17399
19657
8757
15577
32908
674
25858
49371
5191
27017
17846
8144
52057
51794
21686
18831
19415
24373
5717
728
39838
15039
30707
31189
51683
45001
21682
29820
8853
48787
39466
25895
40963
10878
13612
11575
28140
33711
31436
22288
42889
18944
48052
50576
3276
14369
41681
7853
18710
46401
44265
6178
4632
32259
43478
32682
42629
26826
5613
8664
31688
7572
42863
21120
8649
52427
8227
52739
1280
1073
12316
19200
46771
43203
53664
5037
53625
103
2857
28850
7500
47754
50092
9819
19653
47235
16273
48748
51458
37466
23272
21750
47854
31138
26371
7353
15303
33306
27461
15729
4041
27175
45918
17793
3952
19683
33765
48714
48681
1578
54308
482
11795
50665
19896
23107
12126
53963
53401
4105
1661
23914
20108
20694
33293
37349
7156
29936
6174
51118
42865
3991
26645
51045
11940
9693
14164
26601
53239
8455
47746
51738
548
42394
36094
27292
49727
15323
4298
18091
14818
45956
13706
49545
6375
49878
52072
28717
43660
32165
30157
23258
26182
27755
24519
20262
27933
46740
3566
51586
52120
40616
29245
7657
40553
33698
25219
26859
20478
9795
5357
49401
29547
44921
27113
26791
29855
53677
35381
52529
50198
20171
1726
25587
17714
40742
5680
35074
47150
29041
12638
18220
22834
7659
15825
52791
54510
31064
7
31816
2224
8071
23157
34384
28047
17652
7365
36182
11730
35806
29508
3377
22844
24254
6714
46640
15018
8326
50065
41872
23936
18620
35017
1198
20084
47563
34762
21014
48104
18336
38110
28087
20777
17707
44848
14717
18383
49213
19339
1441
52802
39787
27484
25091
41708
48146
40876
3151
18587
20460
693
36636
2161
9025
34702
26226
1390
22832
10968
14387
13758
11673
20651
3855
3697
9103
8325
27777
49206
11819
21930
46294
7274
20593
21239
23673
4420
11652
29719
17086
47963
7860
11041
25823
31091
40471
32713
7869
4238
2649
28988
10019
13779
16345
5147
15112
12704
2443
13244
14982
37156
4806
49404
38360
31776
5418
55011
13547
14896
6551
28750
30150
34123
49167
49649
12574
19676
29953
40983
16903
49582
3738
47637
48246
15397
33771
39351
45424
10983
10771
4541
21050
15834
18596
41253
11363
38138
51962
18081
28997
3231
11559
35201
46501
17282
596
39002
3032
2666
28137
4960
25682
12097
47948
20342
30028
7496
49617
26316
50386
20995
22174
13693
1553
9233
42550
6465
21460
31490
27244
33988
30137
28675
51759
22513
3351
18919
37932
47898
54047
18669
20727
51463
29926
1760
11459
19621
46744
29711
25761
9546
2202
2042
31073
41094
7845
15590
29360
47675
42136
28105
9814
46649
8837
29592
38917
27458
1175
34989
8546
21513
40004
42744
54773
18951
21301
12003
43628
47030
741
15120
26675
40056
24565
12058
11682
9717
37577
48611
22933
11273
41560
41594
4805
23664
42145
6299
19338
18447
37488
35138
51800
5753
53590
41612
23054
40557
8721
54269
16031
8220
52693
14112
8534
40886
5376
1895
16377
26801
22072
15233
14999
7379
9242
12505
52256
47758
53886
41401
42074
20988
49314
33202
16362
47434
5885
46066
19991
30194
49575
20906
1858
52537
47575
49556
3418
38016
16092
4196
29601
16048
23245
13893
24532
16016
9640
1479
37017
33846
10220
14492
6457
17682
37856
45221
18727
17195
41440
30633
49108
36165
1302
15685
16737
54309
4194
48841
18556
13166
49622
54110
32831
2667
16067
38799
20943
40400
54649
28877
1714
24031
50209
11206
32285
72
40027
30050
8923
45469
47265
25944
27518
33144
11289
41975
9156
40211
9572
5847
10973
5602
5054
30874
2729
9591
48014
18509
34886
35601
23725
29423
11551
47246
43088
18373
9857
41357
42827
24139
21394
39117
8599
30694
30444
20026
27080
53006
43853
20301
16771
18525
32486
54666
37031
36361
40236
17551
21472
11758
2558
52734
53046
46954
20807
42118
51550
24099
9773
37164
13128
42233
18272
52509
51857
37397
26244
18519
31258
11836
49675
31279
47747
29363
32446
48291
25601
10405
39688
14331
53734
17123
15723
46395
31741
23586
27393
49757
30800
14633
18975
1218
39644
18931
5406
13357
45903
37350
24858
53888
12558
52169
50
24214
50154
4208
30451
25115
4151
36936
19748
16261
23295
49468
13863
21448
40145
20398
7778
1982
20029
21726
1231
46834
43836
31529
30651
40140
12772
13029
24714
25058
3637
9445
26392
45491
15186
13656
25148
36220
41922
22952
40953
2070
10701
8560
33787
51553
52324
4487
44742
10242
49498
43560
36753
28054
48308
41284
48340
50648
33502
1483
37748
40179
7686
35147
20074
7633
29634
25593
44038
17001
44097
49385
24960
25494
13935
5212
2284
15601
22839
36865
25807
49639
48509
27851
33895
32215
30984
1090
17728
42181
35969
30457
28881
4666
11852
6382
321
904
54896
16393
30386
5132
8234
24595
20706
33810
29109
37503
17426
29979
30268
20994
6958
19521
28989
9353
27167
12782
88
17375
3528
12120
2915
21955
24917
7516
30257
44187
26254
29965
21691
32643
33192
29999
49938
2877
49109
37004
20445
38324
9747
19248
32054
13104
17646
40824
34719
22585
12411
20612
29785
26123
37022
32633
45405
14129
3246
8492
6313
7455
45525
20226
51696
48513
14595
39017
33580
26160
32822
45565
14799
35811
3609
43093
32842
6289
38213
5573
21186
32991
44212
39967
25525
51808
9048
33449
17683
39380
22301
38439
35519
30550
46802
27699
47172
8783
45368
635
20207
47931
2494
54081
50983
54838
32789
40338
13461
2310
19694
18141
38318
22467
36919
5813
8877
42983
7786
45838
25618
16242
48653
26904
20470
10587
46498
13557
41141
31005
9193
2929
48858
14476
47232
4953
1581
23283
12324
2331
27233
31840
50555
31633
18937
16662
4730
4854
492
45293
29811
43570
24965
19260
54959
24644
14103
17054
3833
31830
8402
40387
11470
12400
25023
35950
7009
160
24301
40925
22548
46937
8711
51129
15993
52964
27820
34533
30108
29526
46981
52417
5290
53392
23533
42755
23822
29741
47779
53082
5518
20949
28601
36003
28248
54622
21219
52947
30382
52679
15438
52970
47351
34269
22504
26101
47622
38671
23721
8181
26747
17491
44202
52436
7109
9911
40516
23695
44981
17794
38461
27750
40728
3370
13181
31864
782
34389
25427
40496
44423
10869
38067
16488
36365
38055
40263
36189
32470
41162
39208
18208
10111
29549
19528
47560
2485
47522
38771
12052
12040
10426
52979
2953
20498
7632
54654
6853
42696
19968
21015
22766
50504
21004
30960
17923
558
39924
41372
22658
10665
6673
4352
25251
4825
53721
54957
5063
14084
40010
41767
4188
34733
31662
11489
29013
40562
12144
2391
18211
6866
46967
37493
11054
15485
42884
24074
31698
39812
13088
22060
5375
4104
17903
35307
32545
50118
34245
11970
6267
21871
42178
29230
644
52242
54346
45267
31185
7910
45818
29029
8360
46146
43879
32936
661
10732
14419
6683
52603
36668
14463
15664
53486
41106
26951
3141
19241
1033
26911
45493
53490
51711
43979
33170
26368
24264
30541
4267
8800
13569
17087
8582
21747
11960
43982
7504
44113
2468
35919
14619
21742
2253
46541
3144
23929
7444
39093
14345
51544
9666
4128
14792
46237
46910
28945
36089
26358
39294
1023
39334
51641
40147
26056
21424
6087
39772
2067
7491
11928
25488
3269
17384
41652
53376
48652
24627
51563
34906
34961
9813
10314
16370
21920
37287
1267
28724
7523
26346
45864
36681
30581
15269
4739
47054
46247
18109
45477
18114
48208
35524
27600
48751
895
47290
4385
52786
54544
4472
52664
1560
4430
42437
21465
16011
30557
15181
6027
30952
53190
19132
12963
51100
42515
24509
12201
15766
16077
50484
5378
46810
33990
766
29128
32928
45543
26385
10509
3585
54062
10165
29291
4076
52047
34237
9842
33168
12018
26460
40093
54798
15108
6348
25992
27359
19300
45718
15253
22051
8243
6749
11176
40609
47222
44660
43637
28523
3961
40644
9411
37235
37268
30431
14853
14406
34302
10871
28314
18861
34825
52686
29897
32175
46072
38701
46696
12252
5564
30197
3686
20181
50830
53170
52325
29327
43986
27357
54195
23927
37091
16974
6872
30138
42006
8062
53806
15981
26592
23843
17498
12597
6637
15804
1028
40955
27047
30992
44731
35809
47803
28415
2142
3175
10045
31123
31384
3202
40805
32098
39484
38839
11443
22135
26611
22382
17767
18385
31974
6438
41380
9555
21382
20293
31269
18222
37003
37385
23294
14256
8727
42520
25579
30782
33854
20603
20890
47716
16425
32670
14451
10100
1634
43288
24052
54386
21026
42470
26688
16878
15381
4548
52962
47595
7476
28144
35416
23990
35915
30684
30297
39668
13575
34311
6798
3022
41462
16460
25031
1203
42399
17178
43056
22501
21645
54231
48946
39754
38503
537
45604
11086
51218
13833
38522
54953
27474
28444
45665
26894
22312
6250
47403
38479
39398
10710
49536
28258
34683
28479
23920
49139
46457
27432
37731
22623
31417
36377
46019
25
49734
26148
46381
48632
54982
23750
1827
51910
25158
15057
30246
54607
50016
46161
46656
17155
52827
51886
48436
46444
52408
16389
8110
11796
6010
40403
45057
19408
14088
47386
36778
36716
28907
52314
20432
43817
12839
37420
14545
33636
44166
19018
37415
21792
11536
4652
43500
9686
13121
49663
14213
11278
48544
19380
25059
4757
32850
49508
23357
41316
54916
19235
14396
45193
39082
35094
6328
14724
438
4664
36145
17929
18762
36881
48684
27865
11912
43725
38926
42385
24814
5647
8300
5226
531
3060
42722
46693
882
40604
13805
30788
18167
10297
54918
31788
18169
16403
25035
15383
333
8984
33538
27590
29978
52609
989
29369
45811
18350
46601
45346
6416
45948
48808
31557
50077
53802
3796
40933
28888
13746
17107
23082
54336
48901
29824
19883
54700
5943
25672
49921
29060
31060
44858
35912
52670
23578
22617
25180
45069
54847
33601
19012
18302
50412
45313
9462
47332
22123
22065
35749
8607
33212
7783
17264
27575
13905
50176
15882
34297
16544
4653
20680
16510
19715
44035
34329
30938
1403
35651
22878
17038
51525
32753
43211
44005
41382
26419
12207
25772
24158
21708
31694
3845
2106
49316
5287
7741
47669
39266
49874
52567
42763
23262
49724
50539
23290
39606
11333
48200
20769
28711
5300
15361
54658
16871
2673
23374
29499
41151
27398
11008
25273
39443
3425
17943
54602
23006
45335
11394
36062
48438
33138
22487
35173
51818
6823
33370
19245
38873
5855
7816
3381
17185
17686
40384
40349
22035
41199
6990
50438
34424
17621
6451
23993
54645
44123
54795
20828
11950
44781
25518
15146
22379
47836
42223
16576
53130
25994
29687
54096
43775
43086
37121
52395
53825
33866
38689
8057
35410
1128
29455
46099
12023
17485
5257
6318
20092
39999
53232
24906
34756
5056
46581
33048
23282
39598
42120
379
8310
52224
35424
24362
26710
51998
17129
760
6001
22
52294
30330
48817
16719
38261
41832
26436
17376
53570
2012
43175
29323
39818
49478
29181
6212
47944
22730
14688
36302
50613
41156
46556
10079
29726
27805
9613
32732
27040
43409
33177
42739
31019
40486
26877
2691
15276
28488
35835
23232
11433
38128
32507
42745
3357
36392
37368
16189
45128
1369
8606
43816
825
36748
6353
2120
1812
18687
30364
1423
19496
36531
28443
19801
40715
16329
13335
23289
1357
42774
34852
25109
53672
46451
49737
9014
26136
4392
41822
14992
46690
47710
45559
25345
24292
27073
19101
20965
15990
42419
11544
23504
28346
25081
5089
37643
23729
17722
27165
11572
47477
19546
18057
34631
32877
5422
8617
33779
48920
4172
20752
40567
9192
4262
13280
34558
1847
45414
42579
50604
52571
41005
35153
35266
26814
4512
32320
8209
33776
6198
28096
4686
5568
16691
2133
36905
40771
37445
21511
14362
51631
15930
13637
393
17076
15891
36548
37999
45515
30985
798
39977
14765
36591
18392
2910
54051
2411
39616
20572
30068
12703
12862
17287
13394
28417
46865
48262
43183
31551
35116
13417
18149
15167
15020
51994
4049
46124
338
6362
41727
29812
33372
15854
42552
32339
53313
44347
25192
25744
48885
29085
33219
48141
20519
5344
3519
13752
27069
34340
27965
24675
47318
2529
33957
9455
40067
49444
14379
10471
21341
21536
53698
26507
46193
21427
36026
53644
16762
10152
19117
11861
10904
14622
41469
23590
42777
46068
32494
32894
41953
371
17003
4435
50966
10792
10860
26466
50957
51650
7297
16723
14165
47510
47011
9856
253
29254
32390
34360
31582
17844
19046
21356
11826
47203
32881
34420
49456
2235
3501
51908
24207
30982
21858
13318
37065
5660
20047
40816
32008
44333
17649
12886
49323
2503
25625
23881
13908
2946
18754
2226
540
30237
27822
50585
36199
32712
14120
577
29756
40137
28621
40062
36103
17254
4506
840
22843
24146
38431
7612
30937
32169
13505
35188
2643
42250
31032
43066
1509
1631
28039
7893
17137
39363
36583
42224
43359
9609
46039
17405
8423
15016
25885
45148
40599
4800
18984
42176
33173
42293
54665
33056
2071
50927
49090
12496
18465
5856
28617
31884
36258
41930
36771
35314
5505
13251
1834
27150
46587
25904
4270
25228
30899
40706
26844
3922
37857
4497
8865
37892
51926
18065
35408
24166
51388
49426
53945
45964
22650
46333
52605
46644
12570
7829
2566
48598
19328
45594
5565
18818
24010
1492
18718
32554
3424
30020
42357
9246
15897
5534
43924
22779
29195
49157
10187
34469
23022
47789
35958
7622
1959
444
24832
7883
7945
35107
33926
46631
46352
45030
23621
23452
52727
50549
18593
49368
1916
41016
54042
34789
21224
28534
32004
38901
35164
5391
32703
33828
31913
39543
42024
44789
22156
48063
17630
34119
50944
19914
16641
28529
29341
25790
24691
21130
26529
44133
35330
25505
40307
1402
52595
39537
43696
14833
45441
8844
428
1930
7165
5442
38025
18853
19462
17972
32218
14684
43486
13411
47161
9877
36294
26964
44641
4904
3271
21859
44314
2903
18199
41194
5962
4941
36338
29409
22360
53781
53318
8137
31708
15521
22399
44375
30308
31346
823
8010
35056
16731
15244
26157
18252
29099
16039
14913
7115
40564
13439
15638
33647
16884
7493
25998
26428
53508
8504
5897
15962
35222
11156
2867
37969
7683
12200
32798
38636
34542
9729
21497
18311
27321
24601
44345
24268
7344
28496
54671
32641
7254
23557
48036
14748
20592
44455
37306
14201
23901
32639
2732
20349
48408
5463
12566
7230
30128
25922
4066
22328
38167
33222
25235
3711
46749
23044
15918
52701
23616
46000
50486
43384
17834
54735
53858
11794
33394
39226
32951
43153
20864
50681
3599
6723
47394
39670
45842
24548
41538
24337
44610
13942
27911
20064
10970
35044
25536
37480
39127
52915
33118
29534
48271
52997
31851
12526
17308
52178
12623
29522
27701
16905
16984
7733
11893
23402
47531
4831
18570
14932
27569
35398
41479
12899
39561
26875
49379
12483
52889
16141
17719
25555
16624
22430
6387
14209
23109
6455
1364
31198
18953
37104
27913
52132
287
5361
21347
42256
14290
19869
19169
10606
9179
28754
24882
41572
3560
49120
5972
21362
18031
26992
43134
19699
32371
45304
19214
19770
7125
27812
20941
317
47177
38414
3723
16554
5933
22749
6851
9958
9349
14670
27610
19807
25701
737
31905
43201
47413
44888
3806
30236
22738
47979
13446
10802
41642
5965
25707
27404
8339
36989
35586
13858
14604
11253
33213
41202
25292
20507
47208
9461
22034
26085
35941
39741
45263
1970
38214
32131
9931
9785
24064
7664
43510
38885
35504
12590
10480
4563
30919
42213
6154
49961
13529
35664
49784
20369
52164
16390
39243
24761
39262
10825
41434
40218
2511
632
32284
9459
9217
5171
40228
27312
18182
15491
14074
41078
17562
25539
42952
18623
16215
4765
34478
806
13609
54965
27123
28063
16454
54120
49417
19028
39411
34214
12300
28506
34680
41311
44936
44087
29575
35627
32442
38842
23542
40315
44819
41289
11665
44511
36396
34290
40433
36216
31409
54639
26608
34500
14713
34508
25353
42705
16953
21888
46211
43830
2180
28947
4817
9348
20423
31995
78
15077
83
16646
10235
33126
27445
21066
20764
38808
25692
53600
2335
9696
47066
21177
49670
12722
43723
40174
20050
5352
36150
50952
3095
7081
9899
30909
3641
12855
22820
45461
44716
41240
28732
27666
17329
13290
52777
29119
34894
12955
26247
2188
53064
37125
33158
39499
10822
35846
20451
4132
38278
4797
2218
16131
43616
51155
26403
52481
43755
25900
18337
13732
35467
12924
7142
12912
30483
18033
16203
46997
45777
18115
17996
4205
1401
50466
2452
3989
21411
24165
2318
12304
28631
36065
2681
2259
23925
46739
9510
16828
1422
24036
41098
9044
8427
31872
35646
36956
43517
35192
8767
11405
35444
21607
27258
22368
41074
32358
52455
8167
17445
44230
43342
10037
18654
18813
354
46507
9683
45486
30693
15686
33183
42599
33638
4402
13067
51112
16379
44073
17632
46432
21853
43139
5477
50565
47713
11297
28547
11522
53475
26616
32774
29694
27694
20587
19503
30765
3157
53788
980
5011
17285
37866
29543
5527
27676
49241
21675
1240
48150
22947
45207
20236
25310
25880
14191
26970
18294
13381
53039
19975
32587
8003
47631
15
7313
11113
15311
12114
17539
24918
29006
9161
53306
7692
25369
38163
33030
38667
40103
10600
46317
13795
31945
25164
46417
29435
34273
48380
26714
35375
27556
15224
24848
27426
19628
52678
38880
19139
25068
16882
47039
32897
397
12465
7800
16387
7104
23169
32252
19208
48873
15799
5674
46372
50224
12188
28837
22789
13532
30244
29106
30406
42204
42645
43492
6183
23657
54746
37766
33997
44820
10500
22230
45344
43481
40048
12107
51851
23962
37984
33939
40971
36687
12754
3647
35158
10579
54002
39496
33697
49669
43454
21105
6769
40678
41657
23467
36540
50771
8572
12739
50785
44496
2743
51593
26354
49912
36706
35480
33908
31432
4926
47099
18609
9144
15047
1330
25466
27121
22991
25400
54922
37951
36922
46818
36761
14861
30627
20062
22672
4505
48107
15092
21832
18787
7485
34069
36346
39230
33062
44434
13720
33609
34176
52840
27859
37013
28794
27487
44008
15024
16471
7648
51953
43516
22723
12715
51192
6142
32331
52725
28516
52328
50808
34082
52035
41331
42846
3325
33022
20402
5471
51201
17525
1557
29397
17240
45144
49887
53702
34986
41278
51315
20756
52237
52608
19902
54785
39947
46563
31897
35573
47228
42134
34131
28426
11071
31719
22579
45103
36638
44364
50474
53663
27744
34158
31217
29027
2791
26550
22440
53918
12663
37513
44243
25172
21189
40368
48422
1825
44082
38344
28556
39442
11418
15890
32462
22027
31574
4896
28741
17245
18436
31044
42857
24943
44147
33039
50622
9315
7562
52649
26399
42092
928
39517
29956
28038
43057
33652
14923
19404
36474
17601
4889
44335
39053
35797
40116
6259
2489
15206
44480
22630
43537
36861
24150
13542
24433
21739
28704
15861
48426
44640
10335
43810
43916
8717
47089
54930
22793
54200
16619
25933
10933
2499
36406
34510
24724
40194
40463
40944
10829
33700
42227
33836
11386
22349
31519
22680
53284
23151
24889
14904
18964
39553
36082
19588
37543
43403
44184
29673
12245
26014
31743
37976
40290
20788
20825
19471
45459
50922
43217
27010
32456
48528
34863
15977
54008
8651
10071
10117
31023
14186
40804
28002
1176
7935
18923
49067
3482
45361
19691
19048
18406
42036
25352
1556
19390
36353
30339
42391
24330
13579
5598
23780
2522
40481
19058
30743
32459
43111
29690
53364
4111
34583
17066
43301
39887
33132
34315
28842
7720
1229
20775
2553
11833
38851
4846
37092
18993
49682
13759
19567
7205
1496
10761
49174
33680
3320
27951
4296
54875
41542
25600
21434
12303
37774
23709
26201
39265
46133
39612
16055
1570
51255
32208
18416
9769
27500
38194
27698
2360
22868
6489
33923
32228
9209
39251
24347
6950
6132
31144
36241
31683
11892
22146
54758
30566
38757
35952
54689
16887
40526
45824
12582
52849
42348
41664
4022
54565
47906
39088
13814
29715
17641
32412
12540
6517
43256
41031
49251
3192
21075
5201
5810
29733
42444
9940
8880
17933
49566
30395
48249
7442
39869
10570
7531
18177
40974
948
41997
15219
16893
47234
42718
5553
3907
54151
21152
35986
34261
36180
13114
36620
47936
53175
6497
6213
46167
25646
14412
5127
7524
28129
19739
32775
44357
9910
28905
21603
36484
35742
40818
26525
42216
52733
3716
35848
50341
37456
42042
31980
35172
20116
29907
10572
37515
54731
32513
8820
33120
50889
6473
37777
12871
10857
15131
6193
12547
26760
21262
45392
13304
9949
47923
8857
15132
29725
7770
12088
28232
19830
53514
34104
47881
10107
24383
8126
40850
3312
25651
3617
51376
36804
3039
3742
54869
51978
33253
37637
43191
36228
5842
5999
53726
27930
25435
9623
50155
24571
32971
39898
52019
6163
5277
22643
5101
36329
19113
13846
11992
53157
14278
17607
47368
19827
29474
29679
8090
19064
29503
52
42909
45850
37888
40297
53048
4553
18709
52789
2148
10399
44501
47280
5113
32366
24849
34692
41948
53142
50006
16361
2381
6652
22516
8901
9374
45686
50823
45751
6504
42428
26491
50425
22475
13351
36158
15177
44352
27246
38290
34188
7181
52783
52354
34094
4821
40153
22880
21649
1544
38144
1910
26983
15793
44510
31966
42686
35531
9739
40853
54369
33339
916
18871
28358
39949
45620
9314
8688
22463
13074
42313
23229
19162
41420
47108
8705
23687
33873
9437
33940
26884
24503
4059
4751
25315
32924
336
1011
9227
51616
6338
1504
29211
41648
29253
8413
26560
7619
8448
8941
2713
10205
44711
47768
45183
30186
45891
27430
177
29046
4647
37443
33738
27711
34459
21657
42891
39952
36512
47999
25653
16205
1533
4829
3938
15823
13418
21161
53177
1241
7052
5071
44059
14438
18261
26509
45134
18516
16433
14562
45089
27302
45584
1707
14497
49518
35008
29697
29701
20621
33079
5004
32200
41905
46051
9779
43777
48998
9113
51764
18247
20306
30678
23207
33348
50349
15404
19961
7190
37260
13442
26650
17825
22417
40240
23905
735
48007
47101
10821
11745
48725
44703
25864
39290
34529
36285
43360
21712
11017
13068
20582
2544
38622
10291
49063
10810
3825
42084
30346
48198
39067
47422
16580
17974
25577
37496
44473
10644
16035
310
24236
51413
53610
9016
37455
30577
34705
12605
20720
44149
10067
42958
52810
956
29102
24867
29305
8758
45253
39460
22986
28613
40695
7709
28939
40358
12705
53201
27363
12157
11024
13403
38524
20143
6115
51824
6671
6937
40597
3862
39353
13010
30077
44355
4069
44410
34440
7721
20052
45805
18427
27071
46737
12359
30396
1320
21086
9286
11212
29478
27942
872
54193
38827
51609
31326
6542
10539
25282
18194
8373
8839
36783
769
26835
14055
17887
39808
14177
2111
29669
28117
2654
6941
17587
41633
34615
13427
21055
8796
23417
37598
5413
28388
18851
41984
49829
23148
48755
35549
34146
4219
29204
41831
14471
36426
21263
21995
15058
20440
26647
52033
31799
32353
15867
26115
52151
345
48589
43902
28896
18319
413
54217
29379
24664
38403
38855
2609
12643
40671
14442
52084
14655
18797
46687
2804
11428
49227
35759
1992
18749
17576
51448
29654
7197
34974
2438
6532
4738
9973
18277
25047
50426
16713
24554
16339
30810
29287
46183
46848
14554
22350
19448
6075
32475
36499
37120
54423
28384
22569
32460
26180
25378
41140
38151
49957
48482
19026
43422
35810
10817
12095
43276
44975
7543
39133
12914
4902
14251
42562
50188
30748
38907
40226
36493
51246
1119
37817
31393
17986
22219
40569
44441
23254
46516
10195
54680
10121
10408
10522
35589
17507
43596
11074
3534
12777
33955
31442
26411
32910
6782
11110
33215
32267
2701
53161
3710
23010
45725
6712
34151
29878
2426
41133
37160
7793
6007
28267
23731
11248
12502
21735
1313
47481
7991
54483
34327
54883
53997
37278
52629
31147
10329
11128
42854
49974
34112
19760
28686
3324
54252
46858
44927
27996
38218
13347
44162
43126
2942
5979
25367
22790
11355
31229
8893
6744
31001
38378
49173
52816
25407
35537
8911
53578
35895
43791
30661
4303
3044
40867
39355
46633
793
45501
51778
15068
28589
48800
17362
28688
12891
14711
42276
40568
39179
8516
44949
24942
3589
24001
51703
23032
40752
45155
43820
12034
3163
22366
33161
33211
35686
51080
22541
25305
35766
45231
11742
50728
51476
15051
16620
36136
29051
17481
22257
45523
25688
28897
3790
41186
49434
51159
20548
33665
7587
50864
12405
45289
37835
53624
24846
27193
41604
42536
44946
15475
5197
2888
32805
20921
8200
11920
41448
18005
3251
7228
5686
5273
7745
2401
44518
14656
17229
28394
19333
44733
33766
47484
17818
30699
7338
27643
24441
1704
5473
50182
28182
9487
24193
41891
19945
35371
18325
14909
15573
20703
1904
29390
42636
53757
53988
2833
24413
36588
44220
6757
48624
31090
48459
28925
30
5904
25391
18695
45077
20716
35283
40633
16540
2512
51105
28963
43669
30199
38982
47523
47939
11691
6107
15940
6514
52669
21108
17318
1461
44299
33673
51012
14788
51320
32455
40335
47493
11195
30193
21569
10431
50664
18776
41114
22126
29225
28765
12811
43915
22073
33458
51228
35454
50248
25335
11882
27385
42103
54091
25621
37422
42822
45215
48443
2292
35657
32836
49339
44780
45323
17965
1879
43293
52525
17398
54198
1108
36312
26095
29537
389
48883
12910
31546
42837
49795
48318
33524
9398
14513
9783
54812
24128
15388
54292
54975
53840
33413
7813
15496
17019
25193
45682
8194
7054
46711
6002
3212
7072
34654
33442
37653
13876
2987
19083
47444
38685
5863
6859
27982
1870
13841
54849
37343
8129
53593
42506
22266
39408
12401
28805
2963
4370
52330
45690
24082
17326
53069
47818
34029
52925
14667
43010
5163
34751
32723
31829
9131
5019
11034
14775
39114
25139
5772
5874
20731
32296
3592
37399
49935
24200
19878
28676
4182
39996
29580
26375
20815
32068
25548
18131
1052
52193
13824
25226
15611
43783
1819
22900
21831
6482
12430
36549
11846
44318
41717
54247
13870
19753
50640
39427
26704
18144
22767
39918
38583
19860
45087
19854
43808
18365
40810
4641
46943
38262
52857
52500
44571
16534
49304
24541
45840
37074
47083
2126
10940
52348
14532
10040
33014
15656
11372
46295
47994
30477
31086
19598
35541
45854
38407
17225
31239
32328
13604
48044
36613
28236
43542
41304
8256
27984
18099
30498
25741
25446
2900
5173
17256
36462
53981
54305
45799
25595
24083
11543
12445
51774
48888
22704
45802
24865
16685
30001
2893
34319
38368
12402
34342
10354
37400
37266
34930
44121
39282
38130
22164
584
50978
45381
26336
23139
31809
13963
35335
42384
33408
41963
22677
23528
14675
42306
1333
46408
39140
45353
29203
28453
35928
2172
26975
5987
934
25911
181
35240
5709
25980
16285
42873
31463
27027
31482
19071
53275
12085
2670
33185
12521
11021
13311
49819
30642
37822
20048
31404
46521
19934
44650
12213
47641
28940
30923
2552
12365
8887
28985
33107
4193
33712
31359
43097
14004
1805
35498
3409
37095
24903
40282
16892
13726
25510
12222
20283
37018
29585
41259
23633
6586
26625
50545
49103
49150
21914
706
570
14837
9907
21271
43264
45234
6245
33082
45784
52098
34970
31078
38512
48795
22847
31306
52710
47983
33690
26219
40583
20674
34407
16671
9128
41909
38226
10450
51898
43253
28799
16628
44407
53589
10885
23213
16064
13367
1527
22810
7775
46200
29185
49852
37309
51357
8403
11202
12168
8170
1348
26003
38304
36566
26442
4786
8381
2560
2044
37212
3625
31011
40447
41292
43396
32638
34925
38097
7240
23486
31923
33806
46678
34588
42805
13899
41136
8464
443
4089
47501
27641
377
9707
12342
13484
7966
8106
39625
3052
20870
34404
49208
16680
6832
28382
9991
18307
34674
35195
18600
46489
33316
20750
48331
1251
54367
53879
38993
3578
50279
44639
40667
38232
20607
42564
46350
1616
50040
38708
9288
30516
14701
50986
18356
7045
34954
39854
19643
36726
8016
37825
14952
22396
16293
16324
43666
20488
43588
25690
43663
1063
50074
23806
10750
54068
20783
5694
19937
10007
25197
27079
49638
16987
40985
45265
12632
52364
10695
3869
18630
26275
45872
27837
8048
44192
31494
42885
34787
48327
29923
4603
49840
41416
43523
8203
54168
36382
34166
52129
15581
20668
29302
49999
22182
24718
51985
5333
3221
49101
11505
16522
37961
47000
51729
12790
21763
24468
51646
15738
25295
37672
25087
9263
27582
28371
28539
23185
30731
1138
38473
4766
10494
54890
44249
33334
43703
15948
47635
40611
8475
31613
30603
12747
26776
13877
9499
7904
18533
28000
16593
50931
6064
30884
652
47649
3953
33615
17514
53653
10210
53085
27907
29803
5523
42206
45808
4484
24732
15540
53864
42638
14733
42666
52937
49716
36723
19123
20021
14654
14995
34843
48938
25893
21227
10361
12314
18594
16179
35065
15563
10033
54530
8815
45445
9802
6618
4991
6045
53815
31475
54996
19595
16809
20464
22696
1471
52306
404
27239
17095
20842
40385
16480
4900
39776
46623
22203
32859
28550
31328
31110
9243
17466
27843
38818
23303
23755
14470
4557
44106
36208
39076
908
34918
24805
1190
40182
54697
22408
29751
36700
24841
5790
44722
53873
21552
29173
48157
40423
32394
23519
50240
34005
4282
51485
38166
42688
15375
781
38412
13328
10347
54010
39313
33396
45196
28067
9536
3125
28017
21614
49290
28399
38900
48693
5430
28603
12847
10911
23649
37204
19365
22293
42904
43393
17874
40565
39216
42993
4612
14046
47033
22566
32049
13723
51326
21099
41179
26168
52806
52651
46688
35630
51261
36751
25096
11453
21469
15214
51629
28070
40788
21821
12013
37379
18284
37472
21940
42543
43622
13848
18742
7034
22710
19310
3760
49331
52020
54090
39970
31137
16225
31366
51489
47565
31243
40050
53139
32341
29064
30849
37758
6791
16703
42793
43473
37564
30579
33445
36465
37661
28628
37149
25723
20319
46643
34144
27050
17418
24105
34278
50631
2820
17914
25757
25202
16780
37738
53349
24057
32696
50419
24169
11316
21417
41617
47341
39392
41813
26932
18009
32481
38715
18231
44636
29869
41344
33093
31889
52251
1152
35819
6606
30619
16137
25713
30775
9891
51787
28780
10088
41010
15681
23857
11785
272
24399
19372
33514
44419
40535
41789
37631
12147
11412
38441
37919
8994
4740
8489
11798
49209
391
20697
37720
44966
7096
32829
49926
54630
8502
51393
35233
17547
20133
29605
999
148
5240
30116
35126
22376
47890
42462
47551
53303
38073
48227
42680
13432
35391
32436
31465
16274
6910
42662
25848
50968
17317
20093
39654
23450
47452
5047
51409
53123
35730
22689
39010
40130
42169
13218
10266
21950
16754
21488
3750
21885
46854
9390
50222
11661
41659
12534
28378
36118
53897
26422
8933
30481
27001
32563
32821
10390
55013
47322
26723
34649
8512
18722
10508
48074
42521
38594
34665
8553
24562
30264
17338
18159
12802
41166
34118
25912
2236
16448
4997
11186
46050
24495
10647
41685
34772
30301
35716
17411
8486
614
1278
6733
48712
26553
4811
22455
13361
43893
25851
32291
10621
42165
31286
47346
34380
53339
26958
21255
46891
22891
31338
47951
30610
40515
47666
16502
41526
35002
34206
41569
6221
51356
293
4753
52893
20643
30528
28640
8039
24392
111
8342
10026
13151
9298
17602
54328
26751
45219
9377
49528
37800
9495
28238
29053
21368
46403
19092
11942
6209
7459
14353
4095
43969
39803
20685
16365
16714
46272
34312
17614
54365
36926
50907
5736
47981
26571
24109
5637
40679
11614
26984
31250
19441
14979
5800
32731
25443
38836
47734
11584
18342
48971
10252
44623
9470
3492
22097
37699
23704
26291
41050
30493
28776
50985
10287
41452
26281
5354
32122
39480
54508
7004
18197
1084
54676
36786
44746
30158
10752
30354
41275
5725
7332
42048
43362
21406
50372
54503
34922
2018
12239
30713
32307
49230
24123
17320
30815
24358
36840
18825
40253
30506
32870
8358
6598
50332
209
40780
42616
51660
37575
41460
39124
8876
17439
26044
53980
45224
21801