27338
15021
1201
15865
3540
230
8050
22801
15438
20248
348
1712
27143
5046
6133
18666
5010
3169
7857
4062
15287
1608
26136
2537
17318
15120
20804
14044
2104
22047
3771
3461
10188
20460
10955
25444
14854
21954
23370
10729
6297
17828
19991
12612
2370
24743
27520
18491
21698
9368
12068
19201
7428
4755
17931
13440
9847
22819
16912
10911
2286
18301
19526
7200
2986
11999
10472
22365
20280
20297
18306
20656
11346
15719
18848
27472
26281
10325
6164
193
799
16237
27275
16212
22074
19395
13099
552
24274
25992
12863
27455
17914
9551
7021
23608
12283
27505
14518
21506
17917
382
4727
10352
27028
2403
16982
6866
7028
60
22154
22834
7887
21908
11960
20713
10718
10292
22876
2736
10304
24506
18903
16503
20867
22426
11198
23863
5543
6821
18691
15857
11213
10258
8761
8220
6231
21112
21032
6217
27025
10119
27453
7837
26202
18467
17742
1742
6957
24595
15165
7073
5395
5335
6041
4367
15821
25409
10163
7037
11958
24441
16839
11368
21453
3007
14427
15807
15118
14147
26006
9159
14973
26667
12948
8767
24622
13646
27359
9865
20242
18246
612
12378
16089
8291
11822
11815
22167
4817
20531
14831
24952
12439
13103
420
19004
16603
4126
8256
21705
620
23785
1315
144
14239
8734
3139
10653
5896
20858
329
642
504
7385
10682
1080
147
2618
22722
6496
13041
24482
1966
20678
23499
11984
27178
17804
1156
20097
21927
3512
26981
7847
9958
18645
24690
10103
20395
4357
7715
7829
9015
23644
15106
10259
16464
11508
10633
10610
666
19666
16724
11073
4995
11381
6464
20821
5098
22212
22286
26356
4828
14788
2921
22089
24587
19073
18029
7166
11906
24366
24416
25477
9335
17678
26216
4282
10568
12561
2601
14420
25813
16063
2116
22136
5473
143
25487
23503
25863
11336
21402
25467
24826
26381
18624
3624
20935
9864
556
17124
4864
7093
15970
25732
5530
21665
696
10353
1611
4893
17942
4314
14069
3094
18143
18294
15698
8663
6169
19855
7366
17355
5575
15562
25059
12496
8554
1749
16345
23459
6805
5909
15885
16014
24551
5691
26292
9956
18039
10127
22129
4745
3519
15795
21108
6266
17080
6239
9834
8609
21755
21915
4115
26647
24010
11555
16127
18116
13254
14009
5771
26924
21091
2780
10076
14243
20521
13835
23571
15649
25150
19221
4265
24920
13017
27551
18260
14968
7656
24670
13146
6121
26560
1692
25524
15557
14414
4445
23123
19378
8167
12100
2936
1802
659
7363
1021
11886
24698
17712
22349
15370
1888
24265
19543
10551
13883
23880
5538
16491
23598
287
20093
26880
25389
9458
646
8541
23229
18699
23219
6306
13583
10237
17996
10350
21591
5970
7582
495
1916
6290
26309
19446
9477
6960
7006
18278
2188
4546
16824
11
27350
20784
19705
15027
10192
16647
22021
4969
23259
12024
11798
25000
17359
7928
4009
3554
23114
21856
1285
8037
23237
8019
52
4333
4507
17532
24313
26375
5671
2783
17593
19488
12706
1305
16115
22087
527
17425
8106
17611
27200
20033
24602
22500
4425
292
2199
11696
15985
21067
12916
21379
16113
24654
26502
15458
7318
2180
20233
17735
22159
12942
8319
16893
13161
11873
649
16663
25120
24965
24958
14509
10558
18845
25190
19245
24170
10625
540
10865
19262
19110
14138
19506
14196
13736
23023
6431
12734
9964
11767
10674
21635
3142
23879
11590
8045
20055
310
20451
18054
3694
2838
13165
22338
24944
12969
21489
13694
3603
12888
15605
1113
21982
11095
7675
8296
11083
1653
26665
19351
22464
23170
4921
21235
27127
2680
15824
24862
26260
14737
23267
8428
14316
22981
25340
12340
17784
27529
3330
12226
22889
22169
11624
246
17441
25158
7038
17089
27018
13504
16004
15950
9606
23036
8449
4304
14549
2441
14865
19600
16975
17752
17608
1625
9911
16126
9297
1108
27488
1514
7591
13250
13948
25907
6485
15647
17686
1495
24774
6953
7322
12129
12329
21951
27037
20440
13470
4422
39
8239
6505
12084
13061
6031
5282
12398
13281
12934
14591
3768
16730
15711
10945
14502
6109
12604
19620
11842
8033
21381
9530
20684
6665
23964
13500
26169
6359
26475
16360
13079
18014
2606
2221
26738
12429
8444
12833
8415
22696
19068
25886
10834
184
1240
1388
4959
10168
755
13942
19016
13347
27368
6459
1817
10687
24925
4187
24426
16722
11289
8909
10360
11553
27007
9255
6344
22190
24286
22070
18204
6254
9171
11113
10675
10266
21474
8059
26754
8158
8646
10557
5169
17653
19381
3914
988
10800
7632
24645
5743
18224
4439
14508
3796
21979
7613
25232
22815
13776
19928
19113
8386
25022
106
8675
26430
13098
15845
7215
17109
8270
14565
25741
1222
11565
24101
26519
16023
16994
24037
903
17143
10758
10469
13076
13544
9380
8979
1536
27087
99
21143
2036
21616
1432
13973
15581
6778
24762
3491
5934
24339
4067
10946
16711
4699
19723
19804
8813
20415
12788
15259
24111
23828
7819
6055
14998
3362
19776
18966
17540
8593
2558
25461
2944
27076
7681
1336
13996
2724
26710
8044
14395
15924
7609
11898
26734
27064
10148
25727
13116
1719
19050
5918
21422
175
10222
6262
3550
750
6119
14912
5511
1249
25376
11497
21568
7697
12138
20400
10705
1609
17460
4323
26473
4946
7622
14011
10927
16769
24632
26118
14610
11525
604
9907
27211
10039
15597
1934
17386
6096
12359
25566
2240
22090
24152
18091
2996
2903
21763
21991
2530
26093
23278
9398
11973
17128
6539
27367
25108
22897
8845
4899
17861
9499
11582
21099
2394
23213
15150
26751
8360
27216
15415
21288
12285
24579
20782
21656
18773
7243
5565
3945
8243
4450
6033
7405
21326
5661
25162
7731
13392
4520
13701
4742
22821
18376
2568
25030
9480
9391
18764
25918
13208
4033
24909
10128
4209
22715
25717
7750
12772
22093
12811
11799
17688
17363
9200
20953
11480
6124
14927
14384
22138
4101
9966
25317
13814
15068
23382
26255
4056
19892
2658
14028
25976
8111
10241
19981
2777
12729
9213
14651
20772
11191
8846
20146
22467
19800
22146
21472
13263
10910
20168
24359
25626
12595
9598
13141
13922
16302
8219
9563
27103
23115
2067
3439
9064
16876
5284
15148
27168
22564
10287
794
5373
2614
3102
5754
2807
2727
22635
6751
26253
3676
14207
17629
12684
16488
24733
1192
5312
15572
7877
12555
352
12644
13983
24324
7175
6424
2124
5657
2060
21186
25578
5146
10485
3354
12238
23286
13172
9824
2366
14291
25522
436
2890
27302
9766
25173
19857
8864
16617
13610
11320
25225
23591
14391
20157
8063
24066
9706
16470
14898
8599
2710
11092
7564
16424
1341
20283
20570
17770
16136
24334
9319
3194
24689
24485
5034
6574
3037
8282
717
7454
25701
5262
18400
874
15347
9886
8912
23542
7182
2304
11220
21788
14326
12248
17044
192
23659
13513
2823
27405
15934
25842
11404
20408
8042
21172
4040
1644
10716
22108
5073
42
14163
25538
16633
4635
18680
7790
18164
12187
12783
78
7273
15534
7909
8796
11715
1937
6890
27317
22932
27020
5623
11588
9692
13483
7960
27080
10046
2148
26210
24179
10533
16558
16352
23858
24544
3722
21652
12634
21181
25210
16246
23083
14205
803
24399
1089
11534
8600
17374
12165
24992
8407
5458
17094
5659
12696
8337
22873
1435
18716
26787
10540
19333
25806
16812
8743
25615
23366
3806
12440
1474
16501
14281
9822
18476
25043
13333
9599
15690
6710
1854
12887
19740
15252
23587
13030
26601
25980
20191
16045
5475
5093
21258
21243
27017
23357
14689
3368
16712
7570
925
15563
8615
15224
6727
9075
3955
378
26468
8730
410
6997
23922
16031
5673
5695
19321
21041
26282
20352
19947
6095
1544
1373
1248
24584
15331
15386
21481
2926
11778
19512
26829
1621
1825
1634
5876
24767
16840
9641
1053
25826
23669
12162
2652
8230
10016
27385
24402
8253
17980
17210
4807
16576
19265
6744
10755
2689
2841
4841
18285
22434
27331
20304
16355
18446
16369
4590
317
27538
16736
2639
512
2507
13458
9845
18631
3830
9833
1253
1485
7518
6489
24873
25905
9524
23882
4159
10704
15059
1153
2893
17619
21929
23625
13262
13148
1660
24134
5117
22746
8100
15505
2331
26304
15875
255
22137
13975
8380
135
12829
18359
26816
2356
16733
25510
2138
12643
16048
26843
21369
21488
7893
12513
12840
22291
9818
13656
21692
9473
5039
27440
2594
14723
8975
5988
27415
16569
25919
22412
19042
25753
6125
15995
14102
21577
20109
20313
26745
26729
20166
10652
8825
14122
4373
14855
19252
15235
2007
7648
27428
10715
19514
27322
9896
7001
7954
931
11307
18544
5250
27138
4348
6846
9627
13866
3746
16485
23658
26280
17634
7231
25633
5231
20917
11758
543
8533
13900
20465
10480
3845
8091
18080
3587
6287
17485
27421
1756
21756
17304
6763
21357
23990
17524
26495
26071
15659
27212
18154
13828
677
6115
16282
1670
21517
23978
14576
19342
27118
12488
19517
21130
4870
19658
15760
23338
4094
27073
16327
20778
21522
18500
13674
8818
1307
12997
20226
20256
23616
17878
25791
14375
5201
7584
6514
18250
5443
8516
11585
1551
17179
15487
26484
506
2023
3179
22204
11349
13177
18858
4614
23178
3199
5342
17190
13730
11038
8478
3665
9311
18071
18742
9461
24121
1353
24534
23956
9420
19614
1600
22658
7919
15166
4384
19750
19557
20679
9302
8916
14887
18219
14125
758
11963
17591
12292
7379
3130
923
16969
18932
222
13085
202
7976
17025
7434
13463
15441
5605
26445
17388
1518
14903
8398
19278
6836
24282
11283
18582
20480
12571
7468
22134
9209
23262
23013
25981
9505
21061
1743
2479
8356
18418
22031
14344
7160
25450
8584
3691
3398
12725
16313
261
17782
13328
24245
23318
18241
15276
5681
829
1679
11806
13823
16385
10827
19712
17034
3977
14040
17907
17058
2461
14673
7901
4983
5820
23553
10201
2411
894
6406
16609
2341
18181
27003
18836
20799
4861
20923
16383
16549
26420
23512
943
21443
8334
3058
4725
5705
19007
15461
7463
880
2711
18598
1001
22886
24697
17936
4927
13089
10065
7101
2750
6656
2107
15786
23547
5514
23815
1423
14020
4014
9628
18575
14843
2011
18510
13792
17418
8172
4181
474
5694
10803
5960
24520
14110
17066
11197
9141
12153
23581
5321
18724
21614
27395
5156
25878
20265
11057
23927
4478
2027
7000
12717
16222
912
27188
19760
21311
7734
7730
23292
4299
15204
14449
384
23706
1378
24000
18486
18566
14937
14558
12739
7012
16145
26275
2697
774
11369
6292
19177
23525
6712
26901
10866
18815
8526
14823
23569
1917
16509
12300
27341
17915
24708
3423
3882
4103
26188
21793
26424
6645
22967
18384
14259
24160
19680
17022
5614
9850
1013
3345
18322
15612
11047
23410
8177
3320
13484
26979
3788
17950
10851
5836
14369
4165
17706
15082
10315
18851
22893
486
14841
3414
21389
1764
13272
21962
26980
23162
25183
27342
23839
843
1999
17536
22370
25289
15474
17602
16186
23947
15398
26239
1431
3812
16232
3221
13742
9051
7539
11947
2800
23869
15056
154
24048
20450
5869
12476
18392
12803
16729
22479
20194
580
5355
26921
19957
4549
13430
13665
6696
4472
23798
25694
24532
7780
25298
21367
14160
23833
6647
21825
20789
363
26522
15394
27253
10937
13913
2307
24775
7190
12221
25896
5613
25385
1896
2195
17908
25945
14295
15128
23355
19667
24978
3299
21024
7810
26326
21297
13371
5241
5905
2859
25914
15797
7433
21743
25643
26772
8931
18895
5599
7124
7685
2603
21709
8877
3852
4675
16223
7766
12446
18608
11455
13124
11420
21265
11194
7626
23043
18075
20729
20502
8123
14054
4851
7987
18992
5332
19059
22690
23034
17243
22378
27012
24022
25494
26720
4764
11869
18189
10332
9188
14542
6053
8777
21274
6924
26557
9785
8077
6313
9590
26105
11144
26752
5985
19703
21089
12685
5435
4783
15518
21870
22158
571
1172
23891
7123
11049
17469
24033
1048
23203
22435
21014
25337
6861
16104
20971
9952
16338
26689
24276
9312
8459
12255
5525
7922
20739
20897
21976
24218
13723
23779
12901
15265
12979
2550
12402
21080
5833
9464
397
2085
20211
21678
11683
26802
23319
2465
381
22251
7145
10812
21727
24890
13109
404
18188
17497
11209
9640
16802
4002
3478
21700
25219
22569
21500
26224
27414
15777
16829
3051
14959
5633
4981
15418
26672
20375
14178
9229
26995
27300
9438
13296
20762
12203
6510
21956
3807
1687
24509
13340
7070
1134
20552
21301
13963
20178
11923
26374
10322
1968
8574
25725
16739
16651
10524
992
2721
22382
3854
19437
731
9761
8394
8369
13887
19102
17811
12480
7288
11465
26269
5928
24427
14970
9055
14078
17640
15526
1071
20046
13065
26023
19806
481
18457
18232
23767
13704
8972
5185
24574
19638
16236
26785
13764
25016
16067
20889
10971
11887
10725
27464
23673
21683
21200
1063
687
19127
15354
25102
2866
10934
18828
21513
23127
6392
13845
23037
23696
25726
17298
22017
2393
24646
24642
23480
5127
8000
18049
7075
24773
26681
17257
20101
7419
17972
13818
6982
17545
8509
17801
11352
8196
21850
16692
3293
16030
24986
22106
19427
18411
18796
736
22147
17764
16924
6315
18756
3281
7532
3835
944
12815
9169
9123
27265
13552
12690
2962
1945
2094
21885
16170
25686
18948
15137
18195
13758
4562
12766
11251
8862
16539
8420
17158
22718
14601
20616
17704
14877
26822
1690
10521
23900
6840
25815
7903
23629
10161
1846
25596
16575
2235
2206
11426
10402
22926
9567
10175
21639
22012
17981
20204
18443
12036
16959
1726
26553
27375
20471
13056
11705
11914
13637
590
27450
5136
20841
19483
11882
9661
6733
3634
8305
9149
27291
14303
12776
13067
5841
15212
7137
8807
14582
25356
12500
7211
27479
24298
1820
13451
15854
1016
24526
16884
6452
16406
18690
10512
4025
11615
17134
2542
7636
11297
5702
8629
464
21742
19106
10081
2532
10349
23532
19901
21777
14412
16627
27083
20832
8378
24813
20443
25851
3598
19269
19373
5363
24238
9411
7062
6737
22357
13365
24677
9817
541
7109
13982
17016
9883
26697
15428
279
5059
16058
27330
16917
1133
12422
6649
7728
20639
2516
8082
10648
18548
26548
10209
26504
5128
3940
18556
1827
889
2978
3931
5762
19623
21397
8838
18329
7187
14801
18380
12745
18095
24074
4471
19975
12120
14157
6875
9281
9258
18972
3231
5995
80
11541
16379
14621
13154
14268
15767
18202
11129
14733
21370
10654
24095
16315
2852
4529
1275
26152
3487
416
19089
16259
22183
19771
11890
24752
16677
10772
8179
15554
12550
6975
5849
26777
2030
15796
8545
25985
23195
4494
9233
9912
9988
24113
866
16076
21004
5070
25249
11127
17662
25241
8105
22123
691
9794
27026
20505
16525
1003
14851
8655
19721
1526
26628
23467
6564
6065
12027
24702
23901
8290
14890
16698
454
7078
25040
4537
13418
10059
10495
20330
11755
26862
2176
5812
18088
20284
11809
25058
5782
19878
14669
3778
14417
17644
17338
3875
7657
4022
5922
24552
12199
5108
24346
19461
27108
9496
19283
11940
7210
7451
3187
23486
22533
23635
3997
20701
17313
8470
18503
3772
3121
19126
26956
4880
1019
6882
15762
637
25080
22908
24104
21883
26307
6380
11747
9037
6080
3864
22297
20001
16600
35
11858
3224
20424
27205
24173
22780
17346
8911
25067
25939
10426
4824
23980
1663
14739
21132
24040
2231
27057
3312
14949
25347
4907
25327
1463
19919
3114
3756
23823
6142
17198
26391
25143
20273
187
6468
27420
22613
21939
26794
13713
16704
2132
7222
166
26043
18177
8237
21202
18740
22711
2587
24473
23812
3067
19785
628
9237
13768
9574
11180
15593
4994
6612
18922
13529
1795
2487
14133
6788
15217
4915
369
958
21819
1438
4774
15673
23716
13616
26130
17110
16178
8205
6199
12168
19129
6675
6342
15363
8698
22997
703
12673
8686
24789
27547
940
9021
16294
7084
20099
18265
4748
11398
17003
25236
23741
1486
15695
9779
6992
19312
10893
22624
14543
24658
23936
20949
16796
15730
20584
18127
19552
6471
23564
19145
11777
3406
25624
5176
16756
22395
26115
9773
23905
25711
18917
13090
9283
2869
6608
27105
16303
22015
3300
5303
17115
2880
7706
20768
21077
4404
1397
9498
6688
7985
16479
8121
4839
21247
2706
511
24964
9190
11507
15435
9440
14084
24406
1926
14404
13716
23126
1635
26051
5958
25521
6626
17760
10
10951
355
9744
24796
9856
6442
2740
9762
23937
21446
5885
22831
10200
14873
18726
10449
3993
400
26696
25500
20649
23435
15323
27514
16798
10842
3637
6735
26619
10578
9997
13825
17966
16990
3647
10547
18529
22171
1270
10029
15033
24255
4954
25193
9155
1815
11724
6533
26808
7312
25316
8130
8485
12113
26930
16394
18979
12266
11020
5379
15159
16961
11667
20270
232
12622
3044
16623
1511
11235
19433
11450
20906
10650
21898
12958
216
11274
4888
21576
26350
21322
18604
6305
1648
19207
20863
25094
16634
2066
19345
27281
6123
9495
22437
24370
14989
20007
1735
737
10084
8194
19023
18036
2819
12568
14982
8691
26413
15798
16039
19873
22919
21736
16821
2452
14678
26034
15637
9974
24228
21531
12461
13932
7438
18648
21251
21139
11154
5825
5619
1577
6631
6076
8346
1508
7381
16811
27467
2242
24806
6851
21497
14189
21880
9734
835
19200
5354
9609
24203
8207
885
13006
14941
18938
11165
15269
11737
3088
11245
1774
25265
12897
26005
2186
10409
6002
2674
12530
21313
15479
18155
16096
23745
5164
19951
2025
11859
10185
27506
10481
25805
7476
26341
20623
6526
12751
3303
21599
22812
23519
21801
18890
20957
17705
25661
2761
13711
17956
21498
15789
10435
5022
6844
22620
11982
18112
22546
10314
10419
15114
15982
8146
19825
18822
17554
19330
22730
18140
18535
16197
10663
6022
19298
5466
26061
12908
16110
6117
13989
22054
1339
18811
859
26249
12523
18170
1790
13450
26125
16673
25763
25946
4274
10100
22225
19768
12067
15744
4515
20490
19498
8639
5718
24083
18671
16420
22676
9985
6946
20018
21835
4192
11159
23329
13201
24522
11519
10642
24056
5056
17505
3560
5502
9935
22174
13561
26336
2946
12211
4989
6233
15602
6738
9666
1049
17104
9543
27511
13620
4458
25107
16659
21621
7088
24243
11517
19155
26085
10876
26919
11123
6558
11064
15902
13420
12852
5515
25359
9196
10919
4912
2294
8753
24821
7718
17442
14354
813
11252
18793
7850
5618
15701
23626
6664
15186
14642
16204
23311
11865
21278
1902
851
2570
370
13725
21904
6753
16939
1054
13720
13
6519
19965
21212
6680
4941
1295
7460
22580
3026
1413
12880
13498
9953
12274
24679
11196
13218
7900
13134
9975
17247
7416
16565
7119
7851
11266
11639
3273
26178
9559
15921
15301
1400
14475
21550
6762
4789
19001
1569
4597
7753
14230
11079
21160
7845
22806
605
8072
12228
19656
18408
6216
7509
18789
9843
10275
6462
2075
9097
12370
3250
24716
16434
6155
6227
16559
25551
24725
25339
25513
2046
2664
3448
9107
5317
3975
4587
5606
16134
3177
10112
23970
2380
20043
22949
10021
15621
21584
23724
22148
20538
7551
1327
6754
15176
3046
5290
13722
26836
24021
3322
9187
7258
25089
19565
19323
16211
25364
25534
6620
16946
3208
22403
5078
22955
6614
21229
6766
23762
11162
17924
1537
1881
13153
23122
3503
12606
25052
14345
4853
8900
16343
7689
26569
6270
17234
13688
24372
15625
25558
5713
11208
26302
3829
25223
3509
22120
13398
341
22849
17220
15138
4075
19199
15018
24484
23397
21892
20002
3618
4682
15739
2057
8187
9709
24451
17714
11478
2051
786
5346
22606
4466
17389
3532
1005
27047
5936
2834
13538
14118
19229
15009
7397
1988
9350
5560
7897
23489
4262
2770
25202
12078
24185
17887
17846
17777
18539
27119
15497
1921
25937
16122
26405
27478
2626
17792
24200
27121
90
24939
16902
11412
12261
26261
14751
21338
25283
22861
22664
8164
4110
18749
17371
2386
1359
9490
22487
15588
4051
10333
13494
17657
592
14740
3159
7575
19586
15250
15720
1163
1956
10861
7340
18750
14775
16422
25653
21767
24562
27416
23269
15449
24853
10789
19211
9339
8153
2954
10218
22280
18425
20583
3378
21715
6588
9005
11488
11379
9854
8133
16637
22586
10368
1208
22220
5272
2879
14169
19114
9656
8341
18878
10615
12362
18393
2020
14834
7566
23152
6070
1
4202
25858
1365
11576
26538
11673
10746
12874
18354
13062
4417
9131
11953
6393
18866
27059
12330
20361
26542
16742
22650
17275
12963
23048
5012
26669
24001
18313
3673
25728
18271
11597
18012
1386
819
23401
22367
9922
9167
16457
16861
24810
3078
22001
11930
22283
6970
1946
4664
23797
9115
19139
23684
13356
15314
26595
26940
17989
12988
15048
24459
17564
500
14115
23513
24763
20356
18618
23807
8889
14856
9719
5193
11103
13225
12994
25368
7666
21419
12152
21064
25742
9811
6896
8437
15000
26811
12265
16583
22601
15280
18777
4392
12082
9902
982
7332
13593
24379
7565
25601
5463
18731
16438
1588
14057
21868
15460
24607
10793
16642
3347
20706
22757
17402
2158
15682
213
26401
744
3006
24495
23403
6812
10598
13319
15816
22132
1883
22749
2416
22008
11173
6012
15961
10459
13383
13587
15907
26385
27160
5646
12043
26740
20975
3340
11150
22736
23082
19847
11549
25872
9943
7930
14336
11883
25970
15126
9449
17181
9512
8996
2722
13007
21729
3894
20693
8773
15069
19168
16779
12044
711
15472
26849
3432
17010
10147
12007
15336
768
18985
2752
4260
163
10987
20513
529
6043
14472
8760
16789
26762
21924
18611
1101
6677
14151
949
15424
16728
24571
22272
23145
3712
18316
4502
24114
20337
24310
19360
10853
7554
1443
24914
18434
4047
3577
24468
23777
5471
7238
4410
21609
547
4340
16270
8967
21433
5438
16217
14006
4313
3469
8616
1118
7895
5637
7302
10964
19576
14679
668
13751
17383
20560
13564
11651
4402
14437
26101
17864
2421
26926
17211
3974
22077
22418
11313
18367
19937
18342
8833
26070
24792
17399
7390
12106
12063
23345
11660
6320
20185
16938
2214
9869
9482
24195
3729
7263
22259
17721
9087
1978
7771
24335
27152
458
21720
12093
7794
8722
19151
7748
16867
19695
4734
19765
20909
17852
24847
6644
11132
122
17229
15080
17265
24553
25479
12185
6996
8576
5746
19524
17151
17672
26900
26198
9562
27106
10206
6371
16701
9828
12720
7527
23137
20370
21541
3868
14793
3104
22520
4123
3077
15515
22064
7991
18709
25747
22517
7667
17794
8882
2350
20632
24127
2334
22645
26611
965
21194
22422
18686
5304
9289
18402
15663
12844
27167
11838
10052
14278
23697
23302
18961
14699
11612
517
8401
2792
12319
20962
21252
2444
20347
10153
5386
19909
18270
22592
16320
16416
26760
16898
11328
22632
6245
27406
23063
25623
6780
5977
11828
10020
25
26219
20928
11137
449
26091
21329
3559
4255
26950
17655
11380
6828
19454
21037
7786
4514
8276
306
8718
23053
2225
4464
24144
18002
25415
10550
2337
21343
18692
26759
23563
9928
6723
27438
13326
16495
5589
14574
17380
9126
15963
26890
20038
3965
6928
1595
8947
2646
16403
427
20217
20497
15679
7639
24972
14105
3567
23514
6064
8685
22917
22577
11240
25608
3390
27234
8221
22802
11440
16155
4931
14842
1503
19822
27182
23478
9376
7134
26664
22312
4484
24137
12806
18954
1453
16687
8564
6707
6589
13304
9045
15195
5951
23752
3245
25307
22127
10001
7051
4786
16949
22674
8262
22469
7054
22523
13236
20662
14185
1182
4607
18022
13408
3217
6663
13905
13243
12412
16765
6902
10963
2194
15471
7949
6086
19971
22909
1060
22975
14093
22987
1477
9029
6965
2249
21347
27136
26513
3349
19337
10072
27193
1100
13783
6369
7779
4388
20059
26641
10583
19531
9913
16593
4295
5086
13523
11773
6637
296
20084
25399
7370
16932
21082
1143
7631
240
6481
6327
19604
4572
4775
3452
21746
8775
19478
23372
15829
23073
22023
20136
24787
20981
12631
5892
16334
6102
1806
211
17167
26454
8267
24025
19999
6646
17562
15641
16606
792
3916
17412
4409
20991
13110
9298
22114
9876
11604
3622
13634
19992
4063
6721
564
11851
7763
5401
3475
4626
14494
22390
12819
23106
3263
1430
1324
22764
16852
16447
25573
10522
19404
10300
19471
3984
387
26963
9428
13531
1350
214
26653
15898
25287
23452
7048
695
21043
10342
8854
25545
4291
15972
14137
25431
725
21056
5871
25338
10196
22790
13230
22495
1557
11992
1410
16277
20642
18209
22124
271
24651
6578
359
20749
2593
4500
26317
15408
15228
25824
14547
7497
23443
434
19029
18490
18084
8029
18590
26436
5469
10344
21895
7867
15989
14065
9538
10378
10781
17466
15308
15342
11471
19319
2579
8712
24870
9389
2686
19841
22265
13894
25111
21810
24378
160
24093
3649
16439
26488
926
15352
23795
6686
19118
3287
25342
2667
1232
17435
1874
19646
2497
8990
24497
22340
11389
20961
20580
2692
14455
11684
24213
25460
8940
5208
10047
24985
20622
11572
23799
1212
4088
20835
26958
14744
2312
10916
21920
7781
9589
1758
10694
16538
3926
19238
4242
46
20697
353
7450
1543
23522
13033
17883
15375
3112
14334
22963
24900
10976
22213
10595
7968
15708
972
3257
7252
3165
17693
17482
4716
4356
7998
27128
23537
4150
719
24278
19099
6938
4978
2374
17514
10773
12579
7881
25676
14553
15077
3528
26528
20074
14430
19112
27261
26991
15240
19940
4871
1559
23550
13476
26052
18927
21142
20023
19574
22508
12926
25781
12790
9654
19077
14484
20068
17900
9837
4873
9007
19032
25434
22447
20756
16516
3035
2388
22647
11511
16896
17489
9704
21351
14581
337
4799
26870
23281
22638
26015
13026
16162
12183
19792
8344
22176
25677
18064
5728
18656
16550
6378
13857
20826
2275
22414
19172
13129
3737
5982
23182
17893
4558
14364
2815
10090
10171
16265
25270
20433
17700
17
13289
18153
14768
11693
19227
11056
16250
17268
27495
18875
6477
22554
1706
23093
20814
16944
14629
13309
22519
613
11358
24932
4654
6390
26399
23256
17132
1837
18941
22328
9650
9798
19031
8180
1781
13381
9518
19230
17292
3762
10009
15538
9859
2318
18102
25171
19094
13108
17328
17576
17200
23004
23647
780
19863
17285
10204
9359
18519
11557
10593
24293
11644
22974
10903
1099
12479
21664
3310
5063
13436
18133
12793
20611
14814
6206
21675
1127
15888
27225
21017
17656
11843
14074
12456
3248
1512
20322
10643
7490
24433
12914
7577
5448
22037
18846
5311
14636
6698
2527
802
3265
14657
7356
9052
26909
11259
18363
14446
16747
3680
241
24365
12309
3662
238
18122
11237
19293
5339
24876
23192
14659
2265
7442
20132
22792
9961
21266
12331
26026
5944
9682
8989
26092
13681
11952
14761
14984
24837
8624
5374
21121
25927
18781
12019
13187
12270
16288
4134
5112
19581
2833
18352
442
13046
9581
12470
11514
2590
7292
14312
25963
4430
18521
25273
21858
7485
19159
5492
11294
8706
23677
2256
9177
917
9806
18872
5033
20545
15542
22490
26941
1022
20671
9675
20781
6764
20881
23552
12303
781
6905
24828
15551
1469
19538
17568
25329
19594
7452
15635
21075
26969
3385
12653
6192
21864
19627
16654
6775
4380
9327
9694
16184
18880
20124
10668
23570
23247
16582
3570
18641
8665
12173
14010
10210
4644
6544
10736
27242
10836
9247
5975
16384
8215
18453
12538
13938
26145
18302
5635
6796
97
116
22841
10232
27097
14145
5781
4620
13603
21051
21153
22772
3240
15939
15953
11383
14626
22573
17204
9299
6662
12663
6432
9207
26458
19284
17337
23691
2922
21560
23349
13572
14594
10245
8460
5459
14603
9882
8891
69
2970
19305
1811
13687
26366
25591
7546
23788
19385
4561
22301
17084
24262
24902
15846
15332
17477
16950
12047
5162
23026
4574
19389
19689
17174
20380
17069
9619
19639
22235
20152
15296
15376
20899
4580
23340
9338
6786
18615
26858
4229
3370
20114
26164
4086
16193
25125
14031
1032
3685
2285
10580
7126
10994
23899
19887
27476
16532
14784
4070
14522
14251
17053
5216
8501
3615
16847
19673
9341
22432
2166
10035
7347
13608
7803
461
1870
5319
19368
15096
17819
10277
20788
20294
10083
8362
17521
9271
22656
8957
6279
18502
16086
13802
13629
7218
25459
27235
2139
26078
3900
12320
17286
8494
16158
11788
2173
21911
13302
7939
1863
17307
10138
8198
11030
3009
19180
2119
3657
13133
13125
18485
17452
4220
1995
6552
21303
12189
12756
15333
3431
8315
14130
8310
131
24777
25243
21943
8797
9150
8327
20010
5323
21629
5004
20252
12709
3020
23009
25008
4885
14858
8871
11719
20541
19797
17815
20104
19141
21196
26841
20722
1468
23135
3973
15753
22304
18913
20592
588
11183
11632
23156
13807
5769
2419
6446
27491
3962
5418
2324
25832
16221
18168
7742
8248
3019
9727
11229
24019
9855
14216
2633
25679
13762
24742
24613
7816
23097
10442
7948
8739
12350
9081
21644
25256
13194
4692
2102
13581
24319
25581
10762
14615
5550
25049
16128
4249
5688
6396
9841
19411
21463
19735
12682
6147
22242
2431
23849
7489
1907
15856
27558
15858
14225
5843
24590
3888
16305
24678
11016
20942
12506
2744
26591
4698
22199
7152
15757
21038
6779
24668
9401
9399
22701
20133
23391
22950
3821
4235
22322
18964
5482
16622
602
10822
20453
14465
7440
22457
19420
6174
17510
18
25421
13957
25947
21424
4833
22099
15990
5737
20877
2474
5859
5551
6146
20386
7284
11431
23910
21209
9633
22543
3363
25167
21780
2911
25996
12053
11004
24380
7086
26582
14670
5221
3597
23656
14342
17070
6434
6914
22942
12872
10571
13976
24210
13850
25953
12069
6027
16505
12147
25668
2843
24807
7549
8852
7499
8924
11640
2364
6360
5299
41
810
22449
4173
12848
25772
3693
14308
22246
15136
15241
23310
14807
23468
22682
25068
532
16720
3702
24624
20601
168
21224
15761
16834
20034
9753
22905
15504
9756
12015
19636
3500
8598
12011
19732
1731
22857
12545
6414
25135
16713
6184
5751
12586
18805
6598
1039
26056
11682
4831
10883
25073
22665
2691
23753
17161
6316
26632
17573
7599
17583
12702
25622
23416
2683
4669
5656
12388
17045
9222
1574
27309
27032
4706
18462
20321
8009
19832
16799
7277
5426
10603
15092
24396
26233
24537
11014
5027
2526
14951
1006
23
9674
2913
5410
5446
5255
4250
21412
15942
13357
6352
24304
26157
10984
16044
24388
13784
88
10023
3670
3155
24357
22397
5579
18213
24983
17728
5973
3012
8492
21164
21220
3877
19259
10396
23981
5813
6310
3150
13120
7410
17847
10387
1697
9068
6915
11835
26361
20770
17987
14714
9981
3611
816
6332
17785
11532
8246
12860
17868
13874
8142
23913
325
4140
2400
24524
1262
7279
12975
5797
12457
1070
15838
16381
9266
16674
24351
15155
17838
20850
14709
21969
18588
26578
8787
351
21000
18334
19085
1581
11086
9554
5756
19190
18993
11598
14704
4214
26700
26654
2293
23732
19
21807
26409
21315
15979
23425
15916
19814
3499
25795
22766
15041
25597
6218
14532
23214
6421
14919
4588
11733
20901
22867
27247
19611
24512
10504
21845
20423
22041
10591
21625
4205
5965
5790
24884
3910
4085
24817
10255
5806